2 0.024566 0.085526 0.049133 0.134211
3 0.024566 0.264474 0.049133 0.134211
32 0.064066 0.719737 0.128131 0.071053
19 0.147881 0.078947 0.039499 0.084211
33 0.145954 0.213158 0.035645 0.100000
11 0.152697 0.367105 0.049133 0.134211
30 0.148362 0.689474 0.040462 0.110526
8 0.201830 0.264474 0.049133 0.134211
15 0.199422 0.517105 0.044316 0.097368
5 0.201830 0.651316 0.049133 0.134211
16 0.243256 0.302632 0.033719 0.084211
22 0.243256 0.593421 0.033719 0.081579
34 0.242293 0.722368 0.031792 0.097368
9 0.300096 0.082895 0.049133 0.134211
7 0.300096 0.240789 0.049133 0.134211
31 0.306840 0.451316 0.062620 0.071053
1 0.300096 0.580263 0.049133 0.134211
13 0.300096 0.730263 0.049133 0.134211
21 0.508189 0.081579 0.031792 0.084211
20 0.512524 0.198684 0.040462 0.097368
26 0.509634 0.348684 0.034682 0.102632
18 0.512042 0.492105 0.039499 0.100000
0 0.565992 0.098684 0.049133 0.134211
23 0.559730 0.232895 0.036609 0.092105
14 0.565992 0.359211 0.049133 0.134211
4 0.565992 0.519737 0.049133 0.134211
25 0.637765 0.676316 0.192678 0.078947
12 0.565992 0.811842 0.049133 0.134211
17 0.754817 0.084211 0.041426 0.094737
35 0.752408 0.218421 0.036609 0.084211
6 0.758671 0.435526 0.049133 0.134211
27 0.749518 0.571053 0.030829 0.084211
24 0.749518 0.690789 0.030829 0.086842
10 0.975434 0.419737 0.049133 0.134211
29 0.968208 0.584211 0.034682 0.105263
28 0.967726 0.721053 0.033719 0.094737