8 0.026730 0.243056 0.053459 0.141667
23 0.019916 0.415278 0.039832 0.097222
1 0.026730 0.576389 0.053459 0.141667
26 0.018868 0.726389 0.037736 0.108333
11 0.026730 0.906944 0.053459 0.141667
34 0.070755 0.084722 0.034591 0.102778
20 0.075472 0.215278 0.044025 0.102778
18 0.074948 0.344444 0.042977 0.105556
22 0.304507 0.084722 0.036688 0.086111
6 0.312893 0.223611 0.053459 0.141667
2 0.312893 0.495833 0.053459 0.141667
13 0.312893 0.673611 0.053459 0.141667
28 0.304507 0.827778 0.036688 0.100000
9 0.366352 0.270833 0.053459 0.141667
35 0.359539 0.616667 0.039832 0.088889
32 0.409329 0.743056 0.139413 0.075000
19 0.500524 0.069444 0.042977 0.088889
30 0.501048 0.186111 0.044025 0.116667
17 0.501572 0.319444 0.045073 0.100000
16 0.497379 0.430556 0.036688 0.088889
14 0.505765 0.768056 0.053459 0.141667
31 0.566562 0.418056 0.068134 0.075000
0 0.559224 0.551389 0.053459 0.141667
25 0.637317 0.900000 0.209644 0.083333
15 0.766247 0.081944 0.048218 0.102778
33 0.761530 0.216667 0.038784 0.105556
12 0.768868 0.554167 0.053459 0.141667
10 0.768868 0.726389 0.053459 0.141667
29 0.814465 0.077778 0.037736 0.111111
3 0.822327 0.231944 0.053459 0.141667
21 0.812893 0.550000 0.034591 0.088889
24 0.812369 0.668056 0.033543 0.091667
5 0.875786 0.095833 0.053459 0.141667
4 0.875786 0.590278 0.053459 0.141667
27 0.865828 0.744444 0.033543 0.088889
7 0.875786 0.901389 0.053459 0.141667