10 0.019377 0.105491 0.038754 0.147399
1 0.019377 0.270231 0.038754 0.147399
21 0.012538 0.528902 0.025076 0.092486
27 0.012158 0.800578 0.024316 0.092486
20 0.186930 0.250000 0.031915 0.106936
32 0.221505 0.565029 0.101064 0.078035
12 0.190350 0.706647 0.038754 0.147399
0 0.190350 0.874277 0.038754 0.147399
16 0.285334 0.080925 0.026596 0.092486
4 0.291413 0.406069 0.038754 0.147399
17 0.288374 0.554913 0.032675 0.104046
18 0.287614 0.820809 0.031155 0.109827
19 0.458587 0.060694 0.031155 0.092486
15 0.460486 0.209538 0.034954 0.106936
5 0.462386 0.380058 0.038754 0.147399
11 0.462386 0.570809 0.038754 0.147399
25 0.518997 0.739884 0.151976 0.086705
2 0.614362 0.117052 0.038754 0.147399
28 0.608283 0.263006 0.026596 0.104046
24 0.607143 0.382948 0.024316 0.095376
13 0.614362 0.527457 0.038754 0.147399
26 0.608663 0.674855 0.027356 0.112717
34 0.646277 0.079480 0.025076 0.106936
14 0.653116 0.391618 0.038754 0.147399
23 0.648176 0.562139 0.028875 0.101156
30 0.649696 0.722543 0.031915 0.121387
8 0.821809 0.117052 0.038754 0.147399
31 0.827128 0.429191 0.049392 0.078035
6 0.821809 0.570809 0.038754 0.147399
29 0.816109 0.748555 0.027356 0.115607
7 0.871201 0.212428 0.038754 0.147399
35 0.866261 0.375723 0.028875 0.092486
9 0.980623 0.293353 0.038754 0.147399
3 0.980623 0.489884 0.038754 0.147399
22 0.974544 0.637283 0.026596 0.089595
33 0.975304 0.774566 0.028116 0.109827