0 0.021964 0.307584 0.043928 0.143258
9 0.021964 0.580056 0.043928 0.143258
23 0.016365 0.745787 0.032730 0.098315
12 0.021964 0.891854 0.043928 0.143258
31 0.219208 0.161517 0.055986 0.075843
15 0.211025 0.273876 0.039621 0.103933
11 0.213178 0.608146 0.043928 0.143258
1 0.213178 0.782303 0.043928 0.143258
4 0.269165 0.102528 0.043928 0.143258
27 0.260982 0.241573 0.027562 0.089888
13 0.269165 0.372191 0.043928 0.143258
34 0.261413 0.523876 0.028424 0.103933
3 0.269165 0.703652 0.043928 0.143258
32 0.348407 0.077247 0.114556 0.075843
24 0.304910 0.178371 0.027562 0.092697
6 0.313092 0.338483 0.043928 0.143258
22 0.306202 0.661517 0.030146 0.087079
26 0.306632 0.813202 0.031008 0.109551
25 0.491817 0.073034 0.172265 0.084270
28 0.420758 0.199438 0.030146 0.101124
30 0.423773 0.331461 0.036176 0.117978
33 0.421619 0.471910 0.031869 0.106742
21 0.611111 0.359551 0.028424 0.089888
16 0.736003 0.199438 0.030146 0.089888
2 0.742894 0.332865 0.043928 0.143258
14 0.742894 0.698034 0.043928 0.143258
35 0.928510 0.078652 0.032730 0.089888
29 0.927649 0.205056 0.031008 0.112360
17 0.930663 0.334270 0.037037 0.101124
8 0.934109 0.501404 0.043928 0.143258
5 0.934109 0.858146 0.043928 0.143258
10 0.978036 0.094101 0.043928 0.143258
19 0.973730 0.382022 0.035314 0.089888
18 0.973730 0.533708 0.035314 0.106742
20 0.974160 0.689607 0.036176 0.103933
7 0.978036 0.852528 0.043928 0.143258