3 0.019691 0.095833 0.039382 0.141667
18 0.015830 0.244444 0.031660 0.105556
34 0.012741 0.490278 0.025483 0.102778
2 0.019691 0.634722 0.039382 0.141667
24 0.183784 0.059722 0.024710 0.091667
4 0.191120 0.359722 0.039382 0.141667
16 0.184942 0.519444 0.027027 0.088889
26 0.185328 0.787500 0.027799 0.108333
13 0.230502 0.098611 0.039382 0.141667
11 0.230502 0.259722 0.039382 0.141667
27 0.223166 0.427778 0.024710 0.088889
0 0.230502 0.570833 0.039382 0.141667
35 0.225483 0.733333 0.029344 0.088889
22 0.224324 0.862500 0.027027 0.086111
33 0.264479 0.088889 0.028571 0.105556
32 0.301544 0.204167 0.102703 0.075000
8 0.269884 0.340278 0.039382 0.141667
15 0.267954 0.495833 0.035521 0.102778
19 0.437452 0.072222 0.031660 0.088889
10 0.441313 0.220833 0.039382 0.141667
20 0.437838 0.359722 0.032432 0.102778
17 0.438224 0.513889 0.033205 0.100000
7 0.441313 0.859722 0.039382 0.141667
23 0.475676 0.429167 0.029344 0.097222
28 0.474517 0.755556 0.027027 0.100000
12 0.480695 0.912500 0.039382 0.141667
9 0.520077 0.301389 0.039382 0.141667
1 0.520077 0.765278 0.039382 0.141667
14 0.693822 0.095833 0.039382 0.141667
31 0.699228 0.456944 0.050193 0.075000
6 0.693822 0.609722 0.039382 0.141667
25 0.922780 0.075000 0.154440 0.083333
30 0.861776 0.202778 0.032432 0.116667
5 0.865251 0.381944 0.039382 0.141667
29 0.859459 0.527778 0.027799 0.111111
21 0.858301 0.655556 0.025483 0.088889