32 0.046831 0.070605 0.093662 0.077810
25 0.070423 0.195965 0.140845 0.086455
28 0.012324 0.466859 0.024648 0.103746
6 0.017958 0.817003 0.035915 0.146974
16 0.153169 0.063401 0.024648 0.092219
4 0.158803 0.234870 0.035915 0.146974
8 0.158803 0.520173 0.035915 0.146974
9 0.158803 0.701729 0.035915 0.146974
12 0.158803 0.871758 0.035915 0.146974
14 0.260211 0.096542 0.035915 0.146974
17 0.257394 0.608069 0.030282 0.103746
30 0.413380 0.100865 0.029577 0.121037
29 0.411268 0.250720 0.025352 0.115274
21 0.410211 0.391931 0.023239 0.092219
1 0.416549 0.548991 0.035915 0.146974
18 0.413028 0.714697 0.028873 0.109510
33 0.411620 0.838617 0.026056 0.109510
11 0.452465 0.203170 0.035915 0.146974
0 0.452465 0.407781 0.035915 0.146974
27 0.445775 0.553314 0.022535 0.092219
3 0.452465 0.883285 0.035915 0.146974
2 0.553873 0.087896 0.035915 0.146974
23 0.549296 0.347262 0.026761 0.100865
26 0.548592 0.609510 0.025352 0.112392
22 0.548239 0.762248 0.024648 0.089337
13 0.712324 0.635447 0.035915 0.146974
20 0.810563 0.076369 0.029577 0.106628
19 0.810211 0.219020 0.028873 0.092219
7 0.813732 0.358790 0.035915 0.146974
5 0.813732 0.523055 0.035915 0.146974
31 0.977113 0.061960 0.045775 0.077810
34 0.965845 0.211816 0.023239 0.106628
35 0.967606 0.365994 0.026761 0.092219
24 0.965493 0.488473 0.022535 0.095101
10 0.972183 0.644092 0.035915 0.146974
15 0.970423 0.817003 0.032394 0.106628