28 0.017623 0.087432 0.035247 0.098361
25 0.100705 0.218579 0.201410 0.081967
2 0.025680 0.463115 0.051360 0.139344
21 0.016616 0.729508 0.033233 0.087432
23 0.245720 0.088798 0.038268 0.095628
30 0.247734 0.385246 0.042296 0.114754
29 0.244713 0.521858 0.036254 0.109290
15 0.249748 0.676230 0.046324 0.101093
24 0.294058 0.187158 0.032226 0.090164
5 0.303625 0.326503 0.051360 0.139344
22 0.295569 0.460383 0.035247 0.084699
3 0.303625 0.591530 0.051360 0.139344
0 0.448640 0.088798 0.051360 0.139344
35 0.442095 0.243169 0.038268 0.087432
19 0.443605 0.379781 0.041289 0.087432
20 0.444109 0.616120 0.042296 0.101093
10 0.672205 0.094262 0.051360 0.139344
17 0.668177 0.234973 0.043303 0.098361
11 0.672205 0.394809 0.051360 0.139344
18 0.667170 0.557377 0.041289 0.103825
4 0.672205 0.717213 0.051360 0.139344
27 0.713998 0.237705 0.032226 0.087432
9 0.723565 0.534153 0.051360 0.139344
26 0.716012 0.845628 0.036254 0.106557
6 0.774924 0.107923 0.051360 0.139344
16 0.766868 0.270492 0.035247 0.087432
14 0.774924 0.403005 0.051360 0.139344
31 0.781974 0.536885 0.065458 0.073770
1 0.774924 0.834699 0.051360 0.139344
34 0.831319 0.064208 0.033233 0.101093
7 0.840383 0.203552 0.051360 0.139344
13 0.840383 0.550546 0.051360 0.139344
33 0.833333 0.715847 0.037261 0.103825
8 0.840383 0.881148 0.051360 0.139344
32 0.933031 0.072404 0.133938 0.073770
12 0.891742 0.408470 0.051360 0.139344