27 0.011478 0.180412 0.022956 0.082474
16 0.012554 0.314433 0.025108 0.082474
4 0.018293 0.447165 0.036585 0.131443
0 0.018293 0.625000 0.036585 0.131443
1 0.054878 0.197165 0.036585 0.131443
34 0.048422 0.501289 0.023673 0.095361
30 0.051650 0.713918 0.030129 0.108247
6 0.214132 0.233247 0.036585 0.131443
35 0.209469 0.463918 0.027260 0.082474
32 0.243544 0.588918 0.095409 0.069588
11 0.317432 0.078608 0.036585 0.131443
23 0.312769 0.307990 0.027260 0.090206
21 0.310976 0.407216 0.023673 0.082474
33 0.312410 0.546392 0.026542 0.097938
17 0.314562 0.685567 0.030846 0.092784
5 0.478838 0.253866 0.036585 0.131443
9 0.478838 0.403351 0.036585 0.131443
19 0.475251 0.541237 0.029412 0.082474
20 0.475610 0.643041 0.030129 0.095361
14 0.478838 0.779639 0.036585 0.131443
7 0.515423 0.099227 0.036585 0.131443
3 0.515423 0.583763 0.036585 0.131443
29 0.671449 0.172680 0.025825 0.103093
10 0.676829 0.338918 0.036585 0.131443
31 0.681851 0.480670 0.046628 0.069588
28 0.671090 0.603093 0.025108 0.092784
26 0.832855 0.083763 0.025825 0.100515
2 0.838235 0.251289 0.036585 0.131443
25 0.891679 0.404639 0.143472 0.077320
8 0.838235 0.555412 0.036585 0.131443
12 0.838235 0.707474 0.036585 0.131443
22 0.975968 0.063144 0.025108 0.079897
13 0.981707 0.220361 0.036585 0.131443
15 0.979914 0.354381 0.032999 0.095361
24 0.974892 0.460052 0.022956 0.085052
18 0.978121 0.600515 0.029412 0.097938