23 0.019792 0.070694 0.039583 0.089974
3 0.026562 0.201799 0.053125 0.131105
15 0.023958 0.361183 0.047917 0.095116
20 0.021875 0.476864 0.043750 0.095116
34 0.017188 0.602828 0.034375 0.095116
25 0.104167 0.727506 0.208333 0.077121
22 0.226562 0.276350 0.036458 0.079692
33 0.227604 0.570694 0.038542 0.097686
10 0.234896 0.705656 0.053125 0.131105
24 0.456250 0.075835 0.033333 0.084833
27 0.456250 0.354756 0.033333 0.082262
35 0.459375 0.455013 0.039583 0.082262
26 0.511458 0.086118 0.037500 0.100257
19 0.514062 0.208226 0.042708 0.082262
11 0.519271 0.327763 0.053125 0.131105
0 0.519271 0.492288 0.053125 0.131105
28 0.564063 0.069409 0.036458 0.092545
16 0.564063 0.187661 0.036458 0.082262
21 0.563021 0.300771 0.034375 0.082262
18 0.567187 0.529563 0.042708 0.097686
17 0.568229 0.645244 0.044792 0.092545
1 0.617188 0.260925 0.053125 0.131105
13 0.617188 0.435733 0.053125 0.131105
32 0.659896 0.574550 0.138542 0.069409
2 0.617188 0.721080 0.053125 0.131105
4 0.755729 0.245501 0.053125 0.131105
31 0.763021 0.368895 0.067708 0.069409
9 0.755729 0.500000 0.053125 0.131105
6 0.755729 0.834190 0.053125 0.131105
5 0.823438 0.104113 0.053125 0.131105
29 0.815625 0.573265 0.037500 0.102828
14 0.823438 0.731362 0.053125 0.131105
8 0.823438 0.913882 0.053125 0.131105
12 0.876563 0.332905 0.053125 0.131105
7 0.876563 0.489717 0.053125 0.131105
30 0.871875 0.637532 0.043750 0.107969