14 0.036222 0.084450 0.072443 0.136729
32 0.094460 0.215818 0.188920 0.072386
30 0.029830 0.530831 0.059659 0.112601
2 0.036222 0.695710 0.072443 0.136729
35 0.026989 0.855228 0.053977 0.085791
6 0.225142 0.108579 0.072443 0.136729
23 0.215909 0.237265 0.053977 0.093834
11 0.225142 0.365952 0.072443 0.136729
5 0.225142 0.548257 0.072443 0.136729
12 0.225142 0.709115 0.072443 0.136729
34 0.212358 0.861930 0.046875 0.099196
4 0.297585 0.081769 0.072443 0.136729
8 0.297585 0.237265 0.072443 0.136729
1 0.297585 0.395442 0.072443 0.136729
33 0.287642 0.554960 0.052557 0.101877
10 0.297585 0.701072 0.072443 0.136729
25 0.475852 0.187668 0.284091 0.080429
3 0.370028 0.347185 0.072443 0.136729
28 0.358665 0.493298 0.049716 0.096515
0 0.654119 0.103217 0.072443 0.136729
7 0.654119 0.288204 0.072443 0.136729
17 0.648438 0.436997 0.061080 0.096515
15 0.650568 0.556300 0.065341 0.099196
18 0.647017 0.678284 0.058239 0.101877
9 0.654119 0.810992 0.072443 0.136729
20 0.720170 0.065684 0.059659 0.099196
29 0.715909 0.209115 0.051136 0.107239
16 0.787642 0.265416 0.049716 0.085791
22 0.787642 0.398123 0.049716 0.083110
13 0.799006 0.727882 0.072443 0.136729
26 0.788352 0.896783 0.051136 0.104558
21 0.858665 0.058981 0.046875 0.085791
24 0.930398 0.057641 0.045455 0.088472
19 0.936790 0.369973 0.058239 0.085791
27 0.930398 0.493298 0.045455 0.085791
31 0.953835 0.781501 0.092330 0.072386