26 0.017192 0.077465 0.034384 0.109859
32 0.063515 0.209859 0.127030 0.076056
9 0.024355 0.336620 0.048711 0.143662
12 0.024355 0.516901 0.048711 0.143662
27 0.015282 0.647887 0.030564 0.090141
22 0.143744 0.063380 0.033429 0.087324
1 0.151385 0.204225 0.048711 0.143662
7 0.151385 0.367606 0.048711 0.143662
23 0.145177 0.826761 0.036294 0.098592
3 0.200096 0.102817 0.048711 0.143662
19 0.195320 0.247887 0.039160 0.090141
16 0.192455 0.495775 0.033429 0.090141
21 0.191500 0.616901 0.031519 0.090141
4 0.200096 0.776056 0.048711 0.143662
8 0.248806 0.198592 0.048711 0.143662
11 0.248806 0.356338 0.048711 0.143662
13 0.248806 0.716901 0.048711 0.143662
34 0.377746 0.069014 0.031519 0.104225
10 0.386342 0.246479 0.048711 0.143662
29 0.379179 0.422535 0.034384 0.112676
17 0.382521 0.566197 0.041070 0.101408
25 0.457498 0.861972 0.191022 0.084507
0 0.577364 0.088732 0.048711 0.143662
18 0.572588 0.245070 0.039160 0.107042
24 0.568290 0.392958 0.030564 0.092958
28 0.569723 0.535211 0.033429 0.101408
14 0.577364 0.812676 0.048711 0.143662
15 0.623687 0.285915 0.043935 0.104225
31 0.632760 0.401408 0.062082 0.076056
35 0.619866 0.529577 0.036294 0.090141
33 0.831423 0.090141 0.035339 0.107042
6 0.838109 0.269014 0.048711 0.143662
20 0.833811 0.576056 0.040115 0.104225
2 0.838109 0.745070 0.048711 0.143662
5 0.886819 0.111268 0.048711 0.143662
30 0.882521 0.721127 0.040115 0.118310