8 0.022329 0.102011 0.044658 0.146552
28 0.015324 0.267241 0.030648 0.103448
34 0.014448 0.389368 0.028897 0.106322
1 0.022329 0.567529 0.044658 0.146552
4 0.022329 0.854885 0.044658 0.146552
32 0.184326 0.064655 0.116462 0.077586
6 0.148424 0.191092 0.044658 0.146552
9 0.148424 0.372126 0.044658 0.146552
12 0.148424 0.742816 0.044658 0.146552
15 0.262697 0.076149 0.040280 0.106322
17 0.261384 0.209770 0.037653 0.103448
31 0.271016 0.337644 0.056918 0.077586
26 0.258319 0.446839 0.031524 0.112069
27 0.256567 0.767241 0.028021 0.091954
10 0.321804 0.107759 0.044658 0.146552
11 0.321804 0.303161 0.044658 0.146552
35 0.360771 0.066092 0.033275 0.091954
13 0.366462 0.403736 0.044658 0.146552
24 0.552539 0.090517 0.028021 0.094828
25 0.626095 0.235632 0.175131 0.086207
16 0.553853 0.362069 0.030648 0.091954
22 0.553853 0.489943 0.030648 0.089080
21 0.552977 0.617816 0.028897 0.091954
0 0.560858 0.757184 0.044658 0.146552
30 0.732049 0.083333 0.036778 0.120690
7 0.735989 0.260057 0.044658 0.146552
14 0.735989 0.464080 0.044658 0.146552
19 0.731611 0.617816 0.035902 0.091954
18 0.731611 0.752874 0.035902 0.109195
29 0.729422 0.922414 0.031524 0.114943
2 0.780648 0.107759 0.044658 0.146552
23 0.774956 0.435345 0.033275 0.100575
20 0.776708 0.553161 0.036778 0.106322
33 0.819177 0.367816 0.032399 0.109195
3 0.825306 0.515805 0.044658 0.146552
5 0.825306 0.676724 0.044658 0.146552