21 0.018333 0.245283 0.036667 0.086253
12 0.028333 0.556604 0.056667 0.137466
5 0.028333 0.721024 0.056667 0.137466
26 0.076667 0.071429 0.040000 0.105121
9 0.085000 0.411051 0.056667 0.137466
2 0.085000 0.845013 0.056667 0.137466
18 0.326111 0.328841 0.045556 0.102426
28 0.322778 0.471698 0.038889 0.097035
0 0.331667 0.637466 0.056667 0.137466
17 0.327222 0.778976 0.047778 0.097035
25 0.471111 0.075472 0.222222 0.080863
1 0.388333 0.233154 0.056667 0.137466
19 0.382778 0.361186 0.045556 0.086253
8 0.638333 0.082210 0.056667 0.137466
6 0.638333 0.254717 0.056667 0.137466
35 0.631111 0.404313 0.042222 0.086253
33 0.630556 0.638814 0.041111 0.102426
29 0.630000 0.778976 0.040000 0.107817
23 0.687778 0.076819 0.042222 0.094340
22 0.686111 0.208895 0.038889 0.083558
32 0.740556 0.322102 0.147778 0.072776
16 0.686111 0.442049 0.038889 0.086253
15 0.692222 0.699461 0.051111 0.099730
24 0.832222 0.079515 0.035556 0.088949
11 0.842778 0.392183 0.056667 0.137466
13 0.842778 0.583558 0.056667 0.137466
31 0.850556 0.742588 0.072222 0.072776
34 0.832778 0.877358 0.036667 0.099730
14 0.915000 0.289757 0.056667 0.137466
20 0.910000 0.438005 0.046667 0.099730
10 0.915000 0.572776 0.056667 0.137466
27 0.904444 0.735849 0.035556 0.086253
30 0.966667 0.080863 0.046667 0.113208
7 0.971667 0.243935 0.056667 0.137466
3 0.971667 0.429919 0.056667 0.137466
4 0.971667 0.772237 0.056667 0.137466