27 0.014981 0.086957 0.029963 0.092754
5 0.023876 0.250725 0.047753 0.147826
16 0.016386 0.904348 0.032772 0.092754
7 0.071629 0.111594 0.047753 0.147826
19 0.066948 0.286957 0.038390 0.092754
30 0.067416 0.437681 0.039326 0.121739
22 0.064139 0.581159 0.032772 0.089855
6 0.071629 0.734783 0.047753 0.147826
0 0.119382 0.114493 0.047753 0.147826
11 0.119382 0.308696 0.047753 0.147826
24 0.110487 0.450725 0.029963 0.095652
21 0.110955 0.576812 0.030899 0.092754
8 0.119382 0.737681 0.047753 0.147826
15 0.164794 0.071014 0.043071 0.107246
26 0.160112 0.398551 0.033708 0.113043
35 0.161049 0.536232 0.035581 0.092754
34 0.158708 0.656522 0.030899 0.107246
29 0.160112 0.802899 0.033708 0.115942
32 0.253277 0.053623 0.124532 0.078261
13 0.214888 0.755072 0.047753 0.147826
23 0.333333 0.201449 0.035581 0.101449
3 0.339419 0.352174 0.047753 0.147826
33 0.332865 0.521739 0.034644 0.110145
25 0.409176 0.652174 0.187266 0.086957
14 0.339419 0.827536 0.047753 0.147826
4 0.547285 0.100000 0.047753 0.147826
1 0.547285 0.462319 0.047753 0.147826
31 0.553839 0.601449 0.060861 0.078261
12 0.547285 0.728986 0.047753 0.147826
28 0.539794 0.910145 0.032772 0.104348
10 0.608146 0.271014 0.047753 0.147826
2 0.608146 0.471014 0.047753 0.147826
17 0.604401 0.611594 0.040262 0.104348
20 0.811798 0.198551 0.039326 0.107246
18 0.811330 0.347826 0.038390 0.110145
9 0.816011 0.639130 0.047753 0.147826