35 0.021714 0.075581 0.043429 0.093023
11 0.029143 0.475291 0.058286 0.148256
13 0.029143 0.638081 0.058286 0.148256
16 0.020000 0.787791 0.040000 0.093023
0 0.282857 0.193314 0.058286 0.148256
3 0.282857 0.390988 0.058286 0.148256
17 0.278286 0.572674 0.049143 0.104651
27 0.330286 0.066860 0.036571 0.093023
5 0.341143 0.234012 0.058286 0.148256
23 0.333714 0.585756 0.043429 0.101744
10 0.341143 0.736919 0.058286 0.148256
25 0.426286 0.880814 0.228571 0.087209
8 0.569714 0.213663 0.058286 0.148256
19 0.564000 0.372093 0.046857 0.093023
14 0.569714 0.518895 0.058286 0.148256
2 0.569714 0.693314 0.058286 0.148256
29 0.561143 0.869186 0.041143 0.116279
7 0.628000 0.475291 0.058286 0.148256
32 0.674857 0.614826 0.152000 0.078488
26 0.771429 0.071221 0.041143 0.113372
1 0.780000 0.257267 0.058286 0.148256
9 0.780000 0.449128 0.058286 0.148256
15 0.777143 0.626453 0.052571 0.107558
20 0.774857 0.754360 0.048000 0.107558
31 0.788000 0.905523 0.074286 0.078488
18 0.848571 0.069767 0.046857 0.110465
34 0.844000 0.216570 0.037714 0.107558
21 0.844000 0.331395 0.037714 0.093023
24 0.843429 0.643895 0.036571 0.095930
33 0.904571 0.549419 0.042286 0.110465
12 0.912571 0.713663 0.058286 0.148256
6 0.912571 0.876453 0.058286 0.148256
4 0.970857 0.114826 0.058286 0.148256
22 0.961714 0.289244 0.040000 0.090116
30 0.965714 0.421512 0.048000 0.122093
28 0.961714 0.750000 0.040000 0.104651