30 0.019737 0.195187 0.039474 0.112299
3 0.023966 0.372995 0.047932 0.136364
9 0.023966 0.546791 0.047932 0.136364
12 0.023966 0.728610 0.047932 0.136364
26 0.016917 0.902406 0.033835 0.104278
13 0.159305 0.100267 0.047932 0.136364
34 0.150846 0.410428 0.031015 0.098930
32 0.197838 0.651070 0.125000 0.072193
27 0.275376 0.171123 0.030075 0.085561
4 0.284305 0.311497 0.047932 0.136364
35 0.278195 0.473262 0.035714 0.085561
0 0.284305 0.616310 0.047932 0.136364
10 0.495771 0.223262 0.047932 0.136364
6 0.495771 0.389037 0.047932 0.136364
29 0.488722 0.526738 0.033835 0.106952
21 0.487312 0.652406 0.031015 0.085561
19 0.539004 0.056150 0.038534 0.085561
14 0.543703 0.204545 0.047932 0.136364
25 0.613722 0.366310 0.187970 0.080214
7 0.543703 0.520053 0.047932 0.136364
28 0.724154 0.318182 0.032895 0.096257
5 0.731673 0.461230 0.047932 0.136364
20 0.727444 0.624332 0.039474 0.098930
31 0.873590 0.228610 0.061090 0.072193
1 0.867011 0.386364 0.047932 0.136364
24 0.858083 0.525401 0.030075 0.088235
2 0.867011 0.691176 0.047932 0.136364
15 0.864662 0.830214 0.043233 0.098930
16 0.920583 0.064171 0.032895 0.085561
33 0.921523 0.197861 0.034774 0.101604
17 0.924342 0.310160 0.040414 0.096257
18 0.923402 0.550802 0.038534 0.101604
11 0.928102 0.683155 0.047932 0.136364
8 0.976034 0.105615 0.047932 0.136364
22 0.968515 0.418449 0.032895 0.082888
23 0.969925 0.824866 0.035714 0.093583