4 0.026370 0.082432 0.052740 0.137838
28 0.018097 0.324324 0.036194 0.097297
2 0.026370 0.455405 0.052740 0.137838
9 0.026370 0.609459 0.052740 0.137838
31 0.033609 0.739189 0.067218 0.072973
23 0.086867 0.063514 0.039297 0.094595
35 0.086867 0.556757 0.039297 0.086486
8 0.093588 0.720270 0.052740 0.137838
3 0.093588 0.890541 0.052740 0.137838
27 0.136505 0.056757 0.033092 0.086486
29 0.138573 0.491892 0.037229 0.108108
19 0.193899 0.064865 0.042399 0.086486
14 0.199069 0.222973 0.052740 0.137838
17 0.194933 0.648649 0.044467 0.097297
5 0.428645 0.263514 0.052740 0.137838
26 0.420889 0.412162 0.037229 0.105405
15 0.426060 0.558108 0.047570 0.100000
34 0.419338 0.674324 0.034126 0.100000
33 0.421406 0.797297 0.038263 0.102703
12 0.481386 0.204054 0.052740 0.137838
16 0.473113 0.337838 0.036194 0.086486
24 0.471562 0.452703 0.033092 0.089189
6 0.481386 0.587838 0.052740 0.137838
0 0.534126 0.085135 0.052740 0.137838
21 0.524819 0.335135 0.034126 0.086486
20 0.529473 0.628378 0.043433 0.100000
30 0.762151 0.081081 0.043433 0.113514
11 0.766805 0.250000 0.052740 0.137838
18 0.761634 0.400000 0.042399 0.102703
10 0.766805 0.536486 0.052740 0.137838
22 0.758532 0.671622 0.036194 0.083784
25 0.896587 0.059459 0.206825 0.081081
32 0.861944 0.163514 0.137539 0.072973
1 0.819545 0.317568 0.052740 0.137838
13 0.819545 0.677027 0.052740 0.137838
7 0.819545 0.868919 0.052740 0.137838