7 0.022408 0.090314 0.044815 0.133508
25 0.087873 0.212042 0.175747 0.078534
24 0.014060 0.310209 0.028120 0.086387
32 0.058436 0.425393 0.116872 0.070681
4 0.022408 0.755236 0.044815 0.133508
23 0.192443 0.061518 0.033392 0.091623
20 0.194200 0.493455 0.036907 0.096859
13 0.198155 0.660995 0.044815 0.133508
2 0.198155 0.844241 0.044815 0.133508
8 0.242970 0.082461 0.044815 0.133508
29 0.236380 0.353403 0.031634 0.104712
9 0.242970 0.517016 0.044815 0.133508
34 0.430141 0.074607 0.028998 0.096859
35 0.432337 0.191099 0.033392 0.083770
33 0.431898 0.306283 0.032513 0.099476
18 0.433656 0.434555 0.036028 0.099476
3 0.482865 0.095550 0.044815 0.133508
16 0.475835 0.348168 0.030756 0.083770
22 0.475835 0.469895 0.030756 0.081152
6 0.482865 0.595550 0.044815 0.133508
28 0.670914 0.075916 0.030756 0.094241
10 0.677944 0.208115 0.044815 0.133508
12 0.677944 0.365183 0.044815 0.133508
26 0.716169 0.087696 0.031634 0.102094
14 0.722759 0.221204 0.044815 0.133508
5 0.722759 0.407068 0.044815 0.133508
30 0.718805 0.746073 0.036907 0.109948
11 0.920475 0.087696 0.044815 0.133508
27 0.912127 0.248691 0.028120 0.083770
21 0.912566 0.379581 0.028998 0.083770
17 0.916960 0.492147 0.037786 0.094241
31 0.926626 0.595550 0.057118 0.070681
19 0.916081 0.717277 0.036028 0.083770
15 0.975395 0.270942 0.040422 0.096859
1 0.977592 0.517016 0.044815 0.133508
0 0.977592 0.668848 0.044815 0.133508