27 0.013710 0.246114 0.027421 0.082902
29 0.015424 0.525907 0.030848 0.103627
24 0.013710 0.664508 0.027421 0.085492
34 0.057841 0.086788 0.028278 0.095855
35 0.059983 0.204663 0.032562 0.082902
31 0.071551 0.312176 0.055698 0.069948
17 0.062125 0.556995 0.036847 0.093264
14 0.121251 0.198187 0.043702 0.132124
28 0.114396 0.357513 0.029991 0.093264
25 0.185090 0.463731 0.171380 0.077720
30 0.117395 0.569948 0.035990 0.108808
16 0.114396 0.694301 0.029991 0.082902
11 0.314053 0.089378 0.043702 0.132124
18 0.309769 0.352332 0.035133 0.098446
21 0.306341 0.476684 0.028278 0.082902
10 0.314053 0.602332 0.043702 0.132124
5 0.506855 0.229275 0.043702 0.132124
4 0.506855 0.493523 0.043702 0.132124
7 0.506855 0.643782 0.043702 0.132124
1 0.697087 0.094560 0.043702 0.132124
26 0.690660 0.534974 0.030848 0.101036
6 0.697087 0.700777 0.043702 0.132124
12 0.697087 0.879534 0.043702 0.132124
33 0.814482 0.072539 0.031705 0.098446
3 0.820480 0.224093 0.043702 0.132124
2 0.820480 0.882124 0.043702 0.132124
22 0.857326 0.079016 0.029991 0.080311
15 0.862039 0.198187 0.039417 0.095855
13 0.864182 0.335492 0.043702 0.132124
32 0.899314 0.467617 0.113967 0.069948
0 0.864182 0.586788 0.043702 0.132124
9 0.864182 0.757772 0.043702 0.132124
23 0.972579 0.058290 0.032562 0.090674
19 0.973865 0.173575 0.035133 0.082902
20 0.974293 0.278497 0.035990 0.095855
8 0.978149 0.436528 0.043702 0.132124