22 0.021957 0.057181 0.043915 0.082447
34 0.020703 0.176862 0.041405 0.098404
25 0.125471 0.316489 0.250941 0.079787
11 0.031995 0.809840 0.063990 0.135638
6 0.282936 0.091755 0.063990 0.135638
27 0.271016 0.231383 0.040151 0.085106
10 0.282936 0.365691 0.063990 0.135638
33 0.274153 0.505319 0.046424 0.101064
15 0.460477 0.070479 0.057716 0.098404
17 0.458595 0.207447 0.053952 0.095745
21 0.452321 0.335106 0.041405 0.085106
20 0.457967 0.448138 0.052698 0.098404
9 0.463614 0.613032 0.063990 0.135638
16 0.517566 0.074468 0.043915 0.085106
30 0.521957 0.223404 0.052698 0.111702
12 0.527604 0.394947 0.063990 0.135638
14 0.527604 0.583777 0.063990 0.135638
31 0.536386 0.735372 0.081556 0.071809
19 0.521330 0.848404 0.051443 0.085106
0 0.609159 0.272606 0.063990 0.135638
26 0.599749 0.594415 0.045169 0.103723
28 0.599122 0.747340 0.043915 0.095745
4 0.673149 0.086436 0.063990 0.135638
13 0.673149 0.264628 0.063990 0.135638
3 0.673149 0.676862 0.063990 0.135638
8 0.673149 0.833777 0.063990 0.135638
18 0.730866 0.069149 0.051443 0.101064
7 0.737139 0.421543 0.063990 0.135638
2 0.737139 0.589096 0.063990 0.135638
24 0.725220 0.727394 0.040151 0.087766
23 0.792974 0.086436 0.047679 0.093085
1 0.801129 0.591755 0.063990 0.135638
35 0.792974 0.920213 0.047679 0.085106
32 0.916562 0.246011 0.166876 0.071809
29 0.855709 0.364362 0.045169 0.106383
5 0.865119 0.538564 0.063990 0.135638