29 0.014925 0.071078 0.029851 0.098039
4 0.021144 0.378676 0.042289 0.125000
35 0.015755 0.495098 0.031509 0.078431
23 0.015755 0.589461 0.031509 0.085784
9 0.205224 0.182598 0.042289 0.125000
27 0.197347 0.330882 0.026534 0.078431
16 0.198590 0.441176 0.029022 0.078431
14 0.205224 0.557598 0.042289 0.125000
12 0.389303 0.077206 0.042289 0.125000
2 0.389303 0.236520 0.042289 0.125000
31 0.395108 0.346814 0.053897 0.066176
25 0.451078 0.460784 0.165837 0.073529
28 0.382670 0.573529 0.029022 0.088235
26 0.383085 0.707108 0.029851 0.095588
18 0.550995 0.075980 0.033997 0.093137
21 0.547678 0.210784 0.027363 0.078431
22 0.548507 0.332108 0.029022 0.075980
8 0.555141 0.449755 0.042289 0.125000
34 0.589967 0.064951 0.027363 0.090686
13 0.597430 0.214461 0.042289 0.125000
10 0.597430 0.371324 0.042289 0.125000
0 0.597430 0.523284 0.042289 0.125000
24 0.589552 0.643382 0.026534 0.080882
5 0.639718 0.253676 0.042289 0.125000
3 0.639718 0.405637 0.042289 0.125000
32 0.716003 0.050245 0.110282 0.066176
15 0.679934 0.314951 0.038143 0.090686
33 0.676202 0.549020 0.030680 0.093137
6 0.792289 0.091912 0.042289 0.125000
19 0.788143 0.223039 0.033997 0.078431
20 0.788557 0.430147 0.034826 0.090686
17 0.788972 0.534314 0.035655 0.088235
30 0.830846 0.151961 0.034826 0.102941
11 0.834577 0.312500 0.042289 0.125000
1 0.834577 0.555147 0.042289 0.125000
7 0.834577 0.709559 0.042289 0.125000