5 0.022329 0.425333 0.044658 0.136000
13 0.022329 0.697333 0.044658 0.136000
26 0.141856 0.084000 0.031524 0.104000
32 0.184326 0.220000 0.116462 0.072000
33 0.142294 0.330667 0.032399 0.101333
1 0.148424 0.497333 0.044658 0.136000
22 0.141419 0.636000 0.030648 0.082667
6 0.148424 0.774667 0.044658 0.136000
21 0.257005 0.082667 0.028897 0.085333
7 0.264886 0.209333 0.044658 0.136000
12 0.264886 0.396000 0.044658 0.136000
25 0.330123 0.549333 0.175131 0.080000
18 0.260508 0.664000 0.035902 0.101333
15 0.437828 0.078667 0.040280 0.098667
8 0.440018 0.244000 0.044658 0.136000
20 0.436077 0.414667 0.036778 0.098667
24 0.431699 0.556000 0.028021 0.088000
29 0.433450 0.666667 0.031524 0.106667
14 0.484676 0.172000 0.044658 0.136000
35 0.478984 0.314667 0.033275 0.085333
34 0.476795 0.438667 0.028897 0.098667
28 0.477671 0.570667 0.030648 0.096000
3 0.484676 0.726667 0.044658 0.136000
30 0.677758 0.418667 0.036778 0.112000
31 0.882224 0.070667 0.056918 0.072000
16 0.869089 0.184000 0.030648 0.085333
19 0.871716 0.312000 0.035902 0.085333
0 0.876095 0.438667 0.044658 0.136000
9 0.876095 0.606667 0.044658 0.136000
10 0.933012 0.420000 0.044658 0.136000
2 0.933012 0.884000 0.044658 0.136000
11 0.977671 0.084000 0.044658 0.136000
4 0.977671 0.244000 0.044658 0.136000
23 0.971979 0.518667 0.033275 0.093333
27 0.969352 0.637333 0.028021 0.085333
17 0.974168 0.765333 0.037653 0.096000