19 0.023034 0.069149 0.046067 0.085106
2 0.028652 0.224734 0.057303 0.135638
20 0.023596 0.376330 0.047191 0.098404
33 0.020787 0.492021 0.041573 0.101064
18 0.023034 0.728723 0.046067 0.101064
13 0.085955 0.275266 0.057303 0.135638
0 0.085955 0.464096 0.057303 0.135638
35 0.078652 0.726064 0.042697 0.085106
4 0.143258 0.083777 0.057303 0.135638
25 0.226966 0.329787 0.224719 0.079787
16 0.134270 0.454787 0.039326 0.085106
30 0.138202 0.598404 0.047191 0.111702
12 0.367978 0.086436 0.057303 0.135638
7 0.367978 0.235372 0.057303 0.135638
32 0.414045 0.392287 0.149438 0.071809
27 0.357303 0.686170 0.035955 0.085106
28 0.508427 0.244681 0.039326 0.095745
11 0.517416 0.408245 0.057303 0.135638
17 0.512921 0.539894 0.048315 0.095745
9 0.517416 0.698138 0.057303 0.135638
3 0.517416 0.878989 0.057303 0.135638
24 0.564045 0.065160 0.035955 0.087766
21 0.564607 0.167553 0.037079 0.085106
6 0.574719 0.474734 0.057303 0.135638
14 0.574719 0.642287 0.057303 0.135638
31 0.639888 0.059840 0.073034 0.071809
1 0.632022 0.179521 0.057303 0.135638
26 0.623596 0.341755 0.040449 0.103723
15 0.629213 0.472074 0.051685 0.098404
8 0.632022 0.636968 0.057303 0.135638
29 0.696629 0.082447 0.040449 0.106383
10 0.705056 0.224734 0.057303 0.135638
22 0.696067 0.355053 0.039326 0.082447
5 0.705056 0.599734 0.057303 0.135638
34 0.694944 0.738032 0.037079 0.098404
23 0.859551 0.437500 0.042697 0.093085