4 0.026452 0.296348 0.052905 0.143258
18 0.021266 0.539326 0.042531 0.106742
12 0.079357 0.096910 0.052905 0.143258
33 0.072095 0.550562 0.038382 0.106742
32 0.121888 0.695225 0.137967 0.075843
23 0.072614 0.824438 0.039419 0.098315
3 0.309647 0.088483 0.052905 0.143258
25 0.386929 0.247191 0.207469 0.084270
34 0.300311 0.397472 0.034232 0.103933
20 0.304979 0.540730 0.043568 0.103933
8 0.309647 0.720506 0.052905 0.143258
5 0.517116 0.262640 0.052905 0.143258
17 0.512967 0.424157 0.044606 0.101124
16 0.508817 0.556180 0.036307 0.089888
13 0.517116 0.717697 0.052905 0.143258
24 0.560166 0.074438 0.033195 0.092697
10 0.570021 0.428371 0.052905 0.143258
11 0.570021 0.751404 0.052905 0.143258
21 0.560685 0.898876 0.034232 0.089888
9 0.800311 0.099719 0.052905 0.143258
28 0.792012 0.250000 0.036307 0.101124
15 0.797718 0.397472 0.047718 0.103933
7 0.800311 0.577247 0.052905 0.143258
6 0.800311 0.835674 0.052905 0.143258
31 0.860477 0.068820 0.067427 0.075843
22 0.844917 0.181180 0.036307 0.087079
19 0.848029 0.775281 0.042531 0.089888
14 0.920643 0.110955 0.052905 0.143258
26 0.912863 0.276685 0.037344 0.109551
1 0.920643 0.450843 0.052905 0.143258
0 0.920643 0.650281 0.052905 0.143258
30 0.915975 0.834270 0.043568 0.117978
35 0.966805 0.070225 0.039419 0.089888
2 0.973548 0.231742 0.052905 0.143258
29 0.965768 0.390449 0.037344 0.112360
27 0.963693 0.721910 0.033195 0.089888