18 0.022854 0.361323 0.045708 0.096692
8 0.028428 0.520356 0.056856 0.129771
30 0.023411 0.814249 0.046823 0.106870
35 0.078038 0.323155 0.042363 0.081425
15 0.082497 0.708651 0.051282 0.094148
26 0.324415 0.069975 0.040134 0.099237
28 0.323857 0.206107 0.039019 0.091603
7 0.332776 0.332061 0.056856 0.129771
19 0.327202 0.483461 0.045708 0.081425
20 0.327759 0.622137 0.046823 0.094148
25 0.472687 0.053435 0.222965 0.076336
24 0.379041 0.174300 0.035674 0.083969
13 0.389632 0.500000 0.056856 0.129771
2 0.637124 0.085242 0.056856 0.129771
0 0.637124 0.245547 0.056856 0.129771
1 0.637124 0.418575 0.056856 0.129771
11 0.637124 0.919847 0.056856 0.129771
34 0.683946 0.064885 0.036789 0.094148
31 0.701784 0.189567 0.072464 0.068702
23 0.686734 0.451654 0.042363 0.089059
9 0.693980 0.609415 0.056856 0.129771
5 0.766444 0.097964 0.056856 0.129771
4 0.766444 0.245547 0.056856 0.129771
32 0.812152 0.362595 0.148272 0.068702
10 0.766444 0.507634 0.056856 0.129771
29 0.758082 0.809160 0.040134 0.101781
27 0.904125 0.066158 0.035674 0.081425
33 0.906912 0.206107 0.041249 0.096692
3 0.914716 0.354962 0.056856 0.129771
12 0.914716 0.535623 0.056856 0.129771
22 0.905797 0.678117 0.039019 0.078880
6 0.914716 0.818066 0.056856 0.129771
21 0.961538 0.066158 0.036789 0.081425
17 0.967113 0.175573 0.047938 0.091603
14 0.971572 0.505089 0.056856 0.129771
16 0.962653 0.628499 0.039019 0.081425