13 0.028428 0.271164 0.056856 0.134921
27 0.017837 0.394180 0.035674 0.084656
5 0.028428 0.548942 0.056856 0.134921
23 0.021182 0.675926 0.042363 0.092593
33 0.077480 0.071429 0.041249 0.100529
2 0.085284 0.228836 0.056856 0.134921
10 0.085284 0.382275 0.056856 0.134921
11 0.085284 0.533069 0.056856 0.134921
7 0.142140 0.091270 0.056856 0.134921
0 0.142140 0.268519 0.056856 0.134921
32 0.187848 0.398148 0.148272 0.071429
9 0.142140 0.554233 0.056856 0.134921
17 0.285953 0.269841 0.047938 0.095238
30 0.285396 0.415344 0.046823 0.111111
3 0.290412 0.752646 0.056856 0.134921
1 0.290412 0.914021 0.056856 0.134921
35 0.340022 0.076720 0.042363 0.084656
29 0.338907 0.198413 0.040134 0.105820
24 0.336678 0.337302 0.035674 0.087302
8 0.347269 0.461640 0.056856 0.134921
31 0.355072 0.787037 0.072464 0.071429
21 0.409699 0.322751 0.036789 0.084656
25 0.502787 0.455026 0.222965 0.079365
14 0.667224 0.088624 0.056856 0.134921
4 0.667224 0.242063 0.056856 0.134921
15 0.664437 0.371693 0.051282 0.097884
6 0.667224 0.538360 0.056856 0.134921
26 0.658863 0.707672 0.040134 0.103175
16 0.715162 0.076720 0.039019 0.084656
28 0.715162 0.195767 0.039019 0.095238
34 0.714047 0.424603 0.036789 0.097884
18 0.718506 0.566138 0.045708 0.100529
12 0.971572 0.083333 0.056856 0.134921
19 0.965998 0.246032 0.045708 0.084656
22 0.962653 0.538360 0.039019 0.082011
20 0.966555 0.861111 0.046823 0.097884