6 0.032567 0.103306 0.065134 0.140496
32 0.084930 0.254821 0.169860 0.074380
28 0.022350 0.369146 0.044700 0.099174
1 0.032567 0.684573 0.065134 0.140496
25 0.297573 0.267218 0.255428 0.082645
8 0.202427 0.392562 0.065134 0.140496
30 0.196679 0.553719 0.053640 0.115702
34 0.190932 0.676309 0.042146 0.101928
12 0.202427 0.814050 0.065134 0.140496
18 0.451469 0.079890 0.052363 0.104683
4 0.457854 0.219008 0.065134 0.140496
10 0.457854 0.373278 0.065134 0.140496
22 0.447637 0.701102 0.044700 0.085399
31 0.531928 0.070248 0.083014 0.074380
21 0.695402 0.066116 0.042146 0.088154
14 0.706897 0.227273 0.065134 0.140496
7 0.706897 0.395317 0.065134 0.140496
20 0.701149 0.728650 0.053640 0.101928
11 0.772031 0.100551 0.065134 0.140496
2 0.772031 0.276860 0.065134 0.140496
23 0.763729 0.447658 0.048531 0.096419
16 0.761814 0.573003 0.044700 0.088154
0 0.772031 0.703857 0.065134 0.140496
3 0.837165 0.282369 0.065134 0.140496
26 0.827586 0.442149 0.045977 0.107438
19 0.830779 0.570248 0.052363 0.088154
9 0.837165 0.701102 0.065134 0.140496
17 0.897190 0.088154 0.054917 0.099174
35 0.893997 0.225895 0.048531 0.088154
15 0.899106 0.356749 0.058748 0.101928
29 0.892720 0.501377 0.045977 0.110193
13 0.902299 0.673554 0.065134 0.140496
33 0.958493 0.190083 0.047254 0.104683
27 0.955300 0.305785 0.040868 0.088154
5 0.967433 0.444904 0.065134 0.140496
24 0.955300 0.736915 0.040868 0.090909