35 0.020856 0.086111 0.041712 0.088889
34 0.018112 0.384722 0.036224 0.102778
12 0.027991 0.540278 0.055982 0.141667
27 0.017563 0.672222 0.035126 0.088889
30 0.181120 0.080556 0.046103 0.116667
18 0.180571 0.244444 0.045005 0.105556
3 0.186059 0.565278 0.055982 0.141667
6 0.186059 0.751389 0.055982 0.141667
20 0.237102 0.093056 0.046103 0.102778
15 0.239297 0.431944 0.050494 0.102778
10 0.242042 0.598611 0.055982 0.141667
33 0.234358 0.766667 0.040615 0.105556
31 0.305708 0.176389 0.071350 0.075000
17 0.293633 0.475000 0.047201 0.100000
5 0.298024 0.843056 0.055982 0.141667
4 0.369374 0.101389 0.055982 0.141667
25 0.451153 0.266667 0.219539 0.083333
21 0.359495 0.386111 0.036224 0.088889
32 0.414380 0.623611 0.145993 0.075000
24 0.358946 0.759722 0.035126 0.091667
16 0.604281 0.075000 0.038419 0.088889
2 0.613063 0.420833 0.055982 0.141667
22 0.604281 0.706944 0.038419 0.086111
0 0.613063 0.856944 0.055982 0.141667
14 0.669045 0.106944 0.055982 0.141667
23 0.661910 0.612500 0.041712 0.097222
26 0.660812 0.731944 0.039517 0.108333
1 0.725027 0.087500 0.055982 0.141667
29 0.716795 0.227778 0.039517 0.111111
19 0.719539 0.350000 0.045005 0.088889
13 0.725027 0.501389 0.055982 0.141667
8 0.725027 0.656944 0.055982 0.141667
11 0.781010 0.093056 0.055982 0.141667
7 0.781010 0.248611 0.055982 0.141667
9 0.781010 0.429167 0.055982 0.141667
28 0.772228 0.586111 0.038419 0.100000