21 0.023077 0.057377 0.046154 0.087432
22 0.024476 0.187158 0.048951 0.084699
15 0.032168 0.329235 0.064336 0.101093
23 0.026573 0.471311 0.053147 0.095628
33 0.025874 0.620219 0.051748 0.103825
13 0.035664 0.758197 0.071329 0.139344
30 0.100699 0.073770 0.058741 0.114754
25 0.211189 0.207650 0.279720 0.081967
1 0.106993 0.509563 0.071329 0.139344
34 0.094406 0.654372 0.046154 0.101093
32 0.164336 0.788251 0.186014 0.073770
8 0.386713 0.088798 0.071329 0.139344
17 0.381119 0.221311 0.060140 0.098361
0 0.386713 0.362022 0.071329 0.139344
11 0.386713 0.695355 0.071329 0.139344
3 0.458042 0.088798 0.071329 0.139344
31 0.467832 0.580601 0.090909 0.073770
12 0.548951 0.255464 0.071329 0.139344
29 0.538462 0.669399 0.050350 0.109290
28 0.537762 0.814208 0.048951 0.098361
4 0.750350 0.107923 0.071329 0.139344
9 0.750350 0.285519 0.071329 0.139344
18 0.743357 0.543716 0.057343 0.103825
14 0.750350 0.681694 0.071329 0.139344
27 0.737063 0.825137 0.044755 0.087432
24 0.808392 0.392077 0.044755 0.090164
6 0.821678 0.545082 0.071329 0.139344
7 0.821678 0.717213 0.071329 0.139344
2 0.821678 0.878415 0.071329 0.139344
16 0.881818 0.062842 0.048951 0.087432
35 0.883916 0.204918 0.053147 0.087432
5 0.893007 0.370219 0.071329 0.139344
20 0.958042 0.077869 0.058741 0.101093
10 0.964336 0.247268 0.071329 0.139344
19 0.957343 0.568306 0.057343 0.087432
26 0.953846 0.785519 0.050350 0.106557