13 0.031995 0.099727 0.063990 0.139344
9 0.031995 0.288251 0.063990 0.139344
24 0.020075 0.676230 0.040151 0.090164
16 0.021957 0.789617 0.043915 0.087432
8 0.095985 0.099727 0.063990 0.139344
26 0.086575 0.269126 0.045169 0.106557
18 0.089711 0.418033 0.051443 0.103825
12 0.095985 0.717213 0.063990 0.139344
21 0.148683 0.062842 0.041405 0.087432
17 0.154956 0.191257 0.053952 0.098361
7 0.159975 0.348361 0.063990 0.139344
5 0.159975 0.637978 0.063990 0.139344
23 0.151819 0.774590 0.047679 0.095628
35 0.332497 0.065574 0.047679 0.087432
1 0.340652 0.225410 0.063990 0.139344
15 0.337516 0.397541 0.057716 0.101093
25 0.434128 0.699454 0.250941 0.081967
0 0.340652 0.848361 0.063990 0.139344
20 0.585947 0.411202 0.052698 0.101093
30 0.585947 0.540984 0.052698 0.114754
34 0.580301 0.687158 0.041405 0.101093
2 0.655583 0.110656 0.063990 0.139344
19 0.649310 0.259563 0.051443 0.087432
6 0.655583 0.413934 0.063990 0.139344
10 0.655583 0.594262 0.063990 0.139344
3 0.719573 0.435792 0.063990 0.139344
22 0.709536 0.564208 0.043915 0.084699
33 0.710790 0.693989 0.046424 0.103825
27 0.707654 0.808743 0.040151 0.087432
11 0.783563 0.094262 0.063990 0.139344
14 0.783563 0.282787 0.063990 0.139344
31 0.792346 0.703552 0.081556 0.073770
4 0.783563 0.840164 0.063990 0.139344
29 0.855709 0.079235 0.045169 0.109290
32 0.916562 0.203552 0.166876 0.073770
28 0.855082 0.530055 0.043915 0.098361