28 0.022379 0.065163 0.044757 0.090226
18 0.026215 0.674185 0.052430 0.095238
4 0.032609 0.818296 0.065217 0.127820
6 0.097826 0.088972 0.065217 0.127820
5 0.097826 0.256892 0.065217 0.127820
9 0.097826 0.417293 0.065217 0.127820
10 0.097826 0.753133 0.065217 0.127820
2 0.097826 0.893484 0.065217 0.127820
24 0.150895 0.073935 0.040921 0.082707
7 0.163043 0.214286 0.065217 0.127820
26 0.153453 0.344612 0.046036 0.097744
12 0.163043 0.472431 0.065217 0.127820
33 0.154092 0.699248 0.047315 0.095238
20 0.222506 0.309524 0.053708 0.092732
25 0.323529 0.433584 0.255754 0.075188
32 0.280691 0.517544 0.170077 0.067669
0 0.228261 0.645363 0.065217 0.127820
14 0.484015 0.234336 0.065217 0.127820
23 0.475703 0.484962 0.048593 0.087719
35 0.475703 0.583960 0.048593 0.080201
19 0.477621 0.714286 0.052430 0.080201
34 0.537724 0.081454 0.042199 0.092732
29 0.539642 0.225564 0.046036 0.100251
31 0.623402 0.063910 0.083120 0.067669
16 0.604220 0.152882 0.044757 0.080201
30 0.608696 0.278195 0.053708 0.105263
21 0.602941 0.401003 0.042199 0.080201
15 0.898977 0.058897 0.058824 0.092732
13 0.902174 0.204261 0.065217 0.127820
27 0.890026 0.338346 0.040921 0.080201
8 0.902174 0.484962 0.065217 0.127820
11 0.902174 0.662907 0.065217 0.127820
22 0.957161 0.221805 0.044757 0.077694
3 0.967391 0.354637 0.065217 0.127820
17 0.962276 0.486216 0.054987 0.090226
1 0.967391 0.637845 0.065217 0.127820