15 0.026286 0.068182 0.052571 0.098930
19 0.023429 0.184492 0.046857 0.085561
27 0.018286 0.320856 0.036571 0.085561
3 0.029143 0.450535 0.058286 0.136364
12 0.029143 0.624332 0.058286 0.136364
18 0.081714 0.582888 0.046857 0.101604
1 0.087429 0.755348 0.058286 0.136364
16 0.078286 0.919786 0.040000 0.085561
17 0.141143 0.074866 0.049143 0.096257
0 0.145714 0.233957 0.058286 0.136364
32 0.192571 0.372995 0.152000 0.072193
8 0.145714 0.664439 0.058286 0.136364
10 0.297714 0.100267 0.058286 0.136364
7 0.297714 0.279412 0.058286 0.136364
29 0.289143 0.449198 0.041143 0.106952
24 0.286857 0.562834 0.036571 0.088235
11 0.297714 0.894385 0.058286 0.136364
26 0.347429 0.086898 0.041143 0.104278
2 0.356000 0.260695 0.058286 0.136364
20 0.350857 0.779412 0.048000 0.098930
31 0.617714 0.049465 0.074286 0.072193
22 0.600571 0.167112 0.040000 0.082888
4 0.609714 0.461230 0.058286 0.136364
6 0.609714 0.803476 0.058286 0.136364
28 0.674857 0.077540 0.040000 0.096257
5 0.684000 0.239305 0.058286 0.136364
35 0.676571 0.379679 0.043429 0.085561
23 0.676571 0.661765 0.043429 0.093583
34 0.673714 0.779412 0.037714 0.098930
33 0.734286 0.088235 0.042286 0.101604
9 0.742286 0.410428 0.058286 0.136364
13 0.742286 0.720588 0.058286 0.136364
30 0.795429 0.248663 0.048000 0.112299
14 0.800571 0.418449 0.058286 0.136364
21 0.790286 0.548128 0.037714 0.085561
25 0.885714 0.647059 0.228571 0.080214