25 0.104493 0.191601 0.208986 0.078740
20 0.021944 0.311024 0.043887 0.097113
27 0.016719 0.451444 0.033438 0.083990
8 0.026646 0.573491 0.053292 0.133858
9 0.235632 0.169291 0.053292 0.133858
19 0.230408 0.314961 0.042842 0.083990
0 0.235632 0.452756 0.053292 0.133858
26 0.462905 0.087927 0.037618 0.102362
12 0.470742 0.240157 0.053292 0.133858
14 0.470742 0.395013 0.053292 0.133858
1 0.470742 0.544619 0.053292 0.133858
35 0.463950 0.834646 0.039707 0.083990
13 0.524033 0.082677 0.053292 0.133858
17 0.519854 0.401575 0.044932 0.094488
28 0.515674 0.530184 0.036573 0.094488
15 0.521421 0.657480 0.048067 0.097113
2 0.524033 0.793963 0.053292 0.133858
21 0.567921 0.065617 0.034483 0.083990
6 0.577325 0.216535 0.053292 0.133858
22 0.568966 0.678478 0.036573 0.081365
18 0.625392 0.078740 0.042842 0.099738
24 0.620690 0.203412 0.033438 0.086614
10 0.630617 0.355643 0.053292 0.133858
31 0.637931 0.492126 0.067921 0.070866
29 0.622780 0.595801 0.037618 0.104987
32 0.673459 0.712598 0.138976 0.070866
3 0.769592 0.090551 0.053292 0.133858
23 0.762800 0.426509 0.039707 0.091864
34 0.760188 0.568241 0.034483 0.097113
7 0.769592 0.896325 0.053292 0.133858
33 0.815569 0.083990 0.038662 0.099738
11 0.822884 0.416010 0.053292 0.133858
30 0.818182 0.551181 0.043887 0.110236
5 0.822884 0.723097 0.053292 0.133858
4 0.822884 0.893701 0.053292 0.133858
16 0.867816 0.758530 0.036573 0.083990