31 0.030660 0.075137 0.061321 0.073770
14 0.024057 0.225410 0.048113 0.139344
23 0.017925 0.561475 0.035849 0.095628
3 0.024057 0.733607 0.048113 0.139344
26 0.078302 0.088798 0.033962 0.106557
15 0.083019 0.228142 0.043396 0.101093
34 0.076887 0.372951 0.031132 0.101093
13 0.085377 0.512295 0.048113 0.139344
18 0.080660 0.685792 0.038679 0.103825
24 0.076415 0.801913 0.030189 0.090164
12 0.133491 0.356557 0.048113 0.139344
28 0.125943 0.527322 0.033019 0.098361
35 0.127358 0.658470 0.035849 0.087432
22 0.174057 0.236339 0.033019 0.084699
25 0.251887 0.442623 0.188679 0.081967
19 0.176887 0.557377 0.038679 0.087432
6 0.181604 0.687158 0.048113 0.139344
8 0.370283 0.099727 0.048113 0.139344
20 0.366038 0.269126 0.039623 0.101093
1 0.370283 0.575137 0.048113 0.139344
29 0.363208 0.743169 0.033962 0.109290
21 0.409906 0.076503 0.031132 0.087432
10 0.418396 0.217213 0.048113 0.139344
7 0.418396 0.375683 0.048113 0.139344
17 0.626887 0.062842 0.040566 0.098361
9 0.630660 0.228142 0.048113 0.139344
5 0.630660 0.594262 0.048113 0.139344
27 0.621698 0.726776 0.030189 0.087432
33 0.624057 0.868852 0.034906 0.103825
11 0.678774 0.110656 0.048113 0.139344
4 0.678774 0.274590 0.048113 0.139344
2 0.678774 0.438525 0.048113 0.139344
30 0.674528 0.688525 0.039623 0.114754
0 0.678774 0.859290 0.048113 0.139344
32 0.853302 0.471311 0.125472 0.073770
16 0.807075 0.565574 0.033019 0.087432