9 0.022329 0.121622 0.044658 0.153153
24 0.014011 0.271772 0.028021 0.099099
19 0.017951 0.393393 0.035902 0.096096
28 0.015324 0.516517 0.030648 0.108108
10 0.022329 0.848348 0.044658 0.153153
25 0.132224 0.078078 0.175131 0.090090
32 0.102890 0.193694 0.116462 0.081081
20 0.063047 0.319820 0.036778 0.111111
0 0.066988 0.677177 0.044658 0.153153
8 0.066988 0.875375 0.044658 0.153153
35 0.236427 0.087087 0.033275 0.096096
14 0.242119 0.226727 0.044658 0.153153
17 0.283275 0.069069 0.037653 0.108108
21 0.278897 0.192192 0.028897 0.096096
26 0.280210 0.319820 0.031524 0.117117
22 0.279772 0.454955 0.030648 0.093093
4 0.286778 0.611111 0.044658 0.153153
7 0.331436 0.115616 0.044658 0.153153
3 0.331436 0.427928 0.044658 0.153153
15 0.329247 0.614114 0.040280 0.111111
13 0.331436 0.764264 0.044658 0.153153
30 0.524518 0.078078 0.036778 0.126126
33 0.522329 0.228228 0.032399 0.114114
31 0.534588 0.358859 0.056918 0.081081
12 0.528459 0.827327 0.044658 0.153153
1 0.654553 0.121622 0.044658 0.153153
5 0.654553 0.292793 0.044658 0.153153
29 0.647986 0.564565 0.031524 0.120120
18 0.650175 0.714715 0.035902 0.114114
6 0.780648 0.364865 0.044658 0.153153
16 0.773643 0.510511 0.030648 0.096096
2 0.780648 0.677177 0.044658 0.153153
23 0.774956 0.836336 0.033275 0.105105
34 0.969790 0.250751 0.028897 0.111111
11 0.977671 0.569069 0.044658 0.153153
27 0.969352 0.723724 0.028021 0.096096