35 0.019567 0.081081 0.039135 0.086486
20 0.021627 0.190541 0.043254 0.100000
21 0.016993 0.302703 0.033986 0.086486
19 0.021112 0.416216 0.042225 0.086486
6 0.078785 0.258108 0.052523 0.137838
7 0.078785 0.444595 0.052523 0.137838
23 0.072091 0.693243 0.039135 0.094595
27 0.069001 0.802703 0.032956 0.086486
29 0.219361 0.091892 0.037075 0.108108
4 0.227085 0.433784 0.052523 0.137838
1 0.227085 0.685135 0.052523 0.137838
2 0.227085 0.850000 0.052523 0.137838
12 0.279609 0.198649 0.052523 0.137838
22 0.271370 0.322973 0.036045 0.083784
26 0.271885 0.622973 0.037075 0.105405
0 0.279609 0.790541 0.052523 0.137838
28 0.503090 0.072973 0.036045 0.097297
34 0.502060 0.201351 0.033986 0.100000
5 0.511329 0.552703 0.052523 0.137838
11 0.511329 0.731081 0.052523 0.137838
18 0.558702 0.089189 0.042225 0.102703
25 0.640577 0.318919 0.205973 0.081081
30 0.559217 0.454054 0.043254 0.113514
8 0.563852 0.628378 0.052523 0.137838
9 0.769825 0.085135 0.052523 0.137838
17 0.765705 0.240541 0.044284 0.097297
24 0.760041 0.382432 0.032956 0.089189
31 0.777034 0.509459 0.066941 0.072973
3 0.769825 0.636486 0.052523 0.137838
13 0.836766 0.082432 0.052523 0.137838
15 0.834192 0.217568 0.047374 0.100000
33 0.829557 0.521622 0.038105 0.102703
10 0.836766 0.687838 0.052523 0.137838
16 0.881050 0.240541 0.036045 0.086486
32 0.931514 0.344595 0.136972 0.072973
14 0.889289 0.485135 0.052523 0.137838