18 0.018014 0.068120 0.036028 0.103542
32 0.058436 0.546322 0.116872 0.073569
3 0.220123 0.257493 0.044815 0.138965
20 0.216169 0.587193 0.036907 0.100817
6 0.220123 0.734332 0.044815 0.138965
8 0.264938 0.380109 0.044815 0.138965
19 0.260545 0.534060 0.036028 0.087193
33 0.258787 0.681199 0.032513 0.103542
16 0.257909 0.798365 0.030756 0.087193
26 0.453427 0.091281 0.031634 0.106267
10 0.460018 0.265668 0.044815 0.138965
14 0.460018 0.543597 0.044815 0.138965
17 0.456503 0.689373 0.037786 0.098093
34 0.647188 0.083106 0.028998 0.100817
1 0.655097 0.238420 0.044815 0.138965
27 0.646749 0.384196 0.028120 0.087193
12 0.655097 0.527248 0.044815 0.138965
22 0.648067 0.652589 0.030756 0.084469
0 0.699912 0.110354 0.044815 0.138965
28 0.692882 0.397820 0.030756 0.098093
5 0.699912 0.723433 0.044815 0.138965
24 0.691564 0.865123 0.028120 0.089918
4 0.744728 0.096730 0.044815 0.138965
2 0.744728 0.276567 0.044815 0.138965
31 0.750879 0.399183 0.057118 0.073569
7 0.744728 0.527248 0.044815 0.138965
15 0.742531 0.679837 0.040422 0.100817
23 0.739016 0.818801 0.033392 0.095368
21 0.793937 0.070845 0.028998 0.087193
29 0.795255 0.397820 0.031634 0.108992
11 0.801845 0.538147 0.044815 0.138965
30 0.797891 0.683924 0.036907 0.114441
35 0.796134 0.817439 0.033392 0.087193
13 0.846661 0.445504 0.044815 0.138965
9 0.846661 0.598093 0.044815 0.138965
25 0.912127 0.738420 0.175747 0.081744