6 0.032035 0.101671 0.064070 0.142061
33 0.023241 0.253482 0.046482 0.105850
15 0.028894 0.374652 0.057789 0.103064
7 0.032035 0.525070 0.064070 0.142061
10 0.032035 0.717270 0.064070 0.142061
11 0.032035 0.884401 0.064070 0.142061
35 0.087940 0.189415 0.047739 0.089136
28 0.086055 0.317549 0.043970 0.100279
9 0.096106 0.486072 0.064070 0.142061
5 0.096106 0.678273 0.064070 0.142061
29 0.086683 0.838440 0.045226 0.111421
23 0.152010 0.274373 0.047739 0.097493
2 0.160176 0.427577 0.064070 0.142061
30 0.154523 0.607242 0.052764 0.116992
34 0.148869 0.895543 0.041457 0.103064
1 0.224246 0.112813 0.064070 0.142061
20 0.218593 0.277159 0.052764 0.103064
24 0.212312 0.405292 0.040201 0.091922
17 0.219221 0.727019 0.054020 0.100279
25 0.381910 0.075209 0.251256 0.083565
32 0.339824 0.371866 0.167085 0.075209
18 0.282035 0.688022 0.051508 0.105850
0 0.288317 0.859331 0.064070 0.142061
3 0.539573 0.435933 0.064070 0.142061
26 0.530151 0.611421 0.045226 0.108635
21 0.810930 0.080780 0.041457 0.089136
14 0.822236 0.246518 0.064070 0.142061
8 0.822236 0.591922 0.064070 0.142061
22 0.812186 0.742340 0.043970 0.086351
16 0.812186 0.844011 0.043970 0.089136
19 0.880025 0.064067 0.051508 0.089136
13 0.886307 0.394150 0.064070 0.142061
4 0.886307 0.572423 0.064070 0.142061
27 0.874372 0.743733 0.040201 0.089136
12 0.950377 0.477716 0.064070 0.142061
31 0.959171 0.600279 0.081658 0.075209