16 0.016908 0.258575 0.033816 0.084433
23 0.018357 0.573879 0.036715 0.092348
14 0.024638 0.724274 0.049275 0.134565
22 0.066184 0.080475 0.033816 0.081794
1 0.073913 0.233509 0.049275 0.134565
7 0.073913 0.394459 0.049275 0.134565
5 0.073913 0.558047 0.049275 0.134565
9 0.073913 0.737467 0.049275 0.134565
19 0.069082 0.868074 0.039614 0.084433
32 0.162802 0.346966 0.128502 0.071240
13 0.123188 0.492084 0.049275 0.134565
6 0.251691 0.391821 0.049275 0.134565
35 0.245411 0.762533 0.036715 0.084433
20 0.464734 0.067282 0.040580 0.097625
34 0.460386 0.180739 0.031884 0.097625
4 0.469082 0.336412 0.049275 0.134565
21 0.460386 0.485488 0.031884 0.084433
0 0.469082 0.639842 0.049275 0.134565
11 0.469082 0.827177 0.049275 0.134565
25 0.590338 0.065963 0.193237 0.079156
10 0.518357 0.389182 0.049275 0.134565
24 0.509179 0.513193 0.030918 0.087071
33 0.511594 0.627968 0.035749 0.100264
28 0.703865 0.189974 0.033816 0.094987
17 0.707729 0.298153 0.041546 0.094987
18 0.706763 0.604222 0.039614 0.100264
15 0.709179 0.740106 0.044444 0.097625
30 0.756522 0.079156 0.040580 0.110818
27 0.751691 0.216359 0.030918 0.084433
3 0.760870 0.344327 0.049275 0.134565
8 0.760870 0.505277 0.049275 0.134565
2 0.760870 0.658311 0.049275 0.134565
29 0.802899 0.065963 0.034783 0.105541
12 0.810145 0.317942 0.049275 0.134565
26 0.802899 0.473615 0.034783 0.102902
31 0.816908 0.655673 0.062802 0.071240