30 0.029830 0.094286 0.059659 0.120000
18 0.029119 0.240000 0.058239 0.108571
27 0.022727 0.382857 0.045455 0.091429
13 0.108665 0.112857 0.072443 0.145714
34 0.095881 0.447143 0.046875 0.105714
3 0.108665 0.624286 0.072443 0.145714
35 0.099432 0.788571 0.053977 0.091429
24 0.167614 0.252857 0.045455 0.094286
11 0.181108 0.395714 0.072443 0.145714
1 0.181108 0.741429 0.072443 0.145714
17 0.175426 0.902857 0.061080 0.102857
23 0.244318 0.175714 0.053977 0.100000
14 0.253551 0.347143 0.072443 0.145714
33 0.243608 0.497143 0.052557 0.108571
25 0.359375 0.628571 0.284091 0.085714
8 0.537642 0.101429 0.072443 0.145714
7 0.537642 0.292857 0.072443 0.145714
31 0.547585 0.427143 0.092330 0.077143
28 0.526278 0.902857 0.049716 0.102857
0 0.629972 0.110000 0.072443 0.145714
32 0.688210 0.252857 0.188920 0.077143
9 0.629972 0.381429 0.072443 0.145714
19 0.622869 0.525714 0.058239 0.091429
2 0.629972 0.861429 0.072443 0.145714
6 0.818892 0.104286 0.072443 0.145714
29 0.808239 0.268571 0.051136 0.114286
16 0.807528 0.391429 0.049716 0.091429
4 0.818892 0.661429 0.072443 0.145714
15 0.815341 0.827143 0.065341 0.105714
10 0.891335 0.272857 0.072443 0.145714
12 0.891335 0.604286 0.072443 0.145714
21 0.878551 0.922857 0.046875 0.091429
5 0.963778 0.398571 0.072443 0.145714
20 0.957386 0.541429 0.059659 0.105714
22 0.952415 0.687143 0.049716 0.088571
26 0.953125 0.841429 0.051136 0.111429