0 0.028333 0.085135 0.056667 0.137838
8 0.028333 0.441892 0.056667 0.137838
34 0.018333 0.582432 0.036667 0.100000
4 0.028333 0.885135 0.056667 0.137838
12 0.085000 0.252703 0.056667 0.137838
3 0.085000 0.417568 0.056667 0.137838
6 0.085000 0.585135 0.056667 0.137838
18 0.079444 0.748649 0.045556 0.102703
2 0.335000 0.082432 0.056667 0.137838
1 0.335000 0.247297 0.056667 0.137838
7 0.335000 0.398649 0.056667 0.137838
23 0.327778 0.731081 0.042222 0.094595
17 0.387222 0.162162 0.047778 0.097297
27 0.381111 0.308108 0.035556 0.086486
13 0.391667 0.436486 0.056667 0.137838
29 0.383333 0.737838 0.040000 0.108108
30 0.443333 0.086486 0.046667 0.113514
31 0.456111 0.398649 0.072222 0.072973
10 0.448333 0.536486 0.056667 0.137838
25 0.603333 0.072973 0.222222 0.081081
5 0.520556 0.198649 0.056667 0.137838
33 0.512778 0.359459 0.041111 0.102703
35 0.513333 0.605405 0.042222 0.086486
9 0.767222 0.098649 0.056667 0.137838
14 0.767222 0.258108 0.056667 0.137838
24 0.756667 0.425676 0.035556 0.089189
11 0.767222 0.558108 0.056667 0.137838
22 0.758333 0.720270 0.038889 0.083784
21 0.757222 0.827027 0.036667 0.086486
19 0.818333 0.070270 0.045556 0.086486
15 0.821111 0.495946 0.051111 0.100000
20 0.875556 0.085135 0.046667 0.100000
16 0.871667 0.227027 0.038889 0.086486
28 0.871667 0.372973 0.038889 0.097297
26 0.872222 0.506757 0.040000 0.105405
32 0.926111 0.614865 0.147778 0.072973