12 0.021907 0.098291 0.043814 0.145299
34 0.014175 0.719373 0.028351 0.105413
1 0.021907 0.896011 0.043814 0.145299
21 0.137887 0.059829 0.028351 0.091168
32 0.180842 0.192308 0.114261 0.076923
11 0.145619 0.340456 0.043814 0.145299
9 0.145619 0.542735 0.043814 0.145299
26 0.139175 0.864672 0.030928 0.111111
17 0.256443 0.267806 0.036942 0.102564
18 0.255584 0.413105 0.035223 0.108262
3 0.259880 0.582621 0.043814 0.145299
7 0.259880 0.742165 0.043814 0.145299
35 0.254296 0.880342 0.032646 0.091168
28 0.296821 0.076923 0.030069 0.102564
15 0.301546 0.203704 0.039519 0.105413
6 0.303694 0.346154 0.043814 0.145299
16 0.296821 0.481481 0.030069 0.091168
20 0.299828 0.594017 0.036082 0.105413
25 0.411512 0.256410 0.171821 0.085470
22 0.340636 0.368946 0.030069 0.088319
5 0.347509 0.539886 0.043814 0.145299
0 0.347509 0.702279 0.043814 0.145299
31 0.544244 0.072650 0.055842 0.076923
23 0.532646 0.662393 0.032646 0.099715
24 0.585911 0.206553 0.027491 0.094017
2 0.594072 0.354701 0.043814 0.145299
30 0.590206 0.501425 0.036082 0.119658
14 0.594072 0.688034 0.043814 0.145299
13 0.594072 0.884615 0.043814 0.145299
29 0.780928 0.085470 0.030928 0.113960
33 0.781357 0.367521 0.031787 0.108262
10 0.787371 0.716524 0.043814 0.145299
19 0.826890 0.071225 0.035223 0.091168
27 0.823024 0.219373 0.027491 0.091168
8 0.831186 0.502849 0.043814 0.145299
4 0.831186 0.679487 0.043814 0.145299