18 0.021178 0.074286 0.042355 0.108571
21 0.017045 0.231429 0.034091 0.091429
35 0.019628 0.342857 0.039256 0.091429
11 0.026343 0.575714 0.052686 0.145714
29 0.247934 0.100000 0.037190 0.114286
14 0.255682 0.450000 0.052686 0.145714
30 0.251033 0.602857 0.043388 0.120000
24 0.245868 0.750000 0.033058 0.094286
26 0.300620 0.081429 0.037190 0.111429
0 0.308368 0.241429 0.052686 0.145714
15 0.305785 0.381429 0.047521 0.105714
16 0.300103 0.685714 0.036157 0.091429
17 0.304236 0.805714 0.044421 0.102857
8 0.361054 0.104286 0.052686 0.145714
34 0.351756 0.270000 0.034091 0.105714
3 0.361054 0.570000 0.052686 0.145714
25 0.438017 0.902857 0.206612 0.085714
6 0.567665 0.104286 0.052686 0.145714
13 0.567665 0.292857 0.052686 0.145714
7 0.567665 0.455714 0.052686 0.145714
28 0.559401 0.611429 0.036157 0.102857
10 0.567665 0.755714 0.052686 0.145714
19 0.562500 0.897143 0.042355 0.091429
31 0.627583 0.424286 0.067149 0.077143
2 0.620351 0.887143 0.052686 0.145714
27 0.677686 0.528571 0.033058 0.091429
22 0.679236 0.655714 0.036157 0.088571
33 0.680269 0.808571 0.038223 0.108571
9 0.740186 0.518571 0.052686 0.145714
20 0.735537 0.698571 0.043388 0.105714
5 0.740186 0.844286 0.052686 0.145714
23 0.882231 0.072857 0.039256 0.100000
1 0.888946 0.210000 0.052686 0.145714
4 0.888946 0.398571 0.052686 0.145714
12 0.888946 0.558571 0.052686 0.145714
32 0.931302 0.718571 0.137397 0.077143