12 0.024309 0.191057 0.048618 0.138211
6 0.024309 0.524390 0.048618 0.138211
0 0.024309 0.695122 0.048618 0.138211
1 0.024309 0.887534 0.048618 0.138211
25 0.309819 0.070461 0.190658 0.081301
5 0.238799 0.231707 0.048618 0.138211
29 0.231649 0.403794 0.034318 0.108401
10 0.238799 0.540650 0.048618 0.138211
33 0.232126 0.680217 0.035272 0.102981
23 0.232602 0.819783 0.036225 0.094851
30 0.425167 0.252033 0.040038 0.113821
8 0.429457 0.730352 0.048618 0.138211
11 0.429457 0.887534 0.048618 0.138211
31 0.484747 0.058266 0.061964 0.073171
19 0.473308 0.151762 0.039085 0.086721
16 0.470448 0.281843 0.033365 0.086721
7 0.478074 0.437669 0.048618 0.138211
14 0.478074 0.613821 0.048618 0.138211
35 0.471878 0.772358 0.036225 0.086721
24 0.530982 0.245257 0.030505 0.089431
17 0.536225 0.382114 0.040991 0.097561
20 0.535748 0.700542 0.040038 0.100271
21 0.580076 0.081301 0.031459 0.086721
3 0.588656 0.239837 0.048618 0.138211
26 0.581506 0.405149 0.034318 0.105691
32 0.627741 0.865854 0.126787 0.073171
34 0.706864 0.090786 0.031459 0.100271
4 0.715443 0.245257 0.048618 0.138211
9 0.715443 0.402439 0.048618 0.138211
13 0.715443 0.573171 0.048618 0.138211
22 0.919447 0.071816 0.033365 0.084011
28 0.919447 0.357724 0.033365 0.097561
27 0.918017 0.501355 0.030505 0.086721
18 0.922307 0.647696 0.039085 0.102981
15 0.973308 0.182927 0.043851 0.100271
2 0.975691 0.738482 0.048618 0.138211