35 0.017857 0.056995 0.035714 0.082902
10 0.023966 0.190415 0.047932 0.132124
33 0.017387 0.417098 0.034774 0.098446
17 0.020207 0.541451 0.040414 0.093264
6 0.159305 0.099741 0.047932 0.132124
21 0.150846 0.256477 0.031015 0.082902
12 0.159305 0.405440 0.047932 0.132124
0 0.159305 0.589378 0.047932 0.132124
23 0.201128 0.073834 0.035714 0.090674
16 0.199718 0.204663 0.032895 0.082902
30 0.203008 0.344560 0.039474 0.108808
26 0.200188 0.480570 0.033835 0.101036
3 0.207237 0.796632 0.047932 0.132124
8 0.255169 0.084197 0.047932 0.132124
27 0.246241 0.455959 0.030075 0.082902
34 0.246711 0.674870 0.031015 0.095855
2 0.466635 0.340674 0.047932 0.132124
13 0.466635 0.511658 0.047932 0.132124
1 0.601974 0.097150 0.047932 0.132124
32 0.640508 0.239637 0.125000 0.069948
7 0.601974 0.379534 0.047932 0.132124
11 0.601974 0.550518 0.047932 0.132124
24 0.593045 0.685233 0.030075 0.085492
14 0.601974 0.840674 0.047932 0.132124
15 0.724624 0.270725 0.043233 0.095855
25 0.796992 0.378238 0.187970 0.077720
29 0.719925 0.505181 0.033835 0.103627
4 0.914944 0.102332 0.047932 0.132124
22 0.907425 0.244819 0.032895 0.080311
19 0.910244 0.344560 0.038534 0.082902
9 0.914944 0.496114 0.047932 0.132124
28 0.907425 0.621762 0.032895 0.093264
18 0.958177 0.088083 0.038534 0.098446
31 0.969455 0.187824 0.061090 0.069948
20 0.958647 0.597150 0.039474 0.095855
5 0.962876 0.737047 0.047932 0.132124