33 0.014859 0.080229 0.029719 0.108883
8 0.020482 0.224928 0.040964 0.146132
28 0.014056 0.401146 0.028112 0.103152
17 0.017269 0.527221 0.034538 0.103152
14 0.020482 0.709169 0.040964 0.146132
5 0.020482 0.889685 0.040964 0.146132
27 0.053815 0.243553 0.025703 0.091691
6 0.061446 0.376791 0.040964 0.146132
23 0.056225 0.531519 0.030522 0.100287
7 0.102410 0.095989 0.040964 0.146132
2 0.102410 0.462751 0.040964 0.146132
18 0.098394 0.621777 0.032932 0.108883
21 0.095181 0.759312 0.026506 0.091691
32 0.135341 0.883954 0.106827 0.077364
0 0.209237 0.116046 0.040964 0.146132
12 0.209237 0.282235 0.040964 0.146132
20 0.205622 0.462751 0.033735 0.106017
3 0.209237 0.611748 0.040964 0.146132
29 0.203213 0.879656 0.028916 0.114613
16 0.383534 0.266476 0.028112 0.091691
35 0.384739 0.404011 0.030522 0.091691
4 0.389960 0.580229 0.040964 0.146132
11 0.430924 0.101719 0.040964 0.146132
13 0.430924 0.296562 0.040964 0.146132
25 0.490763 0.455587 0.160643 0.085960
24 0.423293 0.600287 0.025703 0.094556
10 0.609237 0.107450 0.040964 0.146132
31 0.614859 0.591691 0.052209 0.077364
34 0.602008 0.700573 0.026506 0.106017
15 0.659438 0.250716 0.036948 0.106017
1 0.661446 0.396848 0.040964 0.146132
30 0.657831 0.693410 0.033735 0.120344
9 0.661446 0.881089 0.040964 0.146132
22 0.833333 0.081662 0.028112 0.088825
19 0.835743 0.223496 0.032932 0.091691
26 0.833735 0.376791 0.028916 0.111748