26 0.015762 0.087798 0.031524 0.116071
20 0.018389 0.754464 0.036778 0.110119
1 0.219352 0.090774 0.044658 0.151786
3 0.219352 0.480655 0.044658 0.151786
0 0.219352 0.662202 0.044658 0.151786
4 0.219352 0.837798 0.044658 0.151786
35 0.258319 0.068452 0.033275 0.095238
32 0.299912 0.316964 0.116462 0.080357
19 0.259632 0.458333 0.035902 0.095238
33 0.257881 0.598214 0.032399 0.113095
6 0.380473 0.111607 0.044658 0.151786
13 0.380473 0.483631 0.044658 0.151786
24 0.372154 0.650298 0.028021 0.098214
31 0.512697 0.058036 0.056918 0.080357
15 0.504378 0.197917 0.040280 0.110119
21 0.498687 0.333333 0.028897 0.095238
9 0.506567 0.501488 0.044658 0.151786
23 0.500876 0.653274 0.033275 0.104167
30 0.559545 0.080357 0.036778 0.125000
29 0.556918 0.419643 0.031524 0.119048
11 0.563485 0.724702 0.044658 0.151786
2 0.563485 0.909226 0.044658 0.151786
34 0.600263 0.251488 0.028897 0.110119
7 0.608144 0.403274 0.044658 0.151786
16 0.601138 0.550595 0.030648 0.095238
27 0.644483 0.077381 0.028021 0.095238
8 0.652802 0.242560 0.044658 0.151786
17 0.649299 0.401786 0.037653 0.107143
25 0.718039 0.532738 0.175131 0.089286
5 0.652802 0.697917 0.044658 0.151786
28 0.645797 0.860119 0.030648 0.107143
10 0.827933 0.096726 0.044658 0.151786
14 0.827933 0.275298 0.044658 0.151786
12 0.827933 0.447917 0.044658 0.151786
18 0.823555 0.619048 0.035902 0.113095
22 0.820928 0.903274 0.030648 0.092262