34 0.015551 0.069014 0.031103 0.104225
29 0.016965 0.211268 0.033930 0.112676
15 0.021678 0.708451 0.043355 0.104225
24 0.063148 0.066197 0.030160 0.092958
23 0.065975 0.530986 0.035815 0.098592
8 0.072102 0.697183 0.048068 0.143662
14 0.072102 0.894366 0.048068 0.143662
7 0.120170 0.085915 0.048068 0.143662
18 0.115457 0.228169 0.038643 0.107042
16 0.112630 0.476056 0.032988 0.090141
2 0.120170 0.623944 0.048068 0.143662
33 0.161640 0.078873 0.034873 0.107042
35 0.162111 0.194366 0.035815 0.090141
6 0.377474 0.097183 0.048068 0.143662
20 0.373233 0.260563 0.039585 0.104225
17 0.373704 0.661972 0.040528 0.101408
13 0.377474 0.815493 0.048068 0.143662
28 0.505655 0.064789 0.032988 0.101408
5 0.513195 0.407042 0.048068 0.143662
12 0.513195 0.573239 0.048068 0.143662
31 0.519793 0.736620 0.061263 0.076056
26 0.567389 0.080282 0.033930 0.109859
4 0.574458 0.260563 0.048068 0.143662
25 0.644675 0.400000 0.188501 0.084507
27 0.565504 0.512676 0.030160 0.090141
21 0.565975 0.616901 0.031103 0.090141
19 0.569746 0.749296 0.038643 0.090141
10 0.762959 0.266197 0.048068 0.143662
22 0.755419 0.418310 0.032988 0.087324
32 0.801602 0.528169 0.125353 0.076056
1 0.762959 0.660563 0.048068 0.143662
30 0.758718 0.825352 0.039585 0.118310
11 0.888313 0.091549 0.048068 0.143662
0 0.888313 0.345070 0.048068 0.143662
9 0.888313 0.528169 0.048068 0.143662
3 0.888313 0.705634 0.048068 0.143662