26 0.015464 0.080737 0.030928 0.110482
14 0.021907 0.236544 0.043814 0.144476
0 0.021907 0.743626 0.043814 0.144476
9 0.021907 0.907932 0.043814 0.144476
22 0.138746 0.075071 0.030069 0.087819
3 0.145619 0.247875 0.043814 0.144476
25 0.209622 0.569405 0.171821 0.084986
24 0.137457 0.689802 0.027491 0.093484
33 0.330326 0.067989 0.031787 0.107649
27 0.328179 0.195467 0.027491 0.090652
4 0.336340 0.545326 0.043814 0.144476
32 0.562285 0.058074 0.114261 0.076487
20 0.523196 0.185552 0.036082 0.104816
15 0.524914 0.318697 0.039519 0.104816
16 0.520189 0.572238 0.030069 0.090652
19 0.637027 0.084986 0.035223 0.090652
5 0.641323 0.233711 0.043814 0.144476
21 0.633591 0.368272 0.028351 0.090652
31 0.647337 0.508499 0.055842 0.076487
11 0.641323 0.655807 0.043814 0.144476
13 0.641323 0.814448 0.043814 0.144476
6 0.697165 0.114731 0.043814 0.144476
34 0.689433 0.270538 0.028351 0.104816
8 0.697165 0.423513 0.043814 0.144476
23 0.735395 0.080737 0.032646 0.099150
35 0.735395 0.226629 0.032646 0.090652
7 0.740979 0.372521 0.043814 0.144476
10 0.740979 0.562323 0.043814 0.144476
30 0.737113 0.730878 0.036082 0.118980
12 0.784794 0.094901 0.043814 0.144476
17 0.781357 0.651558 0.036942 0.101983
29 0.778351 0.810198 0.030928 0.113314
2 0.978093 0.097734 0.043814 0.144476
1 0.978093 0.457507 0.043814 0.144476
28 0.971220 0.623229 0.030069 0.101983
18 0.973797 0.764873 0.035223 0.107649