4 0.017288 0.106860 0.034576 0.134565
5 0.017288 0.262533 0.034576 0.134565
35 0.012881 0.419525 0.025763 0.084433
30 0.014237 0.643799 0.028475 0.110818
29 0.164746 0.087071 0.024407 0.105541
6 0.169831 0.257256 0.034576 0.134565
26 0.164746 0.592348 0.024407 0.102902
14 0.169831 0.734828 0.034576 0.134565
18 0.201017 0.068602 0.027797 0.100264
34 0.198305 0.220317 0.022373 0.097625
19 0.201017 0.340369 0.027797 0.084433
32 0.232203 0.515831 0.090169 0.071240
12 0.356949 0.098945 0.034576 0.134565
23 0.352542 0.233509 0.025763 0.092348
13 0.356949 0.399736 0.034576 0.134565
20 0.353898 0.708443 0.028475 0.097625
9 0.356949 0.874670 0.034576 0.134565
3 0.391525 0.101583 0.034576 0.134565
7 0.391525 0.278364 0.034576 0.134565
15 0.389831 0.536939 0.031186 0.097625
28 0.538644 0.155673 0.023729 0.094987
11 0.544068 0.291557 0.034576 0.134565
10 0.544068 0.447230 0.034576 0.134565
33 0.539322 0.612137 0.025085 0.100264
31 0.548814 0.726913 0.044068 0.071240
25 0.747119 0.216359 0.135593 0.079156
24 0.690169 0.344327 0.021695 0.087071
0 0.696610 0.492084 0.034576 0.134565
27 0.690169 0.807388 0.021695 0.084433
17 0.829492 0.087071 0.029153 0.094987
22 0.826780 0.217678 0.023729 0.081794
8 0.832203 0.494723 0.034576 0.134565
2 0.832203 0.679420 0.034576 0.134565
1 0.832203 0.832454 0.034576 0.134565
21 0.860678 0.419525 0.022373 0.084433
16 0.861356 0.535620 0.023729 0.084433