4 0.024379 0.220052 0.048757 0.132812
19 0.019598 0.377604 0.039197 0.083333
32 0.063576 0.480469 0.127151 0.070312
6 0.024379 0.628906 0.048757 0.132812
22 0.228967 0.058594 0.033461 0.080729
28 0.228967 0.179688 0.033461 0.093750
27 0.227533 0.307292 0.030593 0.083333
10 0.236616 0.613281 0.048757 0.132812
3 0.236616 0.787760 0.048757 0.132812
14 0.285373 0.084635 0.048757 0.132812
30 0.281071 0.255208 0.040153 0.109375
29 0.278203 0.549479 0.034417 0.104167
9 0.285373 0.680990 0.048757 0.132812
18 0.280593 0.833333 0.039197 0.098958
17 0.330306 0.252604 0.041109 0.093750
25 0.405354 0.364583 0.191205 0.078125
7 0.334130 0.498698 0.048757 0.132812
15 0.522945 0.074219 0.043977 0.096354
23 0.519120 0.279948 0.036329 0.091146
34 0.516730 0.511719 0.031549 0.096354
16 0.517686 0.625000 0.033461 0.083333
12 0.740440 0.248698 0.048757 0.132812
13 0.740440 0.407552 0.048757 0.132812
35 0.734226 0.653646 0.036329 0.083333
0 0.789197 0.240885 0.048757 0.132812
1 0.789197 0.425781 0.048757 0.132812
31 0.795889 0.717448 0.062141 0.070312
21 0.918260 0.075521 0.031549 0.083333
33 0.920172 0.182292 0.035373 0.098958
24 0.917782 0.326823 0.030593 0.085938
5 0.926864 0.451823 0.048757 0.132812
2 0.975621 0.092448 0.048757 0.132812
8 0.975621 0.454427 0.048757 0.132812
11 0.975621 0.628906 0.048757 0.132812
26 0.968451 0.795573 0.034417 0.101562
20 0.971319 0.915365 0.040153 0.096354