28 0.020373 0.056373 0.040745 0.088235
15 0.026775 0.165441 0.053551 0.090686
18 0.023865 0.279412 0.047730 0.093137
17 0.025029 0.419118 0.050058 0.088235
20 0.024447 0.537990 0.048894 0.090686
16 0.073923 0.066176 0.040745 0.078431
25 0.169965 0.159314 0.232829 0.073529
7 0.083236 0.302696 0.059371 0.125000
12 0.083236 0.466912 0.059371 0.125000
21 0.072759 0.713235 0.038417 0.078431
4 0.316065 0.082108 0.059371 0.125000
30 0.310827 0.242647 0.048894 0.102941
24 0.305006 0.354167 0.037253 0.080882
29 0.307334 0.622549 0.041909 0.098039
34 0.305588 0.736520 0.038417 0.090686
10 0.375437 0.261029 0.059371 0.125000
11 0.375437 0.410539 0.059371 0.125000
5 0.375437 0.731618 0.059371 0.125000
27 0.423749 0.223039 0.037253 0.078431
22 0.425495 0.337010 0.040745 0.075980
9 0.434808 0.449755 0.059371 0.125000
1 0.434808 0.613971 0.059371 0.125000
14 0.494179 0.248775 0.059371 0.125000
8 0.494179 0.410539 0.059371 0.125000
33 0.486030 0.558824 0.043073 0.093137
2 0.494179 0.697304 0.059371 0.125000
0 0.553551 0.094363 0.059371 0.125000
32 0.601281 0.226716 0.154831 0.066176
13 0.553551 0.471814 0.059371 0.125000
3 0.553551 0.613971 0.059371 0.125000
35 0.700815 0.134804 0.044237 0.078431
31 0.716531 0.253676 0.075669 0.066176
23 0.700815 0.501225 0.044237 0.085784
6 0.970314 0.082108 0.059371 0.125000
19 0.964494 0.215686 0.047730 0.078431
26 0.961583 0.334559 0.041909 0.095588