18 0.021112 0.084548 0.042225 0.110787
10 0.026262 0.243440 0.052523 0.148688
2 0.026262 0.427114 0.052523 0.148688
24 0.016478 0.607872 0.032956 0.096210
23 0.072091 0.088921 0.039135 0.102041
6 0.078785 0.266764 0.052523 0.148688
30 0.074150 0.416910 0.043254 0.122449
3 0.078785 0.607872 0.052523 0.148688
22 0.302266 0.086006 0.036045 0.090379
34 0.301236 0.415452 0.033986 0.107872
5 0.310505 0.564140 0.052523 0.148688
8 0.310505 0.739067 0.052523 0.148688
20 0.358393 0.088921 0.043254 0.107872
0 0.363028 0.336735 0.052523 0.148688
15 0.360453 0.497085 0.047374 0.107872
31 0.518538 0.071429 0.066941 0.078717
35 0.504634 0.174927 0.039135 0.093294
29 0.503605 0.877551 0.037075 0.116618
28 0.570031 0.206997 0.036045 0.104956
19 0.573120 0.361516 0.042225 0.093294
13 0.578270 0.674927 0.052523 0.148688
14 0.630793 0.211370 0.052523 0.148688
9 0.630793 0.406706 0.052523 0.148688
25 0.707518 0.545190 0.205973 0.087464
27 0.621009 0.653061 0.032956 0.093294
26 0.623069 0.794461 0.037075 0.113703
33 0.829557 0.084548 0.038105 0.110787
21 0.827497 0.218659 0.033986 0.093294
16 0.828527 0.498542 0.036045 0.093294
7 0.836766 0.677843 0.052523 0.148688
17 0.832647 0.842566 0.044284 0.104956
1 0.889289 0.118076 0.052523 0.148688
11 0.889289 0.298834 0.052523 0.148688
12 0.889289 0.500000 0.052523 0.148688
32 0.931514 0.634111 0.136972 0.078717
4 0.889289 0.803207 0.052523 0.148688