10 0.020799 0.279944 0.041599 0.142061
19 0.016721 0.640669 0.033442 0.089136
8 0.020799 0.775766 0.041599 0.142061
21 0.196982 0.061281 0.026917 0.089136
5 0.204323 0.213092 0.041599 0.142061
0 0.204323 0.538997 0.041599 0.142061
7 0.204323 0.906685 0.041599 0.142061
28 0.239396 0.089136 0.028548 0.100279
30 0.242251 0.311978 0.034258 0.116992
34 0.238581 0.458217 0.026917 0.103064
33 0.240212 0.584958 0.030179 0.105850
13 0.245922 0.759053 0.041599 0.142061
11 0.429445 0.096100 0.041599 0.142061
6 0.429445 0.410864 0.041599 0.142061
35 0.424144 0.554318 0.030995 0.089136
4 0.429445 0.692201 0.041599 0.142061
20 0.467374 0.079387 0.034258 0.103064
23 0.465742 0.232591 0.030995 0.097493
31 0.476754 0.686630 0.053018 0.075209
18 0.466966 0.830084 0.033442 0.105850
29 0.517945 0.069638 0.029364 0.111421
2 0.524062 0.477716 0.041599 0.142061
16 0.517537 0.607242 0.028548 0.089136
12 0.707586 0.101671 0.041599 0.142061
25 0.768352 0.401114 0.163132 0.083565
17 0.704323 0.727019 0.035073 0.100279
14 0.870718 0.084958 0.041599 0.142061
9 0.870718 0.433148 0.041599 0.142061
27 0.862969 0.565460 0.026101 0.089136
26 0.864600 0.717270 0.029364 0.108635
24 0.862969 0.870474 0.026101 0.091922
3 0.912316 0.112813 0.041599 0.142061
22 0.905791 0.240947 0.028548 0.086351
32 0.945759 0.335655 0.108483 0.075209
15 0.910277 0.441504 0.037520 0.103064
1 0.912316 0.756267 0.041599 0.142061