30 0.016166 0.283747 0.032333 0.115702
1 0.019630 0.455923 0.039261 0.140496
32 0.051193 0.709366 0.102386 0.074380
23 0.117013 0.064738 0.029253 0.096419
8 0.122017 0.232782 0.039261 0.140496
35 0.117013 0.385675 0.029253 0.088154
3 0.122017 0.552342 0.039261 0.140496
15 0.120092 0.687328 0.035412 0.101928
26 0.116243 0.825069 0.027714 0.107438
0 0.161278 0.095041 0.039261 0.140496
17 0.158199 0.402204 0.033102 0.099174
9 0.161278 0.739669 0.039261 0.140496
28 0.328329 0.396694 0.026944 0.099174
31 0.339877 0.882920 0.050038 0.074380
27 0.498075 0.068871 0.024634 0.088154
22 0.499230 0.194215 0.026944 0.085399
2 0.505389 0.549587 0.039261 0.140496
5 0.505389 0.703857 0.039261 0.140496
14 0.544650 0.089532 0.039261 0.140496
25 0.602002 0.245179 0.153965 0.082645
13 0.544650 0.400826 0.039261 0.140496
33 0.539261 0.658402 0.028483 0.104683
11 0.544650 0.811295 0.039261 0.140496
6 0.698614 0.296143 0.039261 0.140496
16 0.692456 0.457300 0.026944 0.088154
20 0.695150 0.599174 0.032333 0.101928
19 0.865666 0.060606 0.031563 0.088154
12 0.869515 0.202479 0.039261 0.140496
24 0.862202 0.334711 0.024634 0.090909
34 0.862587 0.714876 0.025404 0.101928
29 0.974596 0.096419 0.027714 0.110193
18 0.976520 0.225895 0.031563 0.104683
21 0.973441 0.374656 0.025404 0.088154
4 0.980370 0.535813 0.039261 0.140496
10 0.980370 0.709366 0.039261 0.140496
7 0.980370 0.877410 0.039261 0.140496