1 0.019144 0.249296 0.038288 0.143662
14 0.019144 0.443662 0.038288 0.143662
13 0.057432 0.235211 0.038288 0.143662
16 0.051426 0.667606 0.026276 0.090141
25 0.221471 0.411268 0.150150 0.084507
8 0.165541 0.576056 0.038288 0.143662
32 0.196321 0.711268 0.099850 0.076056
34 0.158784 0.838028 0.024775 0.104225
29 0.326577 0.070423 0.027027 0.112676
27 0.325075 0.216901 0.024024 0.090141
19 0.328453 0.332394 0.030781 0.090141
5 0.332207 0.494366 0.038288 0.143662
11 0.332207 0.660563 0.038288 0.143662
6 0.370495 0.105634 0.038288 0.143662
24 0.363363 0.243662 0.024024 0.092958
22 0.364489 0.370423 0.026276 0.087324
28 0.364489 0.518310 0.026276 0.101408
10 0.370495 0.669014 0.038288 0.143662
20 0.367117 0.812676 0.031532 0.104225
15 0.406907 0.212676 0.034535 0.104225
17 0.405781 0.369014 0.032282 0.101408
30 0.405405 0.515493 0.031532 0.118310
0 0.408784 0.674648 0.038288 0.143662
26 0.403153 0.823944 0.027027 0.109859
9 0.575450 0.108451 0.038288 0.143662
3 0.575450 0.542254 0.038288 0.143662
4 0.575450 0.880282 0.038288 0.143662
21 0.676802 0.070423 0.024775 0.090141
23 0.678679 0.274648 0.028529 0.098592
2 0.683559 0.443662 0.038288 0.143662
35 0.678679 0.600000 0.028529 0.090141
33 0.847222 0.073239 0.027778 0.107042
31 0.857733 0.192958 0.048799 0.076056
12 0.852477 0.457746 0.038288 0.143662
18 0.848724 0.616901 0.030781 0.107042
7 0.852477 0.781690 0.038288 0.143662