29 0.022585 0.174387 0.045169 0.108992
1 0.031995 0.339237 0.063990 0.138965
2 0.031995 0.510899 0.063990 0.138965
10 0.031995 0.895095 0.063990 0.138965
24 0.200753 0.077657 0.040151 0.089918
0 0.212673 0.246594 0.063990 0.138965
32 0.264115 0.369210 0.166876 0.073569
30 0.373902 0.079019 0.052698 0.114441
21 0.368256 0.196185 0.041405 0.087193
9 0.379548 0.322888 0.063990 0.138965
25 0.473024 0.574932 0.250941 0.081744
17 0.625471 0.065395 0.053952 0.098093
11 0.630489 0.213896 0.063990 0.138965
19 0.624216 0.378747 0.051443 0.087193
35 0.622334 0.493188 0.047679 0.087193
4 0.630489 0.660763 0.063990 0.138965
26 0.685069 0.074932 0.045169 0.106267
8 0.694479 0.222071 0.063990 0.138965
12 0.694479 0.412807 0.063990 0.138965
33 0.685696 0.773842 0.046424 0.103542
15 0.755332 0.064033 0.057716 0.100817
5 0.758469 0.202997 0.063990 0.138965
3 0.758469 0.581744 0.063990 0.138965
6 0.758469 0.750681 0.063990 0.138965
28 0.748432 0.910082 0.043915 0.098093
27 0.810540 0.250681 0.040151 0.087193
31 0.831242 0.350136 0.081556 0.073569
16 0.812422 0.460490 0.043915 0.087193
20 0.898369 0.088556 0.052698 0.100817
7 0.904015 0.600817 0.063990 0.138965
22 0.893977 0.767030 0.043915 0.084469
18 0.961731 0.073569 0.051443 0.103542
13 0.968005 0.219346 0.063990 0.138965
23 0.959849 0.382834 0.047679 0.095368
14 0.968005 0.549046 0.063990 0.138965
34 0.956713 0.696185 0.041405 0.100817