32 0.069488 0.073727 0.138976 0.072386
31 0.033960 0.180965 0.067921 0.072386
13 0.026646 0.301609 0.053292 0.136729
35 0.019854 0.450402 0.039707 0.085791
5 0.026646 0.615282 0.053292 0.136729
15 0.163009 0.317694 0.048067 0.099196
2 0.165622 0.489276 0.053292 0.136729
23 0.158830 0.620643 0.039707 0.093834
16 0.157262 0.753351 0.036573 0.085791
0 0.400731 0.261394 0.053292 0.136729
24 0.390805 0.529491 0.033438 0.088472
30 0.396029 0.823056 0.043887 0.112601
10 0.551202 0.258713 0.053292 0.136729
6 0.551202 0.411528 0.053292 0.136729
33 0.543887 0.568365 0.038662 0.101877
28 0.596134 0.061662 0.036573 0.096515
1 0.604493 0.387399 0.053292 0.136729
12 0.604493 0.564343 0.053292 0.136729
8 0.604493 0.727882 0.053292 0.136729
20 0.599791 0.899464 0.043887 0.099196
9 0.657785 0.089812 0.053292 0.136729
29 0.649948 0.573727 0.037618 0.107239
26 0.649948 0.698391 0.037618 0.104558
3 0.711076 0.081769 0.053292 0.136729
19 0.705852 0.225201 0.042842 0.085791
4 0.711076 0.390080 0.053292 0.136729
21 0.701672 0.549598 0.034483 0.085791
27 0.701149 0.670241 0.033438 0.085791
17 0.760188 0.083110 0.044932 0.096515
14 0.764368 0.245308 0.053292 0.136729
25 0.842215 0.396783 0.208986 0.080429
18 0.759143 0.536193 0.042842 0.101877
7 0.764368 0.684987 0.053292 0.136729
11 0.973354 0.266756 0.053292 0.136729
34 0.963950 0.583110 0.034483 0.099196
22 0.964995 0.711796 0.036573 0.083110