15 0.026620 0.071970 0.053241 0.093434
18 0.023727 0.510101 0.047454 0.095960
35 0.021991 0.626263 0.043981 0.080808
8 0.029514 0.746212 0.059028 0.128788
3 0.088542 0.258838 0.059028 0.128788
33 0.080440 0.527778 0.042824 0.095960
28 0.079282 0.671717 0.040509 0.090909
10 0.147569 0.251263 0.059028 0.128788
13 0.206597 0.097222 0.059028 0.128788
11 0.206597 0.258838 0.059028 0.128788
21 0.196181 0.406566 0.038194 0.080808
6 0.206597 0.536616 0.059028 0.128788
16 0.197338 0.659091 0.040509 0.080808
25 0.292824 0.755051 0.231481 0.075758
23 0.430556 0.064394 0.043981 0.088384
0 0.438079 0.190657 0.059028 0.128788
14 0.438079 0.362374 0.059028 0.128788
34 0.427662 0.498737 0.038194 0.093434
29 0.429398 0.628788 0.041667 0.101010
1 0.497106 0.097222 0.059028 0.128788
30 0.491898 0.244949 0.048611 0.106061
22 0.487847 0.369949 0.040509 0.078283
12 0.497106 0.496212 0.059028 0.128788
19 0.491319 0.732323 0.047454 0.080808
20 0.752315 0.061869 0.048611 0.093434
7 0.757523 0.208333 0.059028 0.128788
2 0.757523 0.382576 0.059028 0.128788
4 0.757523 0.559343 0.059028 0.128788
9 0.757523 0.726010 0.059028 0.128788
31 0.824653 0.056818 0.075231 0.068182
27 0.805556 0.270202 0.037037 0.080808
17 0.811921 0.381313 0.049769 0.090909
32 0.864005 0.635101 0.153935 0.068182
5 0.970486 0.425505 0.059028 0.128788
24 0.959491 0.561869 0.037037 0.083333
26 0.961806 0.698232 0.041667 0.098485