0 0.018293 0.075123 0.036585 0.125616
29 0.012912 0.298030 0.025825 0.098522
7 0.018293 0.449507 0.036585 0.125616
24 0.011478 0.594828 0.022956 0.081281
4 0.018293 0.727833 0.036585 0.125616
9 0.179699 0.075123 0.036585 0.125616
25 0.233142 0.211823 0.143472 0.073892
21 0.173242 0.312808 0.023673 0.078818
26 0.174319 0.442118 0.025825 0.096059
10 0.179699 0.772167 0.036585 0.125616
8 0.323171 0.097291 0.036585 0.125616
3 0.323171 0.259852 0.036585 0.125616
14 0.323171 0.540640 0.036585 0.125616
20 0.319943 0.673645 0.030129 0.091133
33 0.477403 0.376847 0.026542 0.093596
1 0.482425 0.501232 0.036585 0.125616
31 0.487446 0.624384 0.046628 0.066502
18 0.478838 0.746305 0.029412 0.093596
27 0.522238 0.054187 0.022956 0.078818
28 0.523314 0.182266 0.025108 0.088670
12 0.529053 0.464286 0.036585 0.125616
17 0.685438 0.056650 0.030846 0.088670
19 0.684720 0.152709 0.029412 0.078818
23 0.683644 0.424877 0.027260 0.086207
5 0.724892 0.089901 0.036585 0.125616
16 0.719154 0.438424 0.025108 0.078818
15 0.723099 0.543103 0.032999 0.091133
34 0.718436 0.651478 0.023673 0.091133
32 0.915710 0.060345 0.095409 0.066502
35 0.881636 0.339901 0.027260 0.078818
22 0.880560 0.447044 0.025108 0.076355
6 0.886298 0.575123 0.036585 0.125616
13 0.981707 0.097291 0.036585 0.125616
2 0.981707 0.429803 0.036585 0.125616
11 0.981707 0.599754 0.036585 0.125616
30 0.978479 0.761084 0.030129 0.103448