21 0.013458 0.067935 0.026917 0.086957
26 0.014682 0.292120 0.029364 0.105978
16 0.014274 0.442935 0.028548 0.086957
15 0.018760 0.588315 0.037520 0.100543
31 0.210033 0.262228 0.053018 0.073370
5 0.204323 0.400815 0.041599 0.138587
2 0.204323 0.558424 0.041599 0.138587
28 0.197798 0.717391 0.028548 0.097826
33 0.251631 0.067935 0.030179 0.103261
7 0.257341 0.221467 0.041599 0.138587
14 0.257341 0.381793 0.041599 0.138587
32 0.290783 0.509511 0.108483 0.073370
12 0.257341 0.639946 0.041599 0.138587
35 0.360522 0.076087 0.030995 0.086957
34 0.358483 0.300272 0.026917 0.100543
27 0.358075 0.448370 0.026101 0.086957
23 0.360522 0.577446 0.030995 0.095109
25 0.426591 0.706522 0.163132 0.081522
18 0.524878 0.092391 0.033442 0.103261
19 0.524878 0.217391 0.033442 0.086957
3 0.528956 0.381793 0.041599 0.138587
24 0.521207 0.525815 0.026101 0.089674
30 0.525285 0.652174 0.034258 0.114130
29 0.522838 0.796196 0.029364 0.108696
17 0.567292 0.078804 0.035073 0.097826
11 0.570555 0.210598 0.041599 0.138587
10 0.570555 0.381793 0.041599 0.138587
8 0.570555 0.569293 0.041599 0.138587
22 0.564029 0.710598 0.028548 0.084239
1 0.570555 0.849185 0.041599 0.138587
6 0.795677 0.264946 0.041599 0.138587
0 0.795677 0.441576 0.041599 0.138587
4 0.795677 0.607337 0.041599 0.138587
20 0.792007 0.927989 0.034258 0.100543
13 0.837276 0.294837 0.041599 0.138587
9 0.837276 0.574728 0.041599 0.138587