25 0.103413 0.053030 0.206825 0.075758
16 0.018097 0.169192 0.036194 0.080808
4 0.026370 0.465909 0.052740 0.128788
22 0.018097 0.607323 0.036194 0.078283
24 0.223371 0.074495 0.033092 0.083333
31 0.240434 0.172980 0.067218 0.068182
21 0.223888 0.449495 0.034126 0.080808
27 0.223371 0.560606 0.033092 0.080808
17 0.296277 0.075758 0.044467 0.090909
20 0.295760 0.273990 0.043433 0.093434
6 0.300414 0.417929 0.052740 0.128788
30 0.295760 0.563131 0.043433 0.106061
0 0.533092 0.266414 0.052740 0.128788
1 0.533092 0.420455 0.052740 0.128788
12 0.533092 0.589646 0.052740 0.128788
3 0.585832 0.092172 0.052740 0.128788
15 0.583247 0.241162 0.047570 0.093434
5 0.585832 0.486111 0.052740 0.128788
23 0.579111 0.766414 0.039297 0.088384
18 0.633402 0.060606 0.042399 0.095960
14 0.638573 0.220960 0.052740 0.128788
32 0.680972 0.453283 0.137539 0.068182
35 0.631851 0.540404 0.039297 0.080808
9 0.868149 0.205808 0.052740 0.128788
2 0.868149 0.506313 0.052740 0.128788
10 0.868149 0.662879 0.052740 0.128788
13 0.920889 0.099747 0.052740 0.128788
7 0.920889 0.253788 0.052740 0.128788
28 0.912616 0.411616 0.036194 0.090909
34 0.911582 0.705808 0.034126 0.093434
29 0.913133 0.830808 0.037229 0.101010
8 0.973630 0.084596 0.052740 0.128788
26 0.965874 0.233586 0.037229 0.098485
19 0.968459 0.472222 0.042399 0.080808
33 0.966391 0.593434 0.038263 0.095960
11 0.973630 0.756313 0.052740 0.128788