22 0.019147 0.211590 0.038293 0.083558
20 0.022976 0.324798 0.045952 0.099730
17 0.023523 0.471698 0.047046 0.097035
24 0.017505 0.586253 0.035011 0.088949
27 0.017505 0.716981 0.035011 0.086253
31 0.091357 0.068733 0.071116 0.072776
10 0.083698 0.216981 0.055799 0.137466
8 0.083698 0.378706 0.055799 0.137466
0 0.083698 0.712938 0.055799 0.137466
6 0.154814 0.580863 0.055799 0.137466
23 0.147702 0.742588 0.041575 0.094340
5 0.154814 0.885445 0.055799 0.137466
30 0.205689 0.444744 0.045952 0.113208
28 0.201860 0.595687 0.038293 0.097035
26 0.202407 0.723720 0.039387 0.105121
1 0.266411 0.305930 0.055799 0.137466
18 0.260941 0.455526 0.044858 0.102426
4 0.266411 0.602426 0.055799 0.137466
15 0.263676 0.769542 0.050328 0.099730
19 0.418490 0.064690 0.044858 0.086253
14 0.423961 0.216981 0.055799 0.137466
2 0.423961 0.376011 0.055799 0.137466
7 0.423961 0.642857 0.055799 0.137466
32 0.524617 0.066038 0.145514 0.072776
13 0.479759 0.316712 0.055799 0.137466
21 0.469912 0.482480 0.036105 0.086253
9 0.479759 0.615903 0.055799 0.137466
12 0.479759 0.780323 0.055799 0.137466
16 0.717177 0.339623 0.038293 0.086253
3 0.725930 0.481132 0.055799 0.137466
35 0.718818 0.638814 0.041575 0.086253
34 0.716083 0.764151 0.036105 0.099730
33 0.774070 0.245283 0.040481 0.102426
29 0.773523 0.450135 0.039387 0.107817
11 0.781729 0.605121 0.055799 0.137466
25 0.863239 0.749326 0.218818 0.080863