26 0.024423 0.076060 0.048847 0.097257
13 0.034600 0.203242 0.069199 0.127182
24 0.021710 0.340399 0.043419 0.082294
22 0.023745 0.455112 0.047490 0.077307
15 0.031208 0.729426 0.062415 0.092269
12 0.103799 0.086035 0.069199 0.127182
4 0.103799 0.255611 0.069199 0.127182
11 0.103799 0.415212 0.069199 0.127182
5 0.103799 0.754364 0.069199 0.127182
3 0.172999 0.086035 0.069199 0.127182
19 0.166214 0.201995 0.055631 0.079800
9 0.172999 0.327930 0.069199 0.127182
30 0.166893 0.471322 0.056988 0.104738
27 0.229308 0.184539 0.043419 0.079800
2 0.242198 0.312968 0.069199 0.127182
31 0.447083 0.056110 0.088195 0.067332
7 0.437585 0.592269 0.069199 0.127182
32 0.581411 0.063591 0.180461 0.067332
33 0.516282 0.164589 0.050204 0.094763
35 0.516961 0.526185 0.051560 0.079800
25 0.626866 0.648379 0.271370 0.074813
29 0.816825 0.087282 0.048847 0.099751
20 0.820896 0.205736 0.056988 0.092269
34 0.814790 0.325436 0.044776 0.092269
10 0.827001 0.609726 0.069199 0.127182
0 0.827001 0.774314 0.069199 0.127182
1 0.896201 0.091022 0.069199 0.127182
17 0.890773 0.221945 0.058345 0.089776
23 0.887381 0.335411 0.051560 0.087282
18 0.889417 0.461347 0.055631 0.094763
21 0.883989 0.586035 0.044776 0.079800
16 0.885346 0.708229 0.047490 0.079800
28 0.954545 0.349127 0.047490 0.089776
8 0.965400 0.475062 0.069199 0.127182
6 0.965400 0.629676 0.069199 0.127182
14 0.965400 0.781796 0.069199 0.127182