5 0.023989 0.096995 0.047977 0.139344
3 0.023989 0.258197 0.047977 0.139344
17 0.020226 0.396175 0.040452 0.098361
29 0.016933 0.710383 0.033866 0.109290
16 0.064440 0.073770 0.032926 0.087432
33 0.065381 0.191257 0.034807 0.103825
32 0.110536 0.301913 0.125118 0.073770
1 0.071966 0.463115 0.047977 0.139344
34 0.198965 0.064208 0.031044 0.101093
19 0.202728 0.185792 0.038570 0.087432
28 0.199906 0.489071 0.032926 0.098361
30 0.203198 0.639344 0.039511 0.114754
31 0.214017 0.780055 0.061148 0.073770
13 0.268579 0.083333 0.047977 0.139344
14 0.268579 0.236339 0.047977 0.139344
6 0.268579 0.531421 0.047977 0.139344
11 0.268579 0.719945 0.047977 0.139344
26 0.261524 0.867486 0.033866 0.106557
22 0.309031 0.263661 0.032926 0.084699
27 0.307620 0.377049 0.030103 0.087432
4 0.316557 0.525956 0.047977 0.139344
15 0.314205 0.676230 0.043274 0.101093
10 0.364534 0.244536 0.047977 0.139344
21 0.356068 0.819672 0.031044 0.087432
35 0.570085 0.060109 0.035748 0.087432
7 0.576199 0.274590 0.047977 0.139344
18 0.571496 0.412568 0.038570 0.103825
9 0.787865 0.094262 0.047977 0.139344
20 0.783631 0.230874 0.039511 0.101093
2 0.787865 0.383880 0.047977 0.139344
12 0.787865 0.550546 0.047977 0.139344
24 0.778928 0.711749 0.030103 0.090164
8 0.787865 0.875683 0.047977 0.139344
0 0.835842 0.091530 0.047977 0.139344
23 0.829727 0.258197 0.035748 0.095628
25 0.905927 0.879781 0.188147 0.081967