14 0.024379 0.095714 0.048757 0.145714
27 0.015296 0.254286 0.030593 0.091429
18 0.019598 0.382857 0.039197 0.108571
22 0.016730 0.612857 0.033461 0.088571
34 0.015774 0.752857 0.031549 0.105714
5 0.236616 0.107143 0.048757 0.145714
19 0.231836 0.271429 0.039197 0.091429
33 0.229924 0.534286 0.035373 0.108571
12 0.236616 0.704286 0.048757 0.145714
25 0.307839 0.845714 0.191205 0.085714
16 0.420172 0.068571 0.033461 0.091429
2 0.427820 0.221429 0.048757 0.145714
11 0.427820 0.401429 0.048757 0.145714
35 0.421606 0.568571 0.036329 0.091429
1 0.427820 0.741429 0.048757 0.145714
26 0.420650 0.924286 0.034417 0.111429
13 0.476577 0.092857 0.048757 0.145714
24 0.467495 0.267143 0.030593 0.094286
7 0.476577 0.630000 0.048757 0.145714
3 0.476577 0.832857 0.048757 0.145714
31 0.532027 0.070000 0.062141 0.077143
30 0.521033 0.317143 0.040153 0.120000
10 0.525335 0.481429 0.048757 0.145714
8 0.587476 0.235714 0.048757 0.145714
20 0.583174 0.504286 0.040153 0.105714
21 0.578872 0.654286 0.031549 0.091429
9 0.799713 0.095714 0.048757 0.145714
0 0.799713 0.284286 0.048757 0.145714
6 0.799713 0.632857 0.048757 0.145714
15 0.797323 0.798571 0.043977 0.105714
17 0.844646 0.088571 0.041109 0.102857
4 0.897228 0.101429 0.048757 0.145714
32 0.936424 0.261429 0.127151 0.077143
29 0.890057 0.371429 0.034417 0.114286
23 0.891013 0.501429 0.036329 0.100000
28 0.889579 0.640000 0.033461 0.102857