25 0.125471 0.057743 0.250941 0.078740
21 0.020703 0.183727 0.041405 0.083990
1 0.031995 0.332021 0.063990 0.133858
30 0.026349 0.503937 0.052698 0.110236
24 0.020075 0.628609 0.040151 0.086614
17 0.026976 0.769029 0.053952 0.094488
2 0.282936 0.093176 0.063990 0.133858
28 0.272898 0.259843 0.043915 0.094488
20 0.277290 0.405512 0.052698 0.097113
11 0.282936 0.733596 0.063990 0.133858
12 0.346926 0.095801 0.063990 0.133858
7 0.346926 0.261155 0.063990 0.133858
8 0.346926 0.536745 0.063990 0.133858
26 0.337516 0.688976 0.045169 0.102362
3 0.527604 0.106299 0.063990 0.133858
33 0.518821 0.249344 0.046424 0.099738
31 0.536386 0.387139 0.081556 0.070866
16 0.517566 0.501312 0.043915 0.083990
19 0.521330 0.632546 0.051443 0.083990
14 0.527604 0.762467 0.063990 0.133858
27 0.597240 0.574803 0.040151 0.083990
35 0.601004 0.685039 0.047679 0.083990
5 0.609159 0.830709 0.063990 0.133858
4 0.673149 0.098425 0.063990 0.133858
9 0.673149 0.447507 0.063990 0.133858
0 0.673149 0.793963 0.063990 0.133858
34 0.725847 0.064304 0.041405 0.097113
23 0.728984 0.360892 0.047679 0.091864
29 0.727729 0.480315 0.045169 0.104987
6 0.737139 0.644357 0.063990 0.133858
32 0.788582 0.799213 0.166876 0.070866
15 0.900878 0.389764 0.057716 0.097113
13 0.904015 0.686352 0.063990 0.133858
22 0.957967 0.064304 0.043915 0.081365
10 0.968005 0.200787 0.063990 0.133858
18 0.961731 0.477690 0.051443 0.099738