29 0.016981 0.093333 0.033962 0.106667
10 0.024057 0.364000 0.048113 0.136000
34 0.015566 0.521333 0.031132 0.098667
32 0.062736 0.652000 0.125472 0.072000
26 0.016981 0.764000 0.033962 0.104000
4 0.159906 0.097333 0.048113 0.136000
27 0.150943 0.242667 0.030189 0.085333
13 0.159906 0.401333 0.048113 0.136000
21 0.151415 0.525333 0.031132 0.085333
28 0.152358 0.650667 0.033019 0.096000
12 0.208019 0.089333 0.048113 0.136000
35 0.201887 0.218667 0.035849 0.085333
1 0.208019 0.540000 0.048113 0.136000
3 0.208019 0.689333 0.048113 0.136000
18 0.251415 0.088000 0.038679 0.101333
16 0.248585 0.325333 0.033019 0.085333
2 0.256132 0.742667 0.048113 0.136000
6 0.468396 0.097333 0.048113 0.136000
19 0.463679 0.232000 0.038679 0.085333
11 0.468396 0.478667 0.048113 0.136000
20 0.464151 0.630667 0.039623 0.098667
17 0.512736 0.077333 0.040566 0.096000
15 0.514151 0.452000 0.043396 0.098667
23 0.510377 0.574667 0.035849 0.093333
25 0.586792 0.706667 0.188679 0.080000
8 0.705189 0.094667 0.048113 0.136000
31 0.711792 0.404000 0.061321 0.072000
30 0.700943 0.514667 0.039623 0.112000
5 0.766509 0.382667 0.048113 0.136000
7 0.766509 0.708000 0.048113 0.136000
14 0.766509 0.878667 0.048113 0.136000
22 0.968396 0.065333 0.033019 0.082667
9 0.975943 0.342667 0.048113 0.136000
0 0.975943 0.518667 0.048113 0.136000
24 0.966981 0.662667 0.030189 0.088000
33 0.969340 0.794667 0.034906 0.101333