29 0.018127 0.081159 0.036254 0.115942
33 0.018630 0.208696 0.037261 0.110145
15 0.023162 0.343478 0.046324 0.107246
35 0.019134 0.492754 0.038268 0.092754
27 0.067472 0.078261 0.032226 0.092754
7 0.077039 0.221739 0.051360 0.147826
12 0.077039 0.398551 0.051360 0.147826
31 0.084089 0.540580 0.065458 0.078261
17 0.073011 0.678261 0.043303 0.104348
5 0.077039 0.824638 0.051360 0.147826
22 0.134441 0.265217 0.035247 0.089855
34 0.133434 0.398551 0.033233 0.107246
6 0.142497 0.908696 0.051360 0.147826
21 0.184794 0.078261 0.033233 0.092754
3 0.193857 0.227536 0.051360 0.147826
8 0.193857 0.392754 0.051360 0.147826
11 0.193857 0.592754 0.051360 0.147826
16 0.185801 0.742029 0.035247 0.092754
0 0.245217 0.230435 0.051360 0.147826
20 0.240685 0.395652 0.042296 0.107246
19 0.240181 0.872464 0.041289 0.092754
13 0.468781 0.094203 0.051360 0.147826
9 0.468781 0.653623 0.051360 0.147826
32 0.655086 0.247826 0.133938 0.078261
23 0.607251 0.386957 0.038268 0.101449
1 0.613797 0.540580 0.051360 0.147826
26 0.606244 0.705797 0.036254 0.113043
25 0.822759 0.298551 0.201410 0.086957
24 0.738167 0.413043 0.032226 0.095652
14 0.747734 0.592754 0.051360 0.147826
4 0.747734 0.795652 0.051360 0.147826
30 0.969789 0.086957 0.042296 0.121739
28 0.966264 0.252174 0.035247 0.104348
18 0.969285 0.382609 0.041289 0.110145
2 0.974320 0.531884 0.051360 0.147826
10 0.974320 0.737681 0.051360 0.147826