5 0.019585 0.240634 0.039171 0.146974
23 0.014593 0.399135 0.029186 0.100865
34 0.012673 0.520173 0.025346 0.106628
33 0.014209 0.821326 0.028418 0.109510
13 0.058756 0.108069 0.039171 0.146974
25 0.115975 0.259366 0.153610 0.086455
1 0.058756 0.396254 0.039171 0.146974
20 0.055300 0.574928 0.032258 0.106628
22 0.052611 0.727666 0.026882 0.089337
15 0.056836 0.840058 0.035330 0.106628
31 0.217742 0.079251 0.049923 0.077810
32 0.243856 0.203170 0.102151 0.077810
10 0.212366 0.344380 0.039171 0.146974
21 0.205453 0.515850 0.025346 0.092219
14 0.212366 0.658501 0.039171 0.146974
27 0.307220 0.570605 0.024578 0.092219
2 0.314516 0.883285 0.039171 0.146974
3 0.487327 0.102305 0.039171 0.146974
6 0.487327 0.272334 0.039171 0.146974
4 0.487327 0.436599 0.039171 0.146974
30 0.483871 0.706052 0.032258 0.121037
11 0.487327 0.883285 0.039171 0.146974
9 0.597926 0.102305 0.039171 0.146974
8 0.597926 0.606628 0.039171 0.146974
17 0.594854 0.775216 0.033026 0.103746
35 0.632104 0.063401 0.029186 0.092219
0 0.637097 0.220461 0.039171 0.146974
29 0.631336 0.561960 0.027650 0.115274
19 0.633257 0.680115 0.031490 0.092219
18 0.672427 0.184438 0.031490 0.109510
28 0.670123 0.510086 0.026882 0.103746
16 0.842934 0.089337 0.026882 0.092219
7 0.849078 0.223343 0.039171 0.146974
24 0.841782 0.531700 0.024578 0.095101
26 0.843318 0.667147 0.027650 0.112392
12 0.849078 0.854467 0.039171 0.146974