11 0.018149 0.105042 0.036299 0.142857
23 0.013523 0.264706 0.027046 0.098039
10 0.018149 0.485994 0.036299 0.142857
0 0.018149 0.648459 0.036299 0.142857
29 0.012811 0.809524 0.025623 0.112045
34 0.114235 0.082633 0.023488 0.103641
25 0.173665 0.226891 0.142349 0.084034
20 0.117438 0.659664 0.029893 0.103641
14 0.262989 0.091036 0.036299 0.142857
7 0.262989 0.256303 0.036299 0.142857
6 0.262989 0.413165 0.036299 0.142857
13 0.262989 0.606443 0.036299 0.142857
35 0.258363 0.750700 0.027046 0.089636
15 0.261210 0.894958 0.032740 0.103641
12 0.299288 0.093838 0.036299 0.142857
28 0.293594 0.246499 0.024911 0.100840
16 0.293594 0.557423 0.024911 0.089636
26 0.293950 0.698880 0.025623 0.109244
18 0.332028 0.070028 0.029181 0.106443
24 0.328826 0.320728 0.022776 0.092437
5 0.335587 0.477591 0.036299 0.142857
22 0.329893 0.724090 0.024911 0.086835
3 0.493594 0.110644 0.036299 0.142857
2 0.493594 0.460784 0.036299 0.142857
33 0.488612 0.630252 0.026335 0.106443
19 0.490036 0.747899 0.029181 0.089636
27 0.644840 0.218487 0.022776 0.089636
32 0.680783 0.628852 0.094662 0.075630
21 0.645196 0.764706 0.023488 0.089636
4 0.811744 0.102241 0.036299 0.142857
30 0.808541 0.546218 0.029893 0.117647
31 0.976868 0.051821 0.046263 0.075630
9 0.971886 0.180672 0.036299 0.142857
1 0.971886 0.345938 0.036299 0.142857
8 0.971886 0.514006 0.036299 0.142857
17 0.969039 0.689076 0.030605 0.100840