31 0.024904 0.064103 0.049808 0.076923
27 0.012261 0.370370 0.024521 0.091168
33 0.186590 0.088319 0.028352 0.108262
16 0.185824 0.216524 0.026820 0.091168
9 0.191954 0.368946 0.039080 0.145299
19 0.188123 0.612536 0.031418 0.091168
35 0.186973 0.749288 0.029119 0.091168
0 0.302299 0.254986 0.039080 0.145299
23 0.297318 0.394587 0.029119 0.099715
15 0.300383 0.534188 0.035249 0.105413
30 0.298851 0.663818 0.032184 0.119658
20 0.298851 0.793447 0.032184 0.105413
4 0.341379 0.115385 0.039080 0.145299
21 0.334483 0.262108 0.025287 0.091168
7 0.341379 0.710826 0.039080 0.145299
10 0.341379 0.904558 0.039080 0.145299
22 0.374330 0.086895 0.026820 0.088319
13 0.380460 0.232194 0.039080 0.145299
3 0.380460 0.559829 0.039080 0.145299
32 0.411877 0.890313 0.101916 0.076923
14 0.482375 0.101140 0.039080 0.145299
1 0.482375 0.462963 0.039080 0.145299
11 0.482375 0.747863 0.039080 0.145299
25 0.711877 0.085470 0.153257 0.085470
8 0.654789 0.235043 0.039080 0.145299
26 0.649042 0.391738 0.027586 0.111111
29 0.649042 0.717949 0.027586 0.113960
17 0.651724 0.851852 0.032950 0.102564
5 0.808046 0.095442 0.039080 0.145299
28 0.801916 0.558405 0.026820 0.102564
24 0.800766 0.702279 0.024521 0.094017
18 0.843295 0.082621 0.031418 0.108262
6 0.847126 0.232194 0.039080 0.145299
34 0.840230 0.457265 0.025287 0.105413
12 0.847126 0.616809 0.039080 0.145299
2 0.847126 0.782051 0.039080 0.145299