10 0.028428 0.081551 0.056856 0.136364
16 0.019509 0.227273 0.039019 0.085561
22 0.019509 0.739305 0.039019 0.082888
1 0.275920 0.100267 0.056856 0.136364
18 0.270346 0.438503 0.045708 0.101604
28 0.267001 0.550802 0.039019 0.096257
17 0.271460 0.689840 0.047938 0.096257
4 0.332776 0.102941 0.056856 0.136364
3 0.332776 0.477273 0.056856 0.136364
6 0.332776 0.659091 0.056856 0.136364
21 0.322742 0.922460 0.036789 0.085561
0 0.389632 0.092246 0.056856 0.136364
11 0.389632 0.268717 0.056856 0.136364
8 0.389632 0.637701 0.056856 0.136364
13 0.389632 0.806150 0.056856 0.136364
12 0.446488 0.105615 0.056856 0.136364
25 0.529543 0.350267 0.222965 0.080214
2 0.446488 0.501337 0.056856 0.136364
23 0.439242 0.669786 0.042363 0.093583
26 0.438127 0.787433 0.040134 0.104278
20 0.688963 0.228610 0.046823 0.098930
15 0.691193 0.554813 0.051282 0.098930
19 0.688406 0.663102 0.045708 0.085561
33 0.743032 0.090909 0.041249 0.101604
31 0.758640 0.217914 0.072464 0.072193
35 0.743590 0.318182 0.042363 0.085561
30 0.745819 0.564171 0.046823 0.112299
7 0.750836 0.720588 0.056856 0.136364
29 0.814939 0.072193 0.040134 0.106952
5 0.823300 0.220588 0.056856 0.136364
9 0.823300 0.399733 0.056856 0.136364
14 0.823300 0.584225 0.056856 0.136364
27 0.812709 0.740642 0.035674 0.085561
32 0.925864 0.260695 0.148272 0.072193
24 0.869565 0.538770 0.035674 0.088235
34 0.870123 0.648396 0.036789 0.098930