32 0.058954 0.534722 0.117908 0.075000
30 0.018617 0.652778 0.037234 0.116667
24 0.014184 0.779167 0.028369 0.091667
8 0.140514 0.084722 0.045213 0.141667
14 0.140514 0.270833 0.045213 0.141667
5 0.140514 0.523611 0.045213 0.141667
16 0.133422 0.866667 0.031028 0.088889
33 0.261968 0.091667 0.032801 0.105556
12 0.268174 0.731944 0.045213 0.141667
1 0.268174 0.898611 0.045213 0.141667
9 0.464982 0.109722 0.045213 0.141667
34 0.457004 0.279167 0.029255 0.102778
22 0.457890 0.406944 0.031028 0.086111
20 0.460993 0.537500 0.037234 0.102778
0 0.464982 0.690278 0.045213 0.141667
15 0.462766 0.859722 0.040780 0.102778
7 0.510195 0.112500 0.045213 0.141667
6 0.510195 0.293056 0.045213 0.141667
26 0.503546 0.437500 0.031915 0.108333
29 0.503546 0.602778 0.031915 0.111111
11 0.510195 0.754167 0.045213 0.141667
18 0.550975 0.091667 0.036348 0.105556
35 0.549645 0.397222 0.033688 0.088889
13 0.555408 0.540278 0.045213 0.141667
2 0.555408 0.720833 0.045213 0.141667
3 0.600621 0.095833 0.045213 0.141667
10 0.600621 0.368056 0.045213 0.141667
31 0.606826 0.490278 0.057624 0.075000
23 0.594858 0.690278 0.033688 0.097222
21 0.792110 0.350000 0.029255 0.088889
25 0.866135 0.477778 0.177305 0.083333
27 0.791667 0.594444 0.028369 0.088889
28 0.970301 0.083333 0.031028 0.100000
17 0.973848 0.238889 0.038121 0.100000
4 0.977394 0.376389 0.045213 0.141667
19 0.972961 0.863889 0.036348 0.088889