6 0.020902 0.482240 0.041803 0.139344
9 0.020902 0.640710 0.041803 0.139344
26 0.014754 0.818306 0.029508 0.106557
27 0.054918 0.065574 0.026230 0.087432
14 0.062705 0.206284 0.041803 0.139344
15 0.060656 0.381148 0.037705 0.101093
28 0.056148 0.510929 0.028689 0.098361
20 0.059016 0.635246 0.034426 0.101093
11 0.062705 0.780055 0.041803 0.139344
4 0.104508 0.096995 0.041803 0.139344
5 0.104508 0.277322 0.041803 0.139344
21 0.097131 0.562842 0.027049 0.087432
24 0.281148 0.058743 0.026230 0.090164
25 0.350000 0.166667 0.163934 0.081967
8 0.288934 0.646175 0.041803 0.139344
30 0.285246 0.819672 0.034426 0.114754
7 0.452869 0.099727 0.041803 0.139344
34 0.445492 0.244536 0.027049 0.101093
0 0.452869 0.408470 0.041803 0.139344
12 0.452869 0.722678 0.041803 0.139344
35 0.489344 0.062842 0.031148 0.087432
22 0.488115 0.189891 0.028689 0.084699
18 0.490574 0.327869 0.033607 0.103825
17 0.491393 0.478142 0.035246 0.098361
29 0.488525 0.606557 0.029508 0.109290
32 0.570082 0.058743 0.109016 0.073770
2 0.536475 0.427596 0.041803 0.139344
19 0.532377 0.576503 0.033607 0.087432
1 0.654508 0.110656 0.041803 0.139344
31 0.660246 0.260929 0.053279 0.073770
23 0.649180 0.370219 0.031148 0.095628
16 0.647951 0.683060 0.028689 0.087432
3 0.838934 0.102459 0.041803 0.139344
13 0.838934 0.389344 0.041803 0.139344
10 0.838934 0.545082 0.041803 0.139344
33 0.833197 0.855191 0.030328 0.103825