14 0.031559 0.100852 0.063119 0.144886
11 0.031559 0.438920 0.063119 0.144886
17 0.026609 0.593750 0.053218 0.102273
26 0.022277 0.723011 0.044554 0.110795
19 0.088490 0.309659 0.050743 0.090909
0 0.094678 0.467330 0.063119 0.144886
12 0.094678 0.654830 0.063119 0.144886
5 0.272896 0.279830 0.063119 0.144886
24 0.261139 0.427557 0.039604 0.093750
32 0.323639 0.526989 0.164604 0.076705
8 0.272896 0.663352 0.063119 0.144886
4 0.451114 0.095170 0.063119 0.144886
7 0.451114 0.285511 0.063119 0.144886
6 0.451114 0.461648 0.063119 0.144886
35 0.443069 0.616477 0.047030 0.090909
28 0.441213 0.741477 0.043317 0.102273
23 0.443069 0.893466 0.047030 0.099432
29 0.504950 0.292614 0.044554 0.113636
34 0.503094 0.737216 0.040842 0.105114
18 0.571163 0.073864 0.050743 0.107955
21 0.566213 0.343750 0.040842 0.090909
25 0.669554 0.465909 0.247525 0.085227
16 0.814975 0.079545 0.043317 0.090909
2 0.824876 0.228693 0.063119 0.144886
22 0.814975 0.379261 0.043317 0.088068
27 0.813119 0.488636 0.039604 0.090909
31 0.833540 0.586648 0.080446 0.076705
13 0.905322 0.095170 0.063119 0.144886
9 0.905322 0.291193 0.063119 0.144886
3 0.905322 0.458807 0.063119 0.144886
10 0.905322 0.623580 0.063119 0.144886
15 0.965347 0.069602 0.056931 0.105114
33 0.959777 0.221591 0.045792 0.107955
20 0.962871 0.365057 0.051980 0.105114
1 0.968441 0.509943 0.063119 0.144886
30 0.962871 0.857955 0.051980 0.119318