1 0.019421 0.109065 0.038842 0.144476
0 0.019421 0.301700 0.038842 0.144476
23 0.014471 0.471671 0.028941 0.099150
18 0.186976 0.093484 0.031226 0.107649
5 0.190784 0.242210 0.038842 0.144476
2 0.190784 0.412181 0.038842 0.144476
22 0.184692 0.553824 0.026657 0.087819
9 0.229627 0.094901 0.038842 0.144476
15 0.227723 0.264873 0.035034 0.104816
14 0.229627 0.437677 0.038842 0.144476
29 0.223915 0.597734 0.027418 0.113314
33 0.224296 0.725212 0.028180 0.107649
4 0.229627 0.876771 0.038842 0.144476
16 0.262376 0.059490 0.026657 0.090652
12 0.268469 0.406516 0.038842 0.144476
8 0.268469 0.876771 0.038842 0.144476
28 0.372049 0.226629 0.026657 0.101983
6 0.378142 0.565156 0.038842 0.144476
20 0.374714 0.712465 0.031988 0.104816
30 0.543793 0.090652 0.031988 0.118980
7 0.547220 0.273371 0.038842 0.144476
34 0.540366 0.582153 0.025133 0.104816
19 0.543412 0.895184 0.031226 0.090652
11 0.586062 0.199717 0.038842 0.144476
10 0.586062 0.491501 0.038842 0.144476
27 0.578827 0.657224 0.024372 0.090652
13 0.757426 0.092068 0.038842 0.144476
21 0.750571 0.223796 0.025133 0.090652
35 0.752475 0.362606 0.028941 0.090652
25 0.814166 0.677054 0.152323 0.084986
3 0.757426 0.811615 0.038842 0.144476
32 0.940975 0.174221 0.101295 0.076487
26 0.904037 0.281870 0.027418 0.110482
24 0.902513 0.403683 0.024372 0.093484
31 0.915080 0.516997 0.049505 0.076487
17 0.906702 0.645892 0.032749 0.101983