28 0.013148 0.071233 0.026296 0.098630
1 0.019159 0.231507 0.038317 0.139726
27 0.012021 0.473973 0.024042 0.087671
2 0.019159 0.623288 0.038317 0.139726
6 0.019159 0.812329 0.038317 0.139726
4 0.188204 0.110959 0.038317 0.139726
18 0.184448 0.578082 0.030804 0.104110
24 0.181067 0.694521 0.024042 0.090411
8 0.296394 0.349315 0.038317 0.139726
16 0.290383 0.504110 0.026296 0.087671
29 0.290759 0.635616 0.027047 0.109589
26 0.290759 0.787671 0.027047 0.106849
35 0.399699 0.084932 0.028550 0.087671
34 0.397821 0.217808 0.024793 0.101370
9 0.404583 0.371233 0.038317 0.139726
31 0.409842 0.708219 0.048835 0.073973
30 0.401202 0.827397 0.031555 0.115068
10 0.453418 0.291781 0.038317 0.139726
15 0.451540 0.431507 0.034560 0.101370
20 0.450038 0.557534 0.031555 0.101370
32 0.522539 0.058904 0.099925 0.073973
7 0.491736 0.379452 0.038317 0.139726
21 0.484974 0.531507 0.024793 0.087671
12 0.591660 0.086301 0.038317 0.139726
3 0.591660 0.242466 0.038317 0.139726
14 0.591660 0.417808 0.038317 0.139726
22 0.585650 0.554795 0.026296 0.084932
25 0.647633 0.671233 0.150263 0.082192
0 0.591660 0.801370 0.038317 0.139726
13 0.741923 0.286301 0.038317 0.139726
23 0.737040 0.417808 0.028550 0.095890
11 0.741923 0.700000 0.038317 0.139726
33 0.905710 0.093151 0.027799 0.104110
19 0.907213 0.219178 0.030804 0.087671
17 0.907964 0.350685 0.032307 0.098630
5 0.910969 0.505479 0.038317 0.139726