33 0.019131 0.072682 0.038263 0.095238
27 0.016546 0.275689 0.033092 0.080201
22 0.018097 0.387218 0.036194 0.077694
10 0.026370 0.502506 0.052740 0.127820
11 0.079111 0.083960 0.052740 0.127820
31 0.086350 0.204261 0.067218 0.067669
4 0.079111 0.344612 0.052740 0.127820
6 0.079111 0.672932 0.052740 0.127820
5 0.146329 0.093985 0.052740 0.127820
12 0.146329 0.251880 0.052740 0.127820
2 0.146329 0.422306 0.052740 0.127820
18 0.141158 0.751880 0.042399 0.095238
3 0.146329 0.893484 0.052740 0.127820
21 0.189762 0.285714 0.034126 0.080201
15 0.429162 0.073935 0.047570 0.092732
35 0.425026 0.175439 0.039297 0.080201
1 0.431748 0.322055 0.052740 0.127820
16 0.423475 0.466165 0.036194 0.080201
29 0.423992 0.588972 0.037229 0.100251
17 0.427611 0.701754 0.044467 0.090226
24 0.474664 0.071429 0.033092 0.082707
0 0.484488 0.226817 0.052740 0.127820
8 0.484488 0.377193 0.052740 0.127820
26 0.476732 0.532581 0.037229 0.097744
25 0.561531 0.636591 0.206825 0.075188
13 0.691313 0.076441 0.052740 0.127820
14 0.691313 0.241855 0.052740 0.127820
9 0.691313 0.402256 0.052740 0.127820
28 0.683040 0.656642 0.036194 0.090226
19 0.738883 0.248120 0.042399 0.080201
20 0.739400 0.525063 0.043433 0.092732
7 0.796794 0.083960 0.052740 0.127820
32 0.839193 0.201754 0.137539 0.067669
34 0.787487 0.432331 0.034126 0.092732
23 0.790072 0.535088 0.039297 0.087719
30 0.792141 0.654135 0.043433 0.105263