4 0.028684 0.083562 0.057368 0.139726
7 0.028684 0.269863 0.057368 0.139726
31 0.036558 0.398630 0.073116 0.073973
10 0.028684 0.554795 0.057368 0.139726
26 0.020247 0.700000 0.040495 0.106849
2 0.028684 0.850685 0.057368 0.139726
6 0.101800 0.102740 0.057368 0.139726
23 0.094488 0.393151 0.042745 0.095890
16 0.092801 0.539726 0.039370 0.087671
25 0.185602 0.638356 0.224972 0.082192
15 0.098988 0.763014 0.051744 0.101370
20 0.321710 0.078082 0.047244 0.101370
8 0.326772 0.226027 0.057368 0.139726
1 0.326772 0.406849 0.057368 0.139726
21 0.316648 0.536986 0.037120 0.087671
30 0.321710 0.668493 0.047244 0.115068
27 0.373453 0.063014 0.035996 0.087671
13 0.384139 0.387671 0.057368 0.139726
32 0.430259 0.645205 0.149606 0.073973
22 0.628234 0.080822 0.039370 0.084932
11 0.637233 0.220548 0.057368 0.139726
19 0.631609 0.569863 0.046119 0.087671
0 0.799213 0.278082 0.057368 0.139726
24 0.788526 0.417808 0.035996 0.090411
34 0.789089 0.541096 0.037120 0.101370
12 0.799213 0.691781 0.057368 0.139726
18 0.793588 0.841096 0.046119 0.104110
9 0.856580 0.521918 0.057368 0.139726
17 0.909449 0.194521 0.048369 0.098630
33 0.906074 0.328767 0.041620 0.104110
35 0.906637 0.441096 0.042745 0.087671
5 0.913948 0.568493 0.057368 0.139726
29 0.905512 0.745205 0.040495 0.109589
28 0.962317 0.071233 0.039370 0.098630
14 0.971316 0.209589 0.057368 0.139726
3 0.971316 0.546575 0.057368 0.139726