23 0.015435 0.261394 0.030869 0.093834
14 0.020715 0.414209 0.041430 0.136729
32 0.054021 0.534853 0.108042 0.072386
18 0.016653 0.662198 0.033306 0.101877
15 0.135662 0.068365 0.037368 0.099196
25 0.198213 0.745308 0.162470 0.080429
20 0.134037 0.880697 0.034119 0.099196
5 0.300162 0.087131 0.041430 0.136729
9 0.300162 0.256032 0.041430 0.136729
13 0.300162 0.446381 0.041430 0.136729
1 0.300162 0.599196 0.041430 0.136729
33 0.294476 0.739946 0.030057 0.101877
35 0.336312 0.067024 0.030869 0.085791
22 0.335093 0.481233 0.028432 0.083110
16 0.335093 0.589812 0.028432 0.085791
27 0.375305 0.067024 0.025995 0.085791
21 0.375711 0.353887 0.026807 0.085791
0 0.383022 0.491957 0.041430 0.136729
28 0.376523 0.734584 0.028432 0.096515
24 0.555646 0.057641 0.025995 0.088472
3 0.563363 0.183646 0.041430 0.136729
34 0.556052 0.339142 0.026807 0.099196
7 0.563363 0.612601 0.041430 0.136729
19 0.559301 0.739946 0.033306 0.085791
10 0.746141 0.084450 0.041430 0.136729
6 0.746141 0.266756 0.041430 0.136729
26 0.740049 0.441019 0.029245 0.104558
29 0.740049 0.584450 0.029245 0.107239
12 0.746141 0.738606 0.041430 0.136729
2 0.746141 0.896783 0.041430 0.136729
4 0.787571 0.100536 0.041430 0.136729
31 0.793258 0.384718 0.052803 0.072386
30 0.783916 0.493298 0.034119 0.112601
17 0.784322 0.635389 0.034931 0.096515
8 0.840374 0.379357 0.041430 0.136729
11 0.840374 0.727882 0.041430 0.136729