32 0.058954 0.053571 0.117908 0.074176
33 0.016401 0.173077 0.032801 0.104396
24 0.014184 0.295330 0.028369 0.090659
7 0.022606 0.608516 0.045213 0.140110
16 0.133422 0.085165 0.031028 0.087912
12 0.140514 0.223901 0.045213 0.140110
3 0.140514 0.495879 0.045213 0.140110
0 0.140514 0.649725 0.045213 0.140110
2 0.140514 0.825549 0.045213 0.140110
5 0.337323 0.097527 0.045213 0.140110
15 0.335106 0.553571 0.040780 0.101648
21 0.374557 0.068681 0.029255 0.087912
28 0.375443 0.217033 0.031028 0.098901
9 0.382535 0.534341 0.045213 0.140110
4 0.382535 0.710165 0.045213 0.140110
26 0.421099 0.086538 0.031915 0.107143
14 0.427748 0.237637 0.045213 0.140110
8 0.427748 0.399725 0.045213 0.140110
31 0.433954 0.539835 0.057624 0.074176
17 0.424202 0.747253 0.038121 0.098901
20 0.551418 0.262363 0.037234 0.101648
19 0.550975 0.409341 0.036348 0.087912
1 0.555408 0.567308 0.045213 0.140110
27 0.546986 0.890110 0.028369 0.087912
23 0.594858 0.061813 0.033688 0.096154
29 0.593972 0.181319 0.031915 0.109890
25 0.666667 0.307692 0.177305 0.082418
22 0.593528 0.438187 0.031028 0.085165
13 0.600621 0.597527 0.045213 0.140110
18 0.773493 0.065934 0.036348 0.104396
30 0.773936 0.189560 0.037234 0.115385
6 0.777926 0.336538 0.045213 0.140110
35 0.971631 0.071429 0.033688 0.087912
11 0.977394 0.212912 0.045213 0.140110
34 0.969415 0.358516 0.029255 0.101648
10 0.977394 0.696429 0.045213 0.140110