16 0.018023 0.065789 0.036045 0.084211
3 0.026262 0.227632 0.052523 0.134211
31 0.033471 0.351316 0.066941 0.071053
7 0.026262 0.501316 0.052523 0.134211
10 0.093203 0.090789 0.052523 0.134211
6 0.093203 0.403947 0.052523 0.134211
30 0.088568 0.821053 0.043254 0.110526
32 0.283728 0.075000 0.136972 0.071053
0 0.241504 0.198684 0.052523 0.134211
28 0.233265 0.328947 0.036045 0.094737
15 0.238929 0.551316 0.047374 0.097368
23 0.234809 0.669737 0.039135 0.092105
20 0.373841 0.075000 0.043254 0.097368
9 0.378476 0.227632 0.052523 0.134211
4 0.378476 0.375000 0.052523 0.134211
1 0.378476 0.548684 0.052523 0.134211
34 0.421730 0.088158 0.033986 0.097368
5 0.430999 0.222368 0.052523 0.134211
19 0.425850 0.373684 0.042225 0.084211
24 0.421215 0.498684 0.032956 0.086842
13 0.430999 0.648684 0.052523 0.134211
8 0.430999 0.827632 0.052523 0.134211
35 0.476828 0.265789 0.039135 0.084211
14 0.483522 0.390789 0.052523 0.134211
12 0.715242 0.096053 0.052523 0.134211
29 0.707518 0.255263 0.037075 0.105263
2 0.715242 0.427632 0.052523 0.134211
33 0.708033 0.560526 0.038105 0.100000
18 0.710093 0.710526 0.042225 0.100000
17 0.763646 0.189474 0.044284 0.094737
25 0.844490 0.450000 0.205973 0.078947
26 0.760041 0.593421 0.037075 0.102632
11 0.973738 0.080263 0.052523 0.134211
21 0.964470 0.228947 0.033986 0.084211
27 0.963955 0.363158 0.032956 0.084211
22 0.965499 0.603947 0.036045 0.081579