10 0.022116 0.104497 0.044232 0.134921
29 0.015611 0.256614 0.031223 0.105820
14 0.022116 0.702381 0.044232 0.134921
30 0.210755 0.084656 0.036427 0.111111
20 0.210755 0.234127 0.036427 0.097884
12 0.214657 0.469577 0.044232 0.134921
6 0.214657 0.628307 0.044232 0.134921
18 0.335212 0.079365 0.035559 0.100529
8 0.339549 0.212963 0.044232 0.134921
17 0.336080 0.370370 0.037294 0.095238
33 0.333478 0.671958 0.032090 0.100529
26 0.333044 0.792328 0.031223 0.103175
23 0.378144 0.070106 0.032958 0.092593
9 0.383781 0.310847 0.044232 0.134921
28 0.376843 0.441799 0.030356 0.095238
22 0.376843 0.559524 0.030356 0.082011
1 0.428014 0.429894 0.044232 0.134921
32 0.463573 0.633598 0.115351 0.071429
19 0.618820 0.066138 0.035559 0.084656
27 0.614918 0.410053 0.027754 0.084656
21 0.615351 0.526455 0.028621 0.084656
16 0.616219 0.653439 0.030356 0.084656
35 0.742411 0.272487 0.032958 0.084656
2 0.748049 0.398148 0.044232 0.134921
11 0.748049 0.570106 0.044232 0.134921
31 0.798352 0.051587 0.056375 0.071429
34 0.784475 0.332011 0.028621 0.097884
13 0.792281 0.485450 0.044232 0.134921
24 0.784042 0.612434 0.027754 0.087302
4 0.792281 0.750000 0.044232 0.134921
3 0.848656 0.096561 0.044232 0.134921
0 0.848656 0.276455 0.044232 0.134921
25 0.913270 0.420635 0.173461 0.079365
15 0.846487 0.530423 0.039896 0.097884
5 0.848656 0.699735 0.044232 0.134921
7 0.848656 0.884921 0.044232 0.134921