25 0.087413 0.241192 0.174825 0.081301
2 0.022290 0.402439 0.044580 0.138211
9 0.022290 0.567751 0.044580 0.138211
22 0.015297 0.727642 0.030594 0.084011
26 0.190559 0.079946 0.031469 0.105691
0 0.197115 0.231707 0.044580 0.138211
10 0.197115 0.410569 0.044580 0.138211
7 0.197115 0.562331 0.044580 0.138211
35 0.191434 0.915989 0.033217 0.086721
15 0.239510 0.063686 0.040210 0.100271
20 0.237762 0.310298 0.036713 0.100271
12 0.241696 0.451220 0.044580 0.138211
32 0.277535 0.575881 0.116259 0.073171
5 0.241696 0.733062 0.044580 0.138211
33 0.432255 0.070461 0.032343 0.102981
31 0.444493 0.212737 0.056818 0.073171
24 0.430070 0.630081 0.027972 0.089431
18 0.434003 0.761518 0.035839 0.102981
19 0.490822 0.382114 0.035839 0.086721
21 0.487325 0.514905 0.028846 0.086721
3 0.495192 0.646341 0.044580 0.138211
23 0.489510 0.808943 0.033217 0.094851
13 0.539773 0.283198 0.044580 0.138211
11 0.539773 0.811653 0.044580 0.138211
8 0.584353 0.096206 0.044580 0.138211
17 0.580857 0.243902 0.037587 0.097561
29 0.577797 0.392954 0.031469 0.108401
1 0.584353 0.808943 0.044580 0.138211
30 0.777098 0.075881 0.036713 0.113821
6 0.781031 0.397019 0.044580 0.138211
27 0.772727 0.533875 0.027972 0.086721
28 0.774038 0.650407 0.030594 0.097561
34 0.817745 0.201897 0.028846 0.100271
16 0.818619 0.349593 0.030594 0.086721
4 0.825612 0.497290 0.044580 0.138211
14 0.825612 0.657182 0.044580 0.138211