23 0.016594 0.082133 0.033188 0.100865
27 0.013974 0.204611 0.027948 0.092219
15 0.020087 0.324207 0.040175 0.106628
4 0.022271 0.606628 0.044541 0.146974
13 0.022271 0.793948 0.044541 0.146974
2 0.218777 0.093660 0.044541 0.146974
6 0.218777 0.292507 0.044541 0.146974
22 0.408297 0.200288 0.030568 0.089337
25 0.480349 0.302594 0.174672 0.086455
19 0.410917 0.417867 0.035808 0.092219
30 0.411354 0.550432 0.036681 0.121037
1 0.415284 0.721902 0.044541 0.146974
21 0.582096 0.060519 0.028821 0.092219
3 0.589956 0.378963 0.044541 0.146974
33 0.583843 0.536023 0.032314 0.109510
9 0.589956 0.678674 0.044541 0.146974
20 0.630568 0.082133 0.036681 0.106628
35 0.628821 0.201729 0.033188 0.092219
31 0.640611 0.476945 0.056769 0.077810
29 0.627948 0.619597 0.031441 0.115274
7 0.634498 0.802594 0.044541 0.146974
18 0.686900 0.069164 0.035808 0.109510
32 0.727074 0.200288 0.116157 0.077810
28 0.684279 0.317003 0.030568 0.103746
5 0.691266 0.497118 0.044541 0.146974
11 0.691266 0.894813 0.044541 0.146974
0 0.807424 0.200288 0.044541 0.146974
12 0.807424 0.390490 0.044541 0.146974
16 0.800437 0.544669 0.030568 0.092219
14 0.807424 0.713256 0.044541 0.146974
34 0.799563 0.865994 0.028821 0.106628
8 0.851965 0.468300 0.044541 0.146974
24 0.843668 0.635447 0.027948 0.095101
10 0.851965 0.776657 0.044541 0.146974
26 0.889956 0.278098 0.031441 0.112392
17 0.893013 0.795389 0.037555 0.103746