9 0.029043 0.089812 0.058087 0.136729
20 0.023918 0.223861 0.047836 0.099196
34 0.018793 0.373995 0.037585 0.099196
22 0.019932 0.510724 0.039863 0.083110
28 0.019932 0.646113 0.039863 0.096515
29 0.078588 0.340483 0.041002 0.107239
12 0.087130 0.647453 0.058087 0.136729
18 0.081435 0.782842 0.046697 0.101877
25 0.428246 0.383378 0.227790 0.080429
26 0.334852 0.660858 0.041002 0.104558
13 0.571185 0.081769 0.058087 0.136729
24 0.560364 0.210456 0.036446 0.088472
35 0.563781 0.310992 0.043280 0.085791
11 0.571185 0.475871 0.058087 0.136729
27 0.560364 0.619303 0.036446 0.085791
3 0.629271 0.105898 0.058087 0.136729
32 0.675968 0.231903 0.151481 0.072386
15 0.626424 0.556300 0.052392 0.099196
14 0.629271 0.816354 0.058087 0.136729
33 0.772779 0.085791 0.042141 0.101877
31 0.788724 0.218499 0.074032 0.072386
0 0.780752 0.368633 0.058087 0.136729
10 0.780752 0.872654 0.058087 0.136729
5 0.854784 0.092493 0.058087 0.136729
8 0.854784 0.427614 0.058087 0.136729
6 0.854784 0.607239 0.058087 0.136729
16 0.845672 0.769437 0.039863 0.085791
23 0.905467 0.068365 0.043280 0.093834
21 0.902620 0.209115 0.037585 0.085791
2 0.912870 0.349866 0.058087 0.136729
19 0.907175 0.490617 0.046697 0.085791
7 0.912870 0.623324 0.058087 0.136729
1 0.912870 0.797587 0.058087 0.136729
4 0.970957 0.626005 0.058087 0.136729
17 0.966401 0.766756 0.048975 0.096515
30 0.965831 0.898123 0.047836 0.112601