2 0.028684 0.095568 0.057368 0.141274
20 0.023622 0.544321 0.047244 0.102493
14 0.028684 0.713296 0.057368 0.141274
5 0.028684 0.885042 0.057368 0.141274
30 0.276715 0.088643 0.047244 0.116343
0 0.281777 0.430748 0.057368 0.141274
16 0.272778 0.570637 0.039370 0.088643
33 0.273903 0.711911 0.041620 0.105263
7 0.339145 0.253463 0.057368 0.141274
31 0.347019 0.378116 0.073116 0.074792
8 0.339145 0.527701 0.057368 0.141274
12 0.339145 0.799169 0.057368 0.141274
29 0.403825 0.080332 0.040495 0.110803
4 0.412261 0.220222 0.057368 0.141274
23 0.404949 0.455679 0.042745 0.096953
17 0.569741 0.077562 0.048369 0.099723
28 0.565242 0.412742 0.039370 0.099723
22 0.565242 0.527701 0.039370 0.085873
34 0.621485 0.090028 0.037120 0.102493
1 0.631609 0.267313 0.057368 0.141274
11 0.631609 0.583102 0.057368 0.141274
6 0.631609 0.757618 0.057368 0.141274
19 0.683352 0.060942 0.046119 0.088643
18 0.683352 0.204986 0.046119 0.105263
32 0.735096 0.347645 0.149606 0.074792
3 0.688976 0.486150 0.057368 0.141274
13 0.688976 0.652355 0.057368 0.141274
25 0.772778 0.808864 0.224972 0.083102
9 0.913948 0.090028 0.057368 0.141274
24 0.903262 0.613573 0.035996 0.091413
35 0.906637 0.725762 0.042745 0.088643
10 0.913948 0.865651 0.057368 0.141274
27 0.960630 0.074792 0.035996 0.088643
26 0.962880 0.405817 0.040495 0.108033
15 0.968504 0.560942 0.051744 0.102493
21 0.961192 0.858726 0.037120 0.088643