21 0.013491 0.054688 0.026983 0.083333
15 0.018806 0.459635 0.037612 0.096354
33 0.196648 0.062500 0.030253 0.098958
11 0.202371 0.329427 0.041701 0.132812
4 0.202371 0.511719 0.041701 0.132812
8 0.202371 0.691406 0.041701 0.132812
17 0.383074 0.070312 0.035159 0.093750
3 0.386345 0.308594 0.041701 0.132812
29 0.380213 0.445312 0.029436 0.104167
30 0.382666 0.596354 0.034342 0.109375
18 0.566231 0.065104 0.033524 0.098958
10 0.570319 0.233073 0.041701 0.132812
22 0.563778 0.371094 0.028618 0.080729
27 0.604252 0.244792 0.026165 0.083333
31 0.617743 0.342448 0.053148 0.070312
5 0.612020 0.490885 0.041701 0.132812
16 0.658626 0.070312 0.028618 0.083333
2 0.665168 0.212240 0.041701 0.132812
7 0.665168 0.386719 0.041701 0.132812
32 0.698692 0.808594 0.108749 0.070312
28 0.767375 0.067708 0.028618 0.093750
20 0.770237 0.563802 0.034342 0.096354
6 0.773917 0.707031 0.041701 0.132812
14 0.773917 0.891927 0.041701 0.132812
23 0.810303 0.061198 0.031071 0.091146
34 0.808258 0.188802 0.026983 0.096354
13 0.815617 0.345052 0.041701 0.132812
12 0.815617 0.493490 0.041701 0.132812
0 0.815617 0.675781 0.041701 0.132812
26 0.809485 0.837240 0.029436 0.101562
9 0.857318 0.082031 0.041701 0.132812
25 0.918234 0.223958 0.163532 0.078125
19 0.853230 0.341146 0.033524 0.083333
35 0.852003 0.473958 0.031071 0.083333
24 0.849550 0.608073 0.026165 0.085938
1 0.857318 0.753906 0.041701 0.132812