10 0.028302 0.082245 0.056604 0.133159
29 0.019978 0.438642 0.039956 0.104439
2 0.188124 0.105744 0.056604 0.133159
14 0.188124 0.270235 0.056604 0.133159
19 0.182575 0.762402 0.045505 0.083551
4 0.188124 0.902089 0.056604 0.133159
7 0.244728 0.095300 0.056604 0.133159
18 0.239179 0.339426 0.045505 0.099217
9 0.244728 0.476501 0.056604 0.133159
30 0.239734 0.624021 0.046615 0.109661
33 0.293563 0.075718 0.041065 0.099217
11 0.301332 0.356397 0.056604 0.133159
8 0.301332 0.531332 0.056604 0.133159
0 0.301332 0.855091 0.056604 0.133159
12 0.357936 0.184073 0.056604 0.133159
24 0.347392 0.327676 0.035516 0.086162
31 0.365705 0.447781 0.072142 0.070496
25 0.440622 0.537859 0.221976 0.078329
21 0.347947 0.671018 0.036626 0.083551
17 0.603219 0.381201 0.047725 0.093995
28 0.598779 0.496084 0.038846 0.093995
20 0.602664 0.614883 0.046615 0.096606
35 0.600444 0.725849 0.042175 0.083551
16 0.655383 0.080940 0.038846 0.083551
34 0.654273 0.199739 0.036626 0.096606
13 0.664262 0.327676 0.056604 0.133159
32 0.709767 0.479112 0.147614 0.070496
23 0.657048 0.583551 0.042175 0.091384
1 0.811876 0.097911 0.056604 0.133159
6 0.811876 0.439948 0.056604 0.133159
3 0.811876 0.586162 0.056604 0.133159
22 0.802997 0.729765 0.038846 0.080940
5 0.868479 0.100522 0.056604 0.133159
27 0.857936 0.227154 0.035516 0.083551
26 0.860155 0.348564 0.039956 0.101828
15 0.865705 0.557441 0.051054 0.096606