8 0.028749 0.110294 0.057497 0.150000
0 0.028749 0.448529 0.057497 0.150000
11 0.191094 0.101471 0.057497 0.150000
35 0.183766 0.250000 0.042841 0.094118
9 0.191094 0.398529 0.057497 0.150000
34 0.180947 0.572059 0.037204 0.108824
19 0.185457 0.697059 0.046223 0.094118
5 0.248591 0.113235 0.057497 0.150000
2 0.248591 0.319118 0.057497 0.150000
12 0.248591 0.713235 0.057497 0.150000
13 0.248591 0.880882 0.057497 0.150000
26 0.297632 0.295588 0.040586 0.114706
15 0.303269 0.454412 0.051860 0.108824
32 0.352311 0.577941 0.149944 0.079412
25 0.390079 0.697059 0.225479 0.088235
24 0.520857 0.063235 0.036077 0.097059
6 0.531567 0.213235 0.057497 0.150000
17 0.527057 0.394118 0.048478 0.105882
30 0.526494 0.567647 0.047351 0.123529
14 0.531567 0.722059 0.057497 0.150000
4 0.531567 0.901471 0.057497 0.150000
3 0.589064 0.116176 0.057497 0.150000
7 0.589064 0.310294 0.057497 0.150000
28 0.580045 0.591176 0.039459 0.105882
33 0.581172 0.732353 0.041714 0.111765
1 0.646561 0.104412 0.057497 0.150000
22 0.637542 0.245588 0.039459 0.091176
18 0.640924 0.497059 0.046223 0.111765
10 0.646561 0.666176 0.057497 0.150000
20 0.803833 0.448529 0.047351 0.108824
16 0.799887 0.585294 0.039459 0.094118
27 0.798196 0.723529 0.036077 0.094118
29 0.857948 0.097059 0.040586 0.117647
21 0.856257 0.217647 0.037204 0.094118
23 0.859076 0.360294 0.042841 0.102941
31 0.874295 0.480882 0.073281 0.079412