23 0.013315 0.276099 0.026629 0.096154
2 0.017870 0.449176 0.035739 0.140110
14 0.017870 0.715659 0.035739 0.140110
30 0.014716 0.898352 0.029432 0.115385
28 0.113174 0.068681 0.024527 0.098901
11 0.118781 0.232143 0.035739 0.140110
8 0.118781 0.394231 0.035739 0.140110
20 0.115627 0.550824 0.029432 0.101648
10 0.118781 0.704670 0.035739 0.140110
16 0.148914 0.071429 0.024527 0.087912
21 0.148213 0.200549 0.023125 0.087912
18 0.151016 0.313187 0.028732 0.104396
19 0.151016 0.445055 0.028732 0.087912
26 0.149264 0.594780 0.025228 0.107143
3 0.154520 0.734890 0.035739 0.140110
5 0.190259 0.218407 0.035739 0.140110
35 0.185704 0.351648 0.026629 0.087912
0 0.190259 0.649725 0.035739 0.140110
15 0.344078 0.248626 0.032235 0.101648
7 0.345830 0.399725 0.035739 0.140110
25 0.398038 0.695055 0.140154 0.082418
33 0.498598 0.082418 0.025929 0.104396
29 0.498248 0.387363 0.025228 0.109890
9 0.503504 0.548077 0.035739 0.140110
31 0.508409 0.668956 0.045550 0.074176
12 0.549054 0.108516 0.035739 0.140110
13 0.549054 0.375000 0.035739 0.140110
27 0.542397 0.516484 0.022425 0.087912
34 0.542747 0.630495 0.023125 0.101648
4 0.706727 0.273352 0.035739 0.140110
24 0.700070 0.410714 0.022425 0.090659
1 0.706727 0.578297 0.035739 0.140110
6 0.862299 0.097527 0.035739 0.140110
22 0.856692 0.243132 0.024527 0.085165
17 0.859495 0.354396 0.030133 0.098901
32 0.891030 0.765110 0.093203 0.074176