24 0.018286 0.057487 0.036571 0.088235
6 0.029143 0.188503 0.058286 0.136364
28 0.020000 0.334225 0.040000 0.096257
7 0.029143 0.466578 0.058286 0.136364
26 0.020571 0.624332 0.041143 0.104278
31 0.037143 0.731283 0.074286 0.072193
27 0.092571 0.152406 0.036571 0.085561
29 0.094857 0.272727 0.041143 0.106952
23 0.096000 0.549465 0.043429 0.093583
4 0.103429 0.688503 0.058286 0.136364
9 0.357143 0.086898 0.058286 0.136364
11 0.357143 0.589572 0.058286 0.136364
0 0.357143 0.897059 0.058286 0.136364
22 0.406286 0.062834 0.040000 0.082888
35 0.408000 0.184492 0.043429 0.085561
32 0.462286 0.501337 0.152000 0.072193
16 0.558286 0.064171 0.040000 0.085561
18 0.561714 0.192513 0.046857 0.101604
1 0.567429 0.343583 0.058286 0.136364
12 0.567429 0.514706 0.058286 0.136364
10 0.567429 0.864973 0.058286 0.136364
13 0.625714 0.086898 0.058286 0.136364
20 0.620571 0.236631 0.048000 0.098930
8 0.625714 0.381016 0.058286 0.136364
34 0.615429 0.640374 0.037714 0.098930
5 0.684000 0.097594 0.058286 0.136364
14 0.684000 0.429144 0.058286 0.136364
2 0.684000 0.667112 0.058286 0.136364
30 0.678857 0.842246 0.048000 0.112299
19 0.736571 0.227273 0.046857 0.085561
17 0.737714 0.510695 0.049143 0.096257
3 0.742286 0.656417 0.058286 0.136364
21 0.732000 0.820856 0.037714 0.085561
33 0.792571 0.088235 0.042286 0.101604
25 0.885714 0.385027 0.228571 0.080214
15 0.797714 0.669786 0.052571 0.098930