1 0.024566 0.085598 0.049133 0.138587
30 0.020231 0.258152 0.040462 0.114130
0 0.073699 0.101902 0.049133 0.138587
27 0.064547 0.255435 0.030829 0.086957
14 0.073699 0.536685 0.049133 0.138587
22 0.065992 0.677989 0.033719 0.084239
21 0.065029 0.807065 0.031792 0.086957
20 0.118497 0.082880 0.040462 0.100543
4 0.122832 0.240489 0.049133 0.138587
9 0.122832 0.430707 0.049133 0.138587
8 0.122832 0.585598 0.049133 0.138587
24 0.113680 0.735054 0.030829 0.089674
31 0.178709 0.074728 0.062620 0.073370
11 0.171965 0.357337 0.049133 0.138587
7 0.171965 0.664402 0.049133 0.138587
6 0.388728 0.104620 0.049133 0.138587
19 0.383911 0.546196 0.039499 0.086957
25 0.460501 0.652174 0.192678 0.081522
13 0.581407 0.205163 0.049133 0.138587
3 0.581407 0.373641 0.049133 0.138587
29 0.574181 0.771739 0.034682 0.108696
35 0.791908 0.073370 0.036609 0.086957
12 0.798170 0.362772 0.049133 0.138587
23 0.791908 0.514946 0.036609 0.095109
26 0.790944 0.843750 0.034682 0.105978
17 0.843449 0.084239 0.041426 0.097826
28 0.839595 0.211957 0.033719 0.097826
34 0.838632 0.349185 0.031792 0.100543
10 0.847303 0.512228 0.049133 0.138587
32 0.886802 0.631793 0.128131 0.073370
16 0.839595 0.763587 0.033719 0.086957
33 0.968690 0.258152 0.035645 0.103261
15 0.973025 0.400815 0.044316 0.100543
2 0.975434 0.569293 0.049133 0.138587
5 0.975434 0.745924 0.049133 0.138587
18 0.970617 0.902174 0.039499 0.103261