9 0.025862 0.087601 0.051724 0.137466
19 0.020791 0.250674 0.041582 0.086253
16 0.017748 0.350404 0.035497 0.086253
8 0.025862 0.659030 0.051724 0.137466
1 0.025862 0.815364 0.051724 0.137466
32 0.119168 0.149596 0.134888 0.072776
6 0.077586 0.284367 0.051724 0.137466
12 0.077586 0.462264 0.051724 0.137466
15 0.075051 0.791105 0.046653 0.099730
10 0.302738 0.090296 0.051724 0.137466
17 0.298682 0.380054 0.043611 0.097035
25 0.378296 0.514825 0.202840 0.080863
23 0.296146 0.645553 0.038540 0.094340
24 0.293103 0.783019 0.032454 0.088949
5 0.527890 0.446092 0.051724 0.137466
26 0.520284 0.610512 0.036511 0.105121
22 0.571501 0.055256 0.035497 0.083558
18 0.574544 0.185984 0.041582 0.102426
31 0.586714 0.287062 0.065923 0.072776
33 0.572515 0.428571 0.037525 0.102426
28 0.571501 0.576819 0.035497 0.097035
21 0.636410 0.250674 0.033469 0.086253
4 0.645538 0.400270 0.051724 0.137466
20 0.640974 0.564690 0.042596 0.099730
2 0.645538 0.723720 0.051724 0.137466
0 0.697262 0.098383 0.051724 0.137466
29 0.689655 0.253369 0.036511 0.107817
14 0.697262 0.599730 0.051724 0.137466
7 0.697262 0.753369 0.051724 0.137466
27 0.739351 0.180593 0.032454 0.086253
11 0.748986 0.340970 0.051724 0.137466
3 0.748986 0.707547 0.051724 0.137466
34 0.739858 0.874663 0.033469 0.099730
13 0.974138 0.101078 0.051724 0.137466
35 0.967546 0.226415 0.038540 0.086253
30 0.969574 0.547170 0.042596 0.113208