0 0.018098 0.400277 0.036196 0.141274
26 0.012775 0.871191 0.025550 0.108033
18 0.172108 0.080332 0.029099 0.105263
8 0.175656 0.231302 0.036196 0.141274
14 0.175656 0.391967 0.036196 0.141274
16 0.169979 0.659280 0.024840 0.088643
30 0.332150 0.088643 0.029808 0.116343
5 0.335344 0.355956 0.036196 0.141274
31 0.340312 0.508310 0.046132 0.074792
34 0.328957 0.638504 0.023421 0.102493
28 0.375798 0.088643 0.024840 0.099723
13 0.381476 0.480609 0.036196 0.141274
10 0.381476 0.638504 0.036196 0.141274
24 0.374734 0.788089 0.022711 0.091413
35 0.536551 0.083102 0.026969 0.088643
23 0.536551 0.278393 0.026969 0.096953
27 0.534422 0.393352 0.022711 0.088643
1 0.541164 0.732687 0.036196 0.141274
33 0.638396 0.094183 0.026260 0.105263
17 0.640525 0.213296 0.030518 0.099723
25 0.696238 0.354571 0.141945 0.083102
19 0.639815 0.479224 0.029099 0.088643
7 0.643364 0.627424 0.036196 0.141274
11 0.643364 0.793629 0.036196 0.141274
4 0.785309 0.098338 0.036196 0.141274
20 0.782115 0.234072 0.029808 0.102493
9 0.785309 0.408587 0.036196 0.141274
3 0.785309 0.591413 0.036196 0.141274
22 0.779631 0.735457 0.024840 0.085873
2 0.821505 0.095568 0.036196 0.141274
12 0.821505 0.383657 0.036196 0.141274
15 0.921930 0.073407 0.032647 0.102493
32 0.952803 0.181440 0.094393 0.074792
21 0.917317 0.288089 0.023421 0.088643
6 0.923705 0.439058 0.036196 0.141274
29 0.918382 0.595568 0.025550 0.110803