29 0.020316 0.089239 0.040632 0.104987
26 0.020316 0.221785 0.040632 0.102362
9 0.028781 0.389764 0.057562 0.133858
11 0.028781 0.862205 0.057562 0.133858
28 0.077314 0.244094 0.039503 0.094488
23 0.079007 0.363517 0.042889 0.091864
19 0.080700 0.480315 0.046275 0.083990
32 0.132619 0.696850 0.150113 0.070866
2 0.248871 0.103675 0.057562 0.133858
14 0.248871 0.258530 0.057562 0.133858
17 0.244357 0.593176 0.048533 0.094488
15 0.246050 0.707349 0.051919 0.097113
34 0.296275 0.066929 0.037246 0.097113
7 0.306433 0.203412 0.057562 0.133858
6 0.306433 0.576115 0.057562 0.133858
18 0.358352 0.262467 0.046275 0.099738
3 0.363995 0.402887 0.057562 0.133858
1 0.363995 0.560367 0.057562 0.133858
22 0.354966 0.712598 0.039503 0.081365
27 0.410835 0.173228 0.036117 0.083990
5 0.421558 0.295276 0.057562 0.133858
8 0.421558 0.463255 0.057562 0.133858
25 0.505643 0.598425 0.225734 0.078740
16 0.638262 0.228346 0.039503 0.083990
10 0.647291 0.363517 0.057562 0.133858
20 0.642212 0.518373 0.047404 0.097113
0 0.647291 0.665354 0.057562 0.133858
31 0.655192 0.807087 0.073363 0.070866
12 0.720655 0.087927 0.057562 0.133858
30 0.715576 0.228346 0.047404 0.110236
24 0.709932 0.363517 0.036117 0.086614
35 0.713318 0.490814 0.042889 0.083990
4 0.720655 0.788714 0.057562 0.133858
13 0.778217 0.379265 0.057562 0.133858
33 0.770316 0.548556 0.041761 0.099738
21 0.768059 0.853018 0.037246 0.083990