22 0.020069 0.258380 0.040138 0.086592
23 0.021789 0.403631 0.043578 0.097765
16 0.020069 0.717877 0.040138 0.089385
7 0.029243 0.861732 0.058486 0.142458
18 0.081995 0.072626 0.047018 0.106145
31 0.095757 0.188547 0.074541 0.075419
25 0.173165 0.304469 0.229358 0.083799
12 0.087729 0.448324 0.058486 0.142458
10 0.087729 0.641061 0.058486 0.142458
35 0.309633 0.064246 0.043578 0.089385
2 0.317087 0.392458 0.058486 0.142458
20 0.311927 0.722067 0.048165 0.103352
14 0.317087 0.886872 0.058486 0.142458
11 0.375573 0.275140 0.058486 0.142458
27 0.364679 0.416201 0.036697 0.089385
19 0.369839 0.539106 0.047018 0.089385
28 0.424885 0.081006 0.040138 0.100559
3 0.434060 0.244413 0.058486 0.142458
32 0.481078 0.473464 0.152523 0.075419
24 0.423165 0.590782 0.036697 0.092179
9 0.434060 0.755587 0.058486 0.142458
15 0.596330 0.068436 0.052752 0.103352
8 0.599197 0.367318 0.058486 0.142458
33 0.591170 0.547486 0.042431 0.106145
34 0.588876 0.688547 0.037844 0.103352
21 0.588876 0.807263 0.037844 0.089385
29 0.649083 0.072626 0.041284 0.111732
13 0.657683 0.562849 0.058486 0.142458
5 0.657683 0.733240 0.058486 0.142458
6 0.716170 0.101955 0.058486 0.142458
0 0.716170 0.266760 0.058486 0.142458
4 0.716170 0.439944 0.058486 0.142458
1 0.716170 0.613128 0.058486 0.142458
17 0.966170 0.081006 0.049312 0.100559
26 0.962156 0.392458 0.041284 0.108939
30 0.965596 0.701117 0.048165 0.117318