33 0.017387 0.074468 0.034774 0.101064
25 0.093985 0.356383 0.187970 0.079787
11 0.023966 0.498670 0.047932 0.135638
24 0.015038 0.658245 0.030075 0.087766
1 0.023966 0.793883 0.047932 0.135638
8 0.211936 0.086436 0.047932 0.135638
19 0.207237 0.239362 0.038534 0.085106
7 0.211936 0.480053 0.047932 0.135638
32 0.461936 0.054521 0.125000 0.071809
4 0.423402 0.192819 0.047932 0.135638
9 0.423402 0.373670 0.047932 0.135638
26 0.416353 0.522606 0.033835 0.103723
18 0.418703 0.656915 0.038534 0.101064
2 0.423402 0.809840 0.047932 0.135638
6 0.548402 0.105053 0.047932 0.135638
15 0.546053 0.549202 0.043233 0.098404
5 0.548402 0.703457 0.047932 0.135638
17 0.679981 0.085106 0.040414 0.095745
34 0.675282 0.371011 0.031015 0.098404
22 0.676222 0.511968 0.032895 0.082447
10 0.683741 0.652926 0.047932 0.135638
0 0.731673 0.083777 0.047932 0.135638
23 0.725564 0.538564 0.035714 0.093085
14 0.731673 0.703457 0.047932 0.135638
3 0.731673 0.881649 0.047932 0.135638
31 0.786184 0.070479 0.061090 0.071809
30 0.775376 0.186170 0.039474 0.111702
27 0.770677 0.297872 0.030075 0.085106
29 0.772556 0.436170 0.033835 0.106383
13 0.840695 0.373670 0.047932 0.135638
21 0.832237 0.537234 0.031015 0.085106
35 0.834586 0.662234 0.035714 0.085106
16 0.833177 0.792553 0.032895 0.085106
12 0.888628 0.091755 0.047932 0.135638
20 0.884398 0.503989 0.039474 0.098404
28 0.881109 0.651596 0.032895 0.095745