17 0.020283 0.067251 0.040566 0.105263
9 0.024057 0.209064 0.048113 0.149123
19 0.019340 0.356725 0.038679 0.093567
1 0.024057 0.524854 0.048113 0.149123
20 0.019811 0.688596 0.039623 0.108187
30 0.067925 0.096491 0.039623 0.122807
25 0.142453 0.476608 0.188679 0.087719
11 0.072170 0.767544 0.048113 0.149123
23 0.254717 0.068713 0.035849 0.102339
22 0.253302 0.188596 0.033019 0.090643
35 0.254717 0.339181 0.035849 0.093567
13 0.260849 0.510234 0.048113 0.149123
24 0.251887 0.647661 0.030189 0.096491
21 0.300472 0.078947 0.031132 0.093567
6 0.308962 0.320175 0.048113 0.149123
33 0.302358 0.488304 0.034906 0.111111
34 0.512736 0.095029 0.031132 0.108187
15 0.518868 0.252924 0.043396 0.108187
12 0.521226 0.428363 0.048113 0.149123
10 0.521226 0.595029 0.048113 0.149123
5 0.521226 0.779240 0.048113 0.149123
0 0.569340 0.217836 0.048113 0.149123
26 0.562264 0.381579 0.033962 0.114035
32 0.608019 0.527778 0.125472 0.078947
14 0.778774 0.109649 0.048113 0.149123
29 0.771698 0.301170 0.033962 0.116959
2 0.778774 0.492690 0.048113 0.149123
4 0.778774 0.779240 0.048113 0.149123
31 0.785377 0.907895 0.061321 0.078947
7 0.840094 0.185673 0.048113 0.149123
28 0.832547 0.342105 0.033019 0.105263
3 0.840094 0.676901 0.048113 0.149123
27 0.966981 0.076023 0.030189 0.093567
18 0.971226 0.225146 0.038679 0.111111
16 0.968396 0.549708 0.033019 0.093567
8 0.975943 0.808480 0.048113 0.149123