12 0.019466 0.240413 0.038931 0.150442
8 0.019466 0.597345 0.038931 0.150442
24 0.051145 0.089971 0.024427 0.097345
15 0.056489 0.219764 0.035115 0.109145
23 0.053435 0.370206 0.029008 0.103245
33 0.053053 0.525074 0.028244 0.112094
11 0.058397 0.685841 0.038931 0.150442
7 0.097328 0.113569 0.038931 0.150442
20 0.093893 0.258112 0.032061 0.109145
34 0.090458 0.414454 0.025191 0.109145
16 0.091221 0.542773 0.026718 0.094395
6 0.097328 0.694690 0.038931 0.150442
10 0.266794 0.089971 0.038931 0.150442
27 0.259542 0.560472 0.024427 0.094395
21 0.259924 0.675516 0.025191 0.094395
9 0.436260 0.119469 0.038931 0.150442
32 0.467557 0.281711 0.101527 0.079646
29 0.430534 0.401180 0.027481 0.117994
0 0.436260 0.564897 0.038931 0.150442
35 0.431298 0.911504 0.029008 0.094395
31 0.543130 0.054572 0.049618 0.079646
2 0.537786 0.219764 0.038931 0.150442
1 0.537786 0.429204 0.038931 0.150442
28 0.531679 0.572271 0.026718 0.106195
5 0.537786 0.718289 0.038931 0.150442
13 0.587405 0.210914 0.038931 0.150442
3 0.587405 0.411504 0.038931 0.150442
14 0.587405 0.615044 0.038931 0.150442
18 0.583588 0.778761 0.031298 0.112094
22 0.691221 0.213864 0.026718 0.091445
17 0.694275 0.781711 0.032824 0.106195
30 0.863359 0.100295 0.032061 0.123894
19 0.862977 0.259587 0.031298 0.094395
26 0.861069 0.420354 0.027481 0.115044
25 0.923664 0.557522 0.152672 0.088496
4 0.866794 0.800885 0.038931 0.150442