14 0.032156 0.253316 0.064313 0.135279
20 0.026482 0.385942 0.052963 0.098143
3 0.032156 0.881963 0.064313 0.135279
26 0.087011 0.080902 0.045397 0.103448
19 0.090164 0.190981 0.051702 0.084881
15 0.093317 0.316976 0.058008 0.098143
25 0.190416 0.419098 0.252207 0.079576
34 0.085120 0.550398 0.041614 0.098143
35 0.340479 0.066313 0.047919 0.084881
23 0.340479 0.184350 0.047919 0.092838
5 0.348676 0.478780 0.064313 0.135279
21 0.337327 0.602122 0.041614 0.084881
22 0.402900 0.067639 0.044136 0.082228
8 0.412989 0.224138 0.064313 0.135279
1 0.412989 0.542440 0.064313 0.135279
10 0.412989 0.701592 0.064313 0.135279
28 0.402900 0.864721 0.044136 0.095491
4 0.477301 0.086207 0.064313 0.135279
30 0.471627 0.251989 0.052963 0.111406
11 0.477301 0.741379 0.064313 0.135279
31 0.550441 0.237401 0.081967 0.071618
13 0.541614 0.393899 0.064313 0.135279
6 0.541614 0.555703 0.064313 0.135279
29 0.532156 0.692308 0.045397 0.106101
16 0.613493 0.055703 0.044136 0.084881
18 0.617276 0.376658 0.051702 0.100796
27 0.611602 0.519894 0.040353 0.084881
2 0.623581 0.669761 0.064313 0.135279
24 0.675914 0.064987 0.040353 0.087533
7 0.687894 0.192308 0.064313 0.135279
12 0.687894 0.531830 0.064313 0.135279
9 0.687894 0.693634 0.064313 0.135279
32 0.803909 0.057029 0.167718 0.071618
17 0.747163 0.161804 0.054224 0.095491
33 0.743380 0.562334 0.046658 0.100796
0 0.752207 0.714854 0.064313 0.135279