25 0.110988 0.064343 0.221976 0.080429
6 0.028302 0.400804 0.056604 0.136729
32 0.073807 0.556300 0.147614 0.072386
2 0.028302 0.878016 0.056604 0.136729
9 0.250277 0.097855 0.056604 0.136729
11 0.250277 0.435657 0.056604 0.136729
26 0.241953 0.741287 0.039956 0.104558
14 0.306881 0.178284 0.056604 0.136729
16 0.298002 0.337802 0.038846 0.085791
8 0.306881 0.475871 0.056604 0.136729
30 0.301887 0.630027 0.046615 0.112601
35 0.459489 0.193029 0.042175 0.085791
13 0.466704 0.344504 0.056604 0.136729
23 0.459489 0.486595 0.042175 0.093834
34 0.456715 0.601877 0.036626 0.099196
18 0.461154 0.726542 0.045505 0.101877
19 0.620977 0.187668 0.045505 0.085791
17 0.622087 0.316354 0.047725 0.096515
12 0.626526 0.465147 0.056604 0.136729
27 0.615982 0.595174 0.035516 0.085791
7 0.626526 0.743968 0.056604 0.136729
3 0.683130 0.197051 0.056604 0.136729
33 0.675361 0.359249 0.041065 0.101877
1 0.683130 0.588472 0.056604 0.136729
10 0.683130 0.776139 0.056604 0.136729
21 0.832963 0.386059 0.036626 0.085791
0 0.842952 0.521448 0.056604 0.136729
15 0.840178 0.652815 0.051054 0.099196
28 0.834073 0.788204 0.038846 0.096515
29 0.891232 0.093834 0.039956 0.107239
24 0.889012 0.242627 0.035516 0.088472
22 0.890677 0.687668 0.038846 0.083110
5 0.899556 0.829759 0.056604 0.136729
4 0.956160 0.103217 0.056604 0.136729
31 0.963929 0.486595 0.072142 0.072386
20 0.951165 0.620643 0.046615 0.099196