31 0.040932 0.068123 0.081864 0.069409
28 0.022040 0.167095 0.044081 0.092545
25 0.125945 0.264781 0.251889 0.077121
30 0.026448 0.403599 0.052897 0.107969
12 0.032116 0.566838 0.064232 0.131105
27 0.272040 0.077121 0.040302 0.082262
7 0.284005 0.235219 0.064232 0.131105
9 0.284005 0.384319 0.064232 0.131105
32 0.335642 0.535990 0.167506 0.069409
26 0.274559 0.638817 0.045340 0.100257
24 0.453401 0.224936 0.040302 0.084833
15 0.462217 0.361183 0.057935 0.095116
16 0.455290 0.496144 0.044081 0.082262
5 0.465365 0.633676 0.064232 0.131105
4 0.529597 0.448586 0.064232 0.131105
29 0.520151 0.614396 0.045340 0.102828
6 0.710957 0.083548 0.064232 0.131105
35 0.702771 0.231362 0.047859 0.082262
3 0.710957 0.561697 0.064232 0.131105
0 0.710957 0.888175 0.064232 0.131105
10 0.775189 0.091260 0.064232 0.131105
21 0.763854 0.239075 0.041562 0.082262
34 0.763854 0.350900 0.041562 0.095116
18 0.768892 0.634961 0.051637 0.097686
22 0.765113 0.775064 0.044081 0.079692
13 0.839421 0.078406 0.064232 0.131105
2 0.839421 0.232648 0.064232 0.131105
20 0.833753 0.363753 0.052897 0.095116
19 0.833123 0.750643 0.051637 0.082262
23 0.895466 0.075835 0.047859 0.089974
14 0.903652 0.222365 0.064232 0.131105
17 0.898615 0.357326 0.054156 0.092545
33 0.894836 0.632391 0.046599 0.097686
8 0.967884 0.080977 0.064232 0.131105
1 0.967884 0.240360 0.064232 0.131105
11 0.967884 0.410026 0.064232 0.131105