34 0.015942 0.267507 0.031884 0.103641
7 0.024638 0.640056 0.049275 0.142857
27 0.015459 0.812325 0.030918 0.089636
13 0.073913 0.085434 0.049275 0.142857
9 0.073913 0.368347 0.049275 0.142857
12 0.073913 0.528011 0.049275 0.142857
17 0.070048 0.675070 0.041546 0.100840
15 0.071498 0.819328 0.044444 0.103641
16 0.115459 0.075630 0.033816 0.089636
35 0.116908 0.397759 0.036715 0.089636
8 0.123188 0.556022 0.049275 0.142857
33 0.116425 0.733894 0.035749 0.106443
11 0.172464 0.180672 0.049275 0.142857
30 0.168116 0.333333 0.040580 0.117647
10 0.172464 0.508403 0.049275 0.142857
0 0.389855 0.099440 0.049275 0.142857
25 0.461836 0.238095 0.193237 0.084034
28 0.382126 0.344538 0.033816 0.100840
24 0.380676 0.662465 0.030918 0.092437
26 0.382609 0.777311 0.034783 0.109244
21 0.574396 0.168067 0.031884 0.089636
1 0.583092 0.326331 0.049275 0.142857
2 0.797585 0.211485 0.049275 0.142857
23 0.791304 0.348739 0.036715 0.098039
31 0.804348 0.455182 0.062802 0.075630
32 0.837198 0.584034 0.128502 0.075630
29 0.918841 0.280112 0.034783 0.112045
5 0.926087 0.435574 0.049275 0.142857
20 0.921739 0.581232 0.040580 0.103641
4 0.926087 0.738095 0.049275 0.142857
14 0.926087 0.908964 0.049275 0.142857
3 0.975362 0.091036 0.049275 0.142857
18 0.970531 0.232493 0.039614 0.106443
19 0.970531 0.375350 0.039614 0.089636
6 0.975362 0.690476 0.049275 0.142857
22 0.967633 0.819328 0.033816 0.086835