1 0.024240 0.274064 0.048479 0.136364
0 0.024240 0.458556 0.048479 0.136364
15 0.021863 0.613636 0.043726 0.098930
31 0.030894 0.731283 0.061787 0.072193
34 0.015684 0.870321 0.031369 0.098930
10 0.086027 0.386364 0.048479 0.136364
35 0.128327 0.427807 0.036122 0.085561
3 0.134506 0.891711 0.048479 0.136364
17 0.179183 0.080214 0.040875 0.096257
29 0.175856 0.221925 0.034221 0.106952
23 0.176806 0.495989 0.036122 0.093583
33 0.176331 0.647059 0.035171 0.101604
6 0.182985 0.816845 0.048479 0.136364
2 0.231464 0.105615 0.048479 0.136364
4 0.231464 0.255348 0.048479 0.136364
32 0.270437 0.410428 0.126426 0.072193
7 0.231464 0.530749 0.048479 0.136364
26 0.224335 0.667112 0.034221 0.104278
27 0.222433 0.804813 0.030418 0.085561
11 0.357890 0.102941 0.048479 0.136364
9 0.357890 0.284759 0.048479 0.136364
21 0.349335 0.430481 0.031369 0.085561
13 0.357890 0.557487 0.048479 0.136364
8 0.357890 0.744652 0.048479 0.136364
30 0.353612 0.898396 0.039924 0.112299
12 0.406369 0.094920 0.048479 0.136364
28 0.398764 0.248663 0.033270 0.096257
19 0.401616 0.355615 0.038973 0.085561
22 0.398764 0.477273 0.033270 0.082888
20 0.402091 0.610963 0.039924 0.098930
16 0.612643 0.240642 0.033270 0.085561
24 0.611217 0.362299 0.030418 0.088235
25 0.904943 0.064171 0.190114 0.080214
18 0.829373 0.200535 0.038973 0.101604
14 0.834125 0.367647 0.048479 0.136364
5 0.834125 0.552139 0.048479 0.136364