2 0.032035 0.096639 0.064070 0.142857
16 0.021985 0.238095 0.043970 0.089636
9 0.032035 0.379552 0.064070 0.142857
35 0.023869 0.512605 0.047739 0.089636
34 0.020729 0.659664 0.041457 0.103641
18 0.025754 0.784314 0.051508 0.106443
17 0.091080 0.084034 0.054020 0.100840
19 0.089824 0.198880 0.051508 0.089636
5 0.096106 0.542017 0.064070 0.142857
0 0.096106 0.704482 0.064070 0.142857
11 0.096106 0.861345 0.064070 0.142857
31 0.168970 0.060224 0.081658 0.075630
29 0.150754 0.184874 0.045226 0.112045
28 0.150126 0.344538 0.043970 0.100840
6 0.160176 0.485994 0.064070 0.142857
13 0.160176 0.642857 0.064070 0.142857
3 0.241834 0.256303 0.064070 0.142857
26 0.232412 0.396359 0.045226 0.109244
8 0.241834 0.575630 0.064070 0.142857
22 0.231784 0.726891 0.043970 0.086835
1 0.305905 0.382353 0.064070 0.142857
32 0.357412 0.651261 0.167085 0.075630
25 0.682161 0.084034 0.251256 0.084034
14 0.588568 0.813725 0.064070 0.142857
21 0.828518 0.058824 0.041457 0.089636
4 0.839824 0.219888 0.064070 0.142857
33 0.831030 0.366947 0.046482 0.106443
7 0.839824 0.528011 0.064070 0.142857
24 0.827889 0.670868 0.040201 0.092437
27 0.891960 0.086835 0.040201 0.089636
15 0.900754 0.525210 0.057789 0.103641
30 0.898241 0.652661 0.052764 0.117647
10 0.967965 0.085434 0.064070 0.142857
12 0.967965 0.278711 0.064070 0.142857
20 0.962312 0.452381 0.052764 0.103641
23 0.959799 0.595238 0.047739 0.098039