35 0.018924 0.063768 0.037849 0.092754
3 0.025398 0.218841 0.050797 0.147826
13 0.025398 0.415942 0.050797 0.147826
19 0.020418 0.576812 0.040837 0.092754
7 0.025398 0.726087 0.050797 0.147826
31 0.032371 0.882609 0.064741 0.078261
28 0.082171 0.075362 0.034861 0.104348
33 0.083167 0.240580 0.036853 0.110145
2 0.090139 0.555072 0.050797 0.147826
30 0.229084 0.086957 0.041833 0.121739
9 0.233566 0.433333 0.050797 0.147826
27 0.224104 0.756522 0.031873 0.092754
34 0.224602 0.911594 0.032869 0.107246
10 0.284363 0.091304 0.050797 0.147826
5 0.284363 0.262319 0.050797 0.147826
12 0.284363 0.424638 0.050797 0.147826
21 0.275398 0.573913 0.032869 0.092754
6 0.284363 0.714493 0.050797 0.147826
18 0.279382 0.866667 0.040837 0.110145
14 0.335159 0.230435 0.050797 0.147826
17 0.331175 0.373913 0.042829 0.104348
25 0.409363 0.524638 0.199203 0.086957
26 0.327689 0.786957 0.035857 0.113043
1 0.556275 0.102899 0.050797 0.147826
22 0.548307 0.239130 0.034861 0.089855
20 0.551793 0.381159 0.041833 0.107246
4 0.556275 0.624638 0.050797 0.147826
16 0.599104 0.086957 0.034861 0.092754
23 0.600598 0.227536 0.037849 0.101449
32 0.647908 0.363768 0.132470 0.078261
29 0.599602 0.495652 0.035857 0.115942
15 0.748008 0.213043 0.045817 0.107246
0 0.750498 0.566667 0.050797 0.147826
8 0.801295 0.111594 0.050797 0.147826
24 0.791833 0.459420 0.031873 0.095652
11 0.801295 0.610145 0.050797 0.147826