15 0.024033 0.085079 0.048067 0.096859
21 0.017241 0.227749 0.034483 0.083770
16 0.018286 0.327225 0.036573 0.083770
32 0.069488 0.428010 0.138976 0.070681
17 0.022466 0.539267 0.044932 0.094241
33 0.019331 0.654450 0.038662 0.099476
14 0.165622 0.079843 0.053292 0.133508
8 0.165622 0.260471 0.053292 0.133508
29 0.157785 0.418848 0.037618 0.104712
23 0.158830 0.561518 0.039707 0.091623
19 0.160397 0.701571 0.042842 0.083770
1 0.218913 0.103403 0.053292 0.133508
13 0.218913 0.278796 0.053292 0.133508
35 0.212121 0.408377 0.039707 0.083770
20 0.214211 0.548429 0.043887 0.096859
27 0.208986 0.672775 0.033438 0.083770
34 0.262800 0.244764 0.034483 0.096859
9 0.272205 0.399215 0.053292 0.133508
31 0.279519 0.545812 0.067921 0.070681
25 0.350052 0.643979 0.208986 0.078534
6 0.481191 0.197644 0.053292 0.133508
4 0.481191 0.362565 0.053292 0.133508
18 0.475967 0.492147 0.042842 0.099476
5 0.631661 0.082461 0.053292 0.133508
30 0.626959 0.756545 0.043887 0.109948
26 0.623824 0.914921 0.037618 0.102094
2 0.684953 0.087696 0.053292 0.133508
7 0.684953 0.414921 0.053292 0.133508
12 0.684953 0.598168 0.053292 0.133508
11 0.920063 0.106021 0.053292 0.133508
22 0.911703 0.430628 0.036573 0.081152
3 0.920063 0.587696 0.053292 0.133508
28 0.964995 0.175393 0.036573 0.094241
24 0.963427 0.297120 0.033438 0.086387
10 0.973354 0.456806 0.053292 0.133508
0 0.973354 0.626963 0.053292 0.133508