25 0.112486 0.081395 0.224972 0.087209
10 0.028684 0.216570 0.057368 0.148256
18 0.023060 0.366279 0.046119 0.110465
2 0.028684 0.510174 0.057368 0.148256
12 0.253656 0.088663 0.057368 0.148256
33 0.245782 0.241279 0.041620 0.110465
9 0.253656 0.417151 0.057368 0.148256
30 0.248594 0.566860 0.047244 0.122093
13 0.253656 0.716570 0.057368 0.148256
7 0.253656 0.899709 0.057368 0.148256
5 0.311024 0.114826 0.057368 0.148256
14 0.311024 0.306686 0.057368 0.148256
35 0.303712 0.616279 0.042745 0.093023
34 0.300900 0.745640 0.037120 0.107558
31 0.318898 0.856105 0.073116 0.078488
8 0.384139 0.091570 0.057368 0.148256
20 0.379078 0.263081 0.047244 0.107558
0 0.384139 0.579942 0.057368 0.148256
28 0.375141 0.735465 0.039370 0.104651
27 0.430821 0.354651 0.035996 0.093023
3 0.441507 0.716570 0.057368 0.148256
16 0.432508 0.880814 0.039370 0.093023
17 0.494376 0.095930 0.048369 0.104651
24 0.488189 0.236919 0.035996 0.095930
29 0.490439 0.389535 0.040495 0.116279
23 0.491564 0.524709 0.042745 0.101744
15 0.553431 0.071221 0.051744 0.107558
4 0.556243 0.222384 0.057368 0.148256
19 0.550619 0.784884 0.046119 0.093023
32 0.659730 0.199128 0.149606 0.078488
11 0.613611 0.710756 0.057368 0.148256
1 0.866704 0.091570 0.057368 0.148256
26 0.858268 0.280523 0.040495 0.113372
22 0.857705 0.527616 0.039370 0.090116
21 0.856580 0.645349 0.037120 0.093023
6 0.866704 0.809593 0.057368 0.148256