14 0.029043 0.105469 0.058087 0.132812
25 0.113895 0.263021 0.227790 0.078125
23 0.021640 0.537760 0.043280 0.091146
6 0.029043 0.673177 0.058087 0.132812
15 0.253986 0.074219 0.052392 0.096354
18 0.251139 0.216146 0.046697 0.098958
31 0.264806 0.511719 0.074032 0.070312
22 0.247722 0.631510 0.039863 0.080729
3 0.330866 0.087240 0.058087 0.132812
2 0.330866 0.269531 0.058087 0.132812
5 0.330866 0.733073 0.058087 0.132812
16 0.321754 0.856771 0.039863 0.083333
27 0.378132 0.072917 0.036446 0.083333
1 0.388952 0.373698 0.058087 0.132812
9 0.388952 0.553385 0.058087 0.132812
33 0.380979 0.893229 0.042141 0.098958
0 0.447039 0.097656 0.058087 0.132812
29 0.438497 0.252604 0.041002 0.104167
26 0.438497 0.404948 0.041002 0.101562
19 0.499431 0.229167 0.046697 0.083333
35 0.497722 0.414062 0.043280 0.083333
11 0.505125 0.722656 0.058087 0.132812
34 0.751139 0.230469 0.037585 0.096354
12 0.761390 0.360677 0.058087 0.132812
20 0.756264 0.522135 0.047836 0.096354
28 0.752278 0.656250 0.039863 0.093750
30 0.814351 0.085938 0.047836 0.109375
4 0.819476 0.256510 0.058087 0.132812
24 0.808656 0.410156 0.036446 0.085938
10 0.819476 0.709635 0.058087 0.132812
8 0.819476 0.884115 0.058087 0.132812
13 0.877563 0.092448 0.058087 0.132812
17 0.873007 0.250000 0.048975 0.093750
32 0.924260 0.371094 0.151481 0.070312
21 0.867312 0.609375 0.037585 0.083333
7 0.877563 0.769531 0.058087 0.132812