0 0.028781 0.113764 0.057562 0.143258
18 0.023138 0.457865 0.046275 0.106742
16 0.019752 0.575843 0.039503 0.089888
30 0.023702 0.702247 0.047404 0.117978
4 0.086343 0.237360 0.057562 0.143258
23 0.079007 0.400281 0.042889 0.098315
28 0.077314 0.539326 0.039503 0.101124
19 0.080700 0.651685 0.046275 0.089888
6 0.086343 0.818820 0.057562 0.143258
9 0.248871 0.214888 0.057562 0.143258
2 0.248871 0.394663 0.057562 0.143258
11 0.306433 0.105337 0.057562 0.143258
14 0.306433 0.431180 0.057562 0.143258
13 0.306433 0.594101 0.057562 0.143258
21 0.296275 0.941011 0.037246 0.089888
8 0.556998 0.085674 0.057562 0.143258
10 0.556998 0.257022 0.057562 0.143258
22 0.547968 0.391854 0.039503 0.087079
7 0.556998 0.647472 0.057562 0.143258
27 0.546275 0.780899 0.036117 0.089888
31 0.622460 0.386236 0.073363 0.075843
15 0.611738 0.518258 0.051919 0.103933
35 0.607223 0.640449 0.042889 0.089888
17 0.610045 0.772472 0.048533 0.101124
25 0.772009 0.058989 0.225734 0.084270
26 0.679458 0.327247 0.040632 0.109551
33 0.680023 0.676966 0.041761 0.106742
32 0.734199 0.804775 0.150113 0.075843
3 0.913657 0.091292 0.057562 0.143258
20 0.908578 0.234551 0.047404 0.103933
12 0.913657 0.551966 0.057562 0.143258
34 0.903499 0.712079 0.037246 0.103933
1 0.971219 0.085674 0.057562 0.143258
29 0.962754 0.227528 0.040632 0.112360
5 0.971219 0.383427 0.057562 0.143258
24 0.960497 0.546348 0.036117 0.092697