10 0.028781 0.105479 0.057562 0.139726
27 0.018059 0.257534 0.036117 0.087671
33 0.020880 0.378082 0.041761 0.104110
34 0.018623 0.521918 0.037246 0.101370
15 0.025959 0.667123 0.051919 0.101370
28 0.019752 0.813699 0.039503 0.098630
35 0.079007 0.238356 0.042889 0.087671
3 0.086343 0.373973 0.057562 0.139726
1 0.086343 0.554795 0.057562 0.139726
4 0.143905 0.091781 0.057562 0.139726
25 0.227991 0.235616 0.225734 0.082192
32 0.190181 0.368493 0.150113 0.073973
0 0.143905 0.497260 0.057562 0.139726
5 0.143905 0.675342 0.057562 0.139726
17 0.365124 0.169863 0.048533 0.098630
24 0.358916 0.278082 0.036117 0.090411
16 0.360609 0.391781 0.039503 0.087671
21 0.359481 0.531507 0.037246 0.087671
9 0.369639 0.697260 0.057562 0.139726
30 0.527088 0.095890 0.047404 0.115068
13 0.532167 0.508219 0.057562 0.139726
7 0.532167 0.806849 0.057562 0.139726
8 0.782731 0.401370 0.057562 0.139726
31 0.790632 0.560274 0.073363 0.073973
26 0.774266 0.702740 0.040632 0.106849
20 0.851016 0.163014 0.047404 0.101370
23 0.848758 0.593151 0.042889 0.095890
11 0.856095 0.760274 0.057562 0.139726
2 0.913657 0.091781 0.057562 0.139726
12 0.913657 0.420548 0.057562 0.139726
29 0.905192 0.594521 0.040632 0.109589
22 0.904628 0.719178 0.039503 0.084932
19 0.908014 0.824658 0.046275 0.087671
14 0.971219 0.108219 0.057562 0.139726
18 0.965576 0.268493 0.046275 0.104110
6 0.971219 0.415068 0.057562 0.139726