10 0.029143 0.090786 0.058286 0.138211
7 0.029143 0.283198 0.058286 0.138211
27 0.018286 0.409214 0.036571 0.086721
0 0.029143 0.537940 0.058286 0.138211
24 0.018286 0.863144 0.036571 0.089431
35 0.080000 0.425474 0.043429 0.086721
9 0.087429 0.592141 0.058286 0.138211
5 0.087429 0.760163 0.058286 0.138211
20 0.082286 0.920054 0.048000 0.100271
12 0.145714 0.104336 0.058286 0.138211
4 0.145714 0.264228 0.058286 0.138211
11 0.145714 0.421409 0.058286 0.138211
30 0.140571 0.593496 0.048000 0.113821
29 0.137143 0.883469 0.041143 0.108401
19 0.198286 0.059621 0.046857 0.086721
26 0.195429 0.204607 0.041143 0.105691
22 0.194857 0.518970 0.040000 0.084011
13 0.204000 0.827913 0.058286 0.138211
31 0.270286 0.052846 0.074286 0.073171
21 0.252000 0.159892 0.037714 0.086721
25 0.347429 0.420054 0.228571 0.081301
28 0.253143 0.544715 0.040000 0.097561
1 0.262286 0.714092 0.058286 0.138211
23 0.483429 0.066396 0.043429 0.094851
18 0.485143 0.520325 0.046857 0.102981
17 0.743429 0.292683 0.049143 0.097561
33 0.740000 0.414634 0.042286 0.102981
8 0.806286 0.098916 0.058286 0.138211
15 0.803429 0.272358 0.052571 0.100271
3 0.806286 0.621951 0.058286 0.138211
14 0.806286 0.800813 0.058286 0.138211
16 0.855429 0.078591 0.040000 0.086721
2 0.864571 0.242547 0.058286 0.138211
32 0.911429 0.505420 0.152000 0.073171
6 0.864571 0.646341 0.058286 0.138211
34 0.854286 0.811653 0.037714 0.100271