26 0.014888 0.077236 0.029777 0.105691
24 0.013234 0.188347 0.026468 0.089431
6 0.021092 0.459350 0.042184 0.138211
23 0.015715 0.602981 0.031431 0.094851
20 0.017370 0.724932 0.034739 0.100271
5 0.063275 0.088076 0.042184 0.138211
12 0.063275 0.280488 0.042184 0.138211
21 0.055831 0.439024 0.027295 0.086721
14 0.063275 0.584011 0.042184 0.138211
7 0.063275 0.738482 0.042184 0.138211
15 0.103391 0.364499 0.038048 0.100271
30 0.101737 0.493225 0.034739 0.113821
2 0.105459 0.798103 0.042184 0.138211
11 0.289082 0.104336 0.042184 0.138211
13 0.289082 0.475610 0.042184 0.138211
22 0.282465 0.730352 0.028950 0.084011
1 0.289082 0.887534 0.042184 0.138211
16 0.468569 0.065041 0.028950 0.086721
0 0.475186 0.437669 0.042184 0.138211
3 0.475186 0.619241 0.042184 0.138211
8 0.661290 0.107046 0.042184 0.138211
28 0.654673 0.406504 0.028950 0.097561
25 0.722911 0.512195 0.165426 0.081301
31 0.667080 0.611111 0.053763 0.073171
29 0.820513 0.081301 0.029777 0.108401
27 0.818859 0.436314 0.026468 0.086721
33 0.820926 0.571816 0.030604 0.102981
17 0.823408 0.718157 0.035567 0.097561
35 0.863524 0.065041 0.031431 0.086721
9 0.868900 0.326558 0.042184 0.138211
19 0.864764 0.471545 0.033912 0.086721
10 0.868900 0.638211 0.042184 0.138211
32 0.944996 0.182927 0.110008 0.073171
18 0.906948 0.322493 0.033912 0.102981
4 0.911084 0.481030 0.042184 0.138211
34 0.903639 0.627371 0.027295 0.100271