9 0.024125 0.094920 0.048250 0.136364
4 0.024125 0.276738 0.048250 0.136364
11 0.024125 0.437166 0.048250 0.136364
1 0.024125 0.602941 0.048250 0.136364
30 0.019868 0.751337 0.039735 0.112299
33 0.065752 0.355615 0.035005 0.101604
10 0.072375 0.509358 0.048250 0.136364
15 0.070009 0.832888 0.043519 0.098930
27 0.273415 0.072193 0.030274 0.085561
12 0.282403 0.340909 0.048250 0.136364
18 0.277673 0.508021 0.038789 0.101604
7 0.492431 0.105615 0.048250 0.136364
24 0.483444 0.258021 0.030274 0.088235
35 0.486282 0.368984 0.035951 0.085561
25 0.562914 0.491979 0.189215 0.080214
34 0.483917 0.594920 0.031220 0.098930
23 0.675497 0.078877 0.035951 0.093583
28 0.674078 0.368984 0.033113 0.096257
22 0.674078 0.509358 0.033113 0.082888
29 0.674551 0.799465 0.034059 0.106952
14 0.729896 0.084225 0.048250 0.136364
20 0.725639 0.255348 0.039735 0.098930
8 0.729896 0.570856 0.048250 0.136364
17 0.726112 0.727273 0.040681 0.096257
3 0.729896 0.894385 0.048250 0.136364
2 0.778146 0.220588 0.048250 0.136364
32 0.816935 0.629679 0.125828 0.072193
0 0.914380 0.084225 0.048250 0.136364
5 0.914380 0.233957 0.048250 0.136364
19 0.909650 0.524064 0.038789 0.085561
13 0.914380 0.672460 0.048250 0.136364
6 0.914380 0.840909 0.048250 0.136364
26 0.955535 0.086898 0.034059 0.104278
21 0.954115 0.232620 0.031220 0.085561
16 0.955061 0.350267 0.033113 0.085561
31 0.969253 0.568182 0.061495 0.072193