10 0.026646 0.088315 0.053292 0.138587
29 0.018809 0.241848 0.037618 0.108696
15 0.024033 0.360054 0.048067 0.100543
26 0.018809 0.813859 0.037618 0.105978
28 0.071578 0.078804 0.036573 0.097826
21 0.070533 0.206522 0.034483 0.086957
6 0.079937 0.373641 0.053292 0.138587
4 0.079937 0.566576 0.053292 0.138587
18 0.074713 0.913043 0.042842 0.103261
22 0.124869 0.058424 0.036573 0.084239
3 0.133229 0.313859 0.053292 0.138587
24 0.123302 0.468750 0.033438 0.089674
11 0.133229 0.604620 0.053292 0.138587
14 0.186520 0.555707 0.053292 0.138587
7 0.336991 0.085598 0.053292 0.138587
33 0.329676 0.233696 0.038662 0.103261
1 0.336991 0.379076 0.053292 0.138587
17 0.332811 0.535326 0.044932 0.097826
19 0.331766 0.644022 0.042842 0.086957
8 0.336991 0.789402 0.053292 0.138587
25 0.468130 0.062500 0.208986 0.081522
30 0.385580 0.355978 0.043887 0.114130
35 0.383490 0.486413 0.039707 0.086957
9 0.390282 0.634511 0.053292 0.138587
16 0.590909 0.062500 0.036573 0.086957
2 0.599269 0.216033 0.053292 0.138587
5 0.599269 0.400815 0.053292 0.138587
12 0.599269 0.569293 0.053292 0.138587
34 0.589864 0.813859 0.034483 0.100543
27 0.824451 0.067935 0.033438 0.086957
0 0.834378 0.381793 0.053292 0.138587
32 0.930512 0.072011 0.138976 0.073370
23 0.880878 0.351902 0.039707 0.095109
13 0.887670 0.523098 0.053292 0.138587
31 0.894984 0.672554 0.067921 0.073370
20 0.882968 0.802989 0.043887 0.100543