3 0.022059 0.107242 0.044118 0.142061
24 0.013841 0.277159 0.027682 0.091922
30 0.018166 0.437326 0.036332 0.116992
26 0.015571 0.597493 0.031142 0.108635
6 0.022059 0.745125 0.044118 0.142061
34 0.014273 0.903900 0.028547 0.103064
28 0.059256 0.178273 0.030277 0.100279
1 0.066176 0.689415 0.044118 0.142061
4 0.260813 0.098886 0.044118 0.142061
22 0.253893 0.254875 0.030277 0.086351
21 0.253028 0.381616 0.028547 0.089136
9 0.304931 0.090529 0.044118 0.142061
11 0.304931 0.246518 0.044118 0.142061
18 0.300606 0.403900 0.035467 0.105850
2 0.304931 0.881616 0.044118 0.142061
12 0.349048 0.110028 0.044118 0.142061
33 0.342993 0.392758 0.032007 0.105850
8 0.349048 0.655989 0.044118 0.142061
27 0.340830 0.788301 0.027682 0.089136
35 0.467993 0.086351 0.032872 0.089136
15 0.471453 0.199164 0.039792 0.103064
20 0.469723 0.316156 0.036332 0.103064
10 0.473616 0.488858 0.044118 0.142061
25 0.538062 0.832869 0.173010 0.083565
5 0.646626 0.084958 0.044118 0.142061
16 0.639706 0.250696 0.030277 0.089136
17 0.643166 0.495822 0.037197 0.100279
14 0.771194 0.098886 0.044118 0.142061
7 0.771194 0.291086 0.044118 0.142061
31 0.777249 0.449861 0.056228 0.075209
13 0.771194 0.605850 0.044118 0.142061
23 0.765571 0.759053 0.032872 0.097493
19 0.766869 0.908078 0.035467 0.089136
32 0.862889 0.059889 0.115052 0.075209
0 0.827422 0.377437 0.044118 0.142061
29 0.820934 0.729805 0.031142 0.111421