30 0.021694 0.076246 0.043388 0.123167
14 0.026343 0.241935 0.052686 0.149560
4 0.026343 0.409091 0.052686 0.149560
28 0.018079 0.565982 0.036157 0.105572
23 0.019628 0.816716 0.039256 0.102639
1 0.079029 0.315249 0.052686 0.149560
35 0.072314 0.486804 0.039256 0.093842
12 0.079029 0.626100 0.052686 0.149560
31 0.086260 0.775660 0.067149 0.079179
20 0.141529 0.086510 0.043388 0.108504
10 0.146178 0.725806 0.052686 0.149560
0 0.375517 0.101173 0.052686 0.149560
2 0.375517 0.282991 0.052686 0.149560
5 0.375517 0.447214 0.052686 0.149560
18 0.370351 0.917889 0.042355 0.111437
34 0.418905 0.077713 0.034091 0.108504
11 0.428202 0.241935 0.052686 0.149560
26 0.420455 0.429619 0.037190 0.114370
24 0.418388 0.881232 0.033058 0.096774
21 0.471591 0.076246 0.034091 0.093842
15 0.478306 0.233138 0.047521 0.108504
33 0.473657 0.357771 0.038223 0.111437
17 0.476756 0.489736 0.044421 0.105572
9 0.480888 0.673021 0.052686 0.149560
3 0.533574 0.268328 0.052686 0.149560
6 0.533574 0.453079 0.052686 0.149560
22 0.525310 0.596774 0.036157 0.090909
32 0.575930 0.737537 0.137397 0.079179
19 0.528409 0.873900 0.042355 0.093842
8 0.670971 0.101173 0.052686 0.149560
7 0.670971 0.297654 0.052686 0.149560
13 0.670971 0.482405 0.052686 0.149560
16 0.662707 0.651026 0.036157 0.093842
25 0.747934 0.777126 0.206612 0.087977
29 0.869835 0.478006 0.037190 0.117302
27 0.867769 0.809384 0.033058 0.093842