21 0.014667 0.060274 0.029333 0.087671
26 0.016000 0.352055 0.032000 0.106849
32 0.059111 0.494521 0.118222 0.073973
28 0.015556 0.627397 0.031111 0.098630
0 0.022667 0.798630 0.045333 0.139726
1 0.140889 0.297260 0.045333 0.139726
6 0.140889 0.491781 0.045333 0.139726
15 0.138667 0.727397 0.040889 0.101370
5 0.140889 0.880822 0.045333 0.139726
20 0.182222 0.091781 0.037333 0.101370
17 0.182667 0.216438 0.038222 0.098630
27 0.177778 0.528767 0.028444 0.087671
22 0.179111 0.634247 0.031111 0.084932
16 0.179111 0.775342 0.031111 0.087671
12 0.231556 0.220548 0.045333 0.139726
2 0.231556 0.384932 0.045333 0.139726
30 0.227556 0.723288 0.037333 0.115068
31 0.435111 0.072603 0.057778 0.073973
24 0.420444 0.176712 0.028444 0.090411
19 0.424444 0.802740 0.036444 0.087671
14 0.626222 0.110959 0.045333 0.139726
23 0.620444 0.261644 0.033778 0.095890
25 0.692444 0.402740 0.177778 0.082192
18 0.621778 0.515068 0.036444 0.104110
4 0.626222 0.680822 0.045333 0.139726
3 0.626222 0.853425 0.045333 0.139726
7 0.804000 0.086301 0.045333 0.139726
11 0.804000 0.384932 0.045333 0.139726
13 0.804000 0.557534 0.045333 0.139726
10 0.804000 0.713699 0.045333 0.139726
34 0.841333 0.067123 0.029333 0.101370
33 0.843111 0.219178 0.032889 0.104110
8 0.894667 0.094521 0.045333 0.139726
35 0.888889 0.361644 0.033778 0.087671
9 0.894667 0.527397 0.045333 0.139726
29 0.888000 0.665753 0.032000 0.109589