14 0.026590 0.195833 0.053180 0.141667
15 0.023983 0.348611 0.047967 0.102778
0 0.026590 0.512500 0.053180 0.141667
34 0.017205 0.662500 0.034411 0.102778
16 0.249739 0.236111 0.036496 0.088889
1 0.258081 0.384722 0.053180 0.141667
21 0.248697 0.716667 0.034411 0.088889
30 0.306569 0.083333 0.043796 0.116667
26 0.303441 0.237500 0.037539 0.108333
11 0.311262 0.393056 0.053180 0.141667
10 0.311262 0.573611 0.053180 0.141667
13 0.311262 0.898611 0.053180 0.141667
4 0.364442 0.106944 0.053180 0.141667
8 0.364442 0.362500 0.053180 0.141667
33 0.357143 0.519444 0.038582 0.105556
17 0.360271 0.677778 0.044838 0.100000
9 0.417623 0.273611 0.053180 0.141667
31 0.424922 0.426389 0.067779 0.075000
7 0.417623 0.581944 0.053180 0.141667
35 0.478624 0.080556 0.039625 0.088889
22 0.477059 0.220833 0.036496 0.086111
29 0.477581 0.450000 0.037539 0.111111
20 0.480709 0.581944 0.043796 0.102778
27 0.475495 0.702778 0.033368 0.088889
2 0.529197 0.109722 0.053180 0.141667
19 0.523983 0.277778 0.042753 0.088889
25 0.606882 0.580556 0.208551 0.083333
6 0.737748 0.104167 0.053180 0.141667
23 0.730970 0.276389 0.039625 0.097222
24 0.727842 0.420833 0.033368 0.091667
32 0.780501 0.531944 0.138686 0.075000
3 0.737748 0.662500 0.053180 0.141667
18 0.732534 0.822222 0.042753 0.105556
28 0.868092 0.091667 0.036496 0.100000
5 0.876434 0.245833 0.053180 0.141667
12 0.876434 0.690278 0.053180 0.141667