12 0.032035 0.209635 0.064070 0.132812
27 0.020101 0.531250 0.040201 0.083333
6 0.032035 0.790365 0.064070 0.132812
33 0.087312 0.072917 0.046482 0.098958
24 0.084171 0.186198 0.040201 0.085938
19 0.089824 0.312500 0.051508 0.083333
31 0.104899 0.615885 0.081658 0.070312
2 0.177764 0.097656 0.064070 0.132812
10 0.177764 0.248698 0.064070 0.132812
26 0.168342 0.394531 0.045226 0.101562
30 0.172111 0.528646 0.052764 0.109375
29 0.168342 0.658854 0.045226 0.104167
22 0.167714 0.787760 0.043970 0.080729
20 0.236181 0.246094 0.052764 0.096354
4 0.241834 0.412760 0.064070 0.132812
7 0.241834 0.582031 0.064070 0.132812
17 0.300879 0.062500 0.054020 0.093750
9 0.305905 0.212240 0.064070 0.132812
32 0.357412 0.561198 0.167085 0.070312
3 0.305905 0.686198 0.064070 0.132812
13 0.588568 0.079427 0.064070 0.132812
18 0.582286 0.218750 0.051508 0.098958
1 0.588568 0.886719 0.064070 0.132812
8 0.652638 0.087240 0.064070 0.132812
25 0.746231 0.226562 0.251256 0.078125
14 0.652638 0.467448 0.064070 0.132812
11 0.652638 0.647135 0.064070 0.132812
28 0.642588 0.804688 0.043970 0.093750
23 0.895729 0.074219 0.047739 0.091146
16 0.893844 0.205729 0.043970 0.083333
5 0.967965 0.092448 0.064070 0.132812
21 0.956658 0.242188 0.041457 0.083333
0 0.967965 0.384115 0.064070 0.132812
15 0.964824 0.540365 0.057789 0.096354
34 0.956658 0.683594 0.041457 0.096354
35 0.959799 0.822917 0.047739 0.083333