18 0.019580 0.402299 0.039160 0.109195
2 0.024355 0.556034 0.048711 0.146552
33 0.017670 0.727011 0.035339 0.109195
5 0.024355 0.903736 0.048711 0.146552
31 0.079752 0.056034 0.062082 0.077586
30 0.068768 0.198276 0.040115 0.120690
27 0.063992 0.359195 0.030564 0.091954
25 0.144222 0.474138 0.191022 0.086207
15 0.070678 0.593391 0.043935 0.106322
13 0.073066 0.734195 0.048711 0.146552
12 0.264088 0.104885 0.048711 0.146552
6 0.264088 0.271552 0.048711 0.146552
9 0.264088 0.547414 0.048711 0.146552
10 0.264088 0.742816 0.048711 0.146552
21 0.255492 0.905172 0.031519 0.091954
17 0.397803 0.080460 0.041070 0.103448
16 0.393983 0.206897 0.033429 0.091954
24 0.392550 0.438218 0.030564 0.094828
8 0.401624 0.596264 0.048711 0.146552
35 0.395415 0.750000 0.036294 0.091954
26 0.606495 0.193966 0.034384 0.112069
19 0.608883 0.336207 0.039160 0.091954
22 0.606017 0.627874 0.033429 0.089080
32 0.652818 0.754310 0.127030 0.077586
3 0.740688 0.096264 0.048711 0.146552
11 0.740688 0.274425 0.048711 0.146552
4 0.740688 0.455460 0.048711 0.146552
7 0.740688 0.831897 0.048711 0.146552
23 0.783190 0.090517 0.036294 0.100575
29 0.782235 0.402299 0.034384 0.114943
0 0.789398 0.590517 0.048711 0.146552
20 0.785100 0.768678 0.040115 0.106322
14 0.838109 0.544540 0.048711 0.146552
1 0.886819 0.277299 0.048711 0.146552
34 0.878223 0.461207 0.031519 0.106322
28 0.879179 0.870690 0.033429 0.103448