19 0.013712 0.202667 0.027425 0.085333
5 0.017057 0.353333 0.034114 0.136000
26 0.012040 0.505333 0.024080 0.104000
18 0.162207 0.080000 0.027425 0.101333
25 0.215385 0.218667 0.133779 0.080000
4 0.165552 0.449333 0.034114 0.136000
20 0.162542 0.612000 0.028094 0.098667
10 0.165552 0.774667 0.034114 0.136000
21 0.310033 0.061333 0.022074 0.085333
15 0.314381 0.353333 0.030769 0.098667
9 0.316054 0.644000 0.034114 0.136000
34 0.310033 0.801333 0.022074 0.098667
6 0.350167 0.396000 0.034114 0.136000
16 0.344816 0.546667 0.023411 0.085333
11 0.350167 0.676000 0.034114 0.136000
14 0.350167 0.854667 0.034114 0.136000
8 0.498662 0.286667 0.034114 0.136000
17 0.495987 0.429333 0.028763 0.096000
1 0.498662 0.585333 0.034114 0.136000
35 0.494314 0.832000 0.025418 0.085333
22 0.589632 0.068000 0.023411 0.082667
24 0.588629 0.177333 0.021405 0.088000
2 0.594983 0.332000 0.034114 0.136000
12 0.594983 0.492000 0.034114 0.136000
27 0.588629 0.616000 0.021405 0.085333
29 0.589967 0.725333 0.024080 0.106667
13 0.629097 0.100000 0.034114 0.136000
32 0.656522 0.252000 0.088963 0.072000
3 0.629097 0.406667 0.034114 0.136000
0 0.629097 0.734667 0.034114 0.136000
30 0.626087 0.896000 0.028094 0.112000
31 0.722742 0.068000 0.043478 0.072000
23 0.713712 0.446667 0.025418 0.093333
33 0.863880 0.069333 0.024749 0.101333
28 0.863211 0.197333 0.023411 0.096000
7 0.868562 0.366667 0.034114 0.136000