3 0.024057 0.113764 0.048113 0.143258
32 0.062736 0.647472 0.125472 0.075843
26 0.226415 0.096910 0.033962 0.109551
13 0.233491 0.417135 0.048113 0.143258
24 0.224528 0.551966 0.030189 0.092697
29 0.226415 0.682584 0.033962 0.112360
20 0.277358 0.066011 0.039623 0.103933
16 0.274057 0.345506 0.033019 0.089888
28 0.274057 0.457865 0.033019 0.101124
27 0.272642 0.654494 0.030189 0.089888
34 0.485377 0.091292 0.031132 0.103933
11 0.493868 0.262640 0.048113 0.143258
35 0.487736 0.426966 0.035849 0.089888
1 0.493868 0.557584 0.048113 0.143258
6 0.493868 0.748596 0.048113 0.143258
15 0.539623 0.071629 0.043396 0.103933
23 0.535849 0.223315 0.035849 0.098315
18 0.537264 0.471910 0.038679 0.106742
19 0.537264 0.592697 0.038679 0.089888
7 0.541981 0.728933 0.048113 0.143258
9 0.590094 0.085674 0.048113 0.143258
14 0.590094 0.271067 0.048113 0.143258
17 0.586321 0.738764 0.040566 0.101124
5 0.590094 0.880618 0.048113 0.143258
30 0.633962 0.095506 0.039623 0.117978
0 0.638208 0.495787 0.048113 0.143258
4 0.638208 0.683989 0.048113 0.143258
10 0.774057 0.108146 0.048113 0.143258
21 0.765566 0.266854 0.031132 0.089888
8 0.774057 0.422753 0.048113 0.143258
2 0.774057 0.580056 0.048113 0.143258
31 0.780660 0.720506 0.061321 0.075843
22 0.766509 0.824438 0.033019 0.087079
12 0.835377 0.110955 0.048113 0.143258
25 0.905660 0.241573 0.188679 0.084270
33 0.828774 0.705056 0.034906 0.106742