27 0.015340 0.080110 0.030681 0.088398
14 0.024449 0.236188 0.048897 0.140884
12 0.024449 0.407459 0.048897 0.140884
2 0.024449 0.581492 0.048897 0.140884
4 0.024449 0.769337 0.048897 0.140884
23 0.018217 0.912983 0.036433 0.096685
15 0.070949 0.075967 0.044104 0.102210
10 0.073346 0.238950 0.048897 0.140884
7 0.073346 0.412983 0.048897 0.140884
8 0.073346 0.578729 0.048897 0.140884
29 0.066155 0.726519 0.034516 0.110497
0 0.122244 0.106354 0.048897 0.140884
31 0.128955 0.250000 0.062320 0.074586
25 0.193672 0.359116 0.191755 0.082873
24 0.113135 0.482044 0.030681 0.091160
18 0.117450 0.635359 0.039310 0.104972
3 0.313998 0.241713 0.048897 0.140884
22 0.306328 0.368785 0.033557 0.085635
20 0.309684 0.487569 0.040268 0.102210
21 0.305369 0.604972 0.031640 0.088398
1 0.313998 0.750000 0.048897 0.140884
19 0.522052 0.599448 0.039310 0.088398
34 0.567114 0.070442 0.031640 0.102210
11 0.575743 0.700276 0.048897 0.140884
16 0.616970 0.060773 0.033557 0.088398
9 0.624640 0.205801 0.048897 0.140884
13 0.624640 0.393646 0.048897 0.140884
5 0.624640 0.551105 0.048897 0.140884
17 0.620805 0.715470 0.041227 0.099448
28 0.616970 0.870166 0.033557 0.099448
6 0.673538 0.575967 0.048897 0.140884
32 0.712848 0.725138 0.127517 0.074586
30 0.669223 0.842541 0.040268 0.116022
35 0.880153 0.069061 0.036433 0.088398
26 0.879195 0.183702 0.034516 0.107735
33 0.879674 0.745856 0.035475 0.104972