17 0.024266 0.271468 0.048533 0.099723
3 0.028781 0.422438 0.057562 0.141274
0 0.028781 0.616343 0.057562 0.141274
29 0.020316 0.767313 0.040632 0.110803
26 0.020316 0.915512 0.040632 0.108033
27 0.075621 0.268698 0.036117 0.088643
11 0.086343 0.408587 0.057562 0.141274
24 0.075621 0.558172 0.036117 0.091413
14 0.086343 0.693906 0.057562 0.141274
30 0.138826 0.072022 0.047404 0.116343
20 0.138826 0.200831 0.047404 0.102493
21 0.133747 0.432133 0.037246 0.088643
10 0.143905 0.591413 0.057562 0.141274
34 0.133747 0.765928 0.037246 0.102493
6 0.306433 0.231302 0.057562 0.141274
5 0.306433 0.386427 0.057562 0.141274
16 0.297404 0.518006 0.039503 0.088643
7 0.306433 0.646814 0.057562 0.141274
12 0.306433 0.810249 0.057562 0.141274
25 0.448081 0.055402 0.225734 0.083102
13 0.363995 0.394737 0.057562 0.141274
28 0.354966 0.551247 0.039503 0.099723
1 0.363995 0.724377 0.057562 0.141274
9 0.589729 0.087258 0.057562 0.141274
31 0.597630 0.222992 0.073363 0.074792
18 0.584086 0.349030 0.046275 0.105263
15 0.586907 0.486150 0.051919 0.102493
8 0.589729 0.646814 0.057562 0.141274
2 0.589729 0.807479 0.057562 0.141274
23 0.655756 0.328255 0.042889 0.096953
32 0.709368 0.530471 0.150113 0.074792
35 0.906321 0.271468 0.042889 0.088643
33 0.905756 0.412742 0.041761 0.105263
22 0.962190 0.239612 0.039503 0.085873
4 0.971219 0.391967 0.057562 0.141274
19 0.965576 0.714681 0.046275 0.088643