32 0.062559 0.071429 0.125118 0.072776
26 0.016933 0.373315 0.033866 0.105121
27 0.015052 0.495957 0.030103 0.086253
24 0.015052 0.597035 0.030103 0.088949
17 0.020226 0.722372 0.040452 0.097035
29 0.142051 0.080863 0.033866 0.107817
25 0.219191 0.215633 0.188147 0.080863
5 0.149106 0.456873 0.047977 0.137466
14 0.149106 0.615903 0.047977 0.137466
6 0.149106 0.799191 0.047977 0.137466
8 0.360771 0.273585 0.047977 0.137466
35 0.354657 0.409704 0.035748 0.086253
16 0.353246 0.673854 0.032926 0.086253
30 0.404516 0.097035 0.039511 0.113208
34 0.400282 0.254717 0.031044 0.099730
33 0.402164 0.741240 0.034807 0.102426
3 0.456726 0.216981 0.047977 0.137466
13 0.456726 0.392183 0.047977 0.137466
18 0.452023 0.544474 0.038570 0.102426
4 0.456726 0.710243 0.047977 0.137466
12 0.456726 0.861186 0.047977 0.137466
21 0.496237 0.080863 0.031044 0.086253
15 0.502352 0.208895 0.043274 0.099730
0 0.504704 0.346361 0.047977 0.137466
23 0.498589 0.481132 0.035748 0.094340
20 0.500470 0.629380 0.039511 0.099730
1 0.552681 0.208895 0.047977 0.137466
31 0.559266 0.362534 0.061148 0.072776
22 0.545155 0.491914 0.032926 0.083558
19 0.547977 0.768194 0.038570 0.086253
2 0.764346 0.281671 0.047977 0.137466
7 0.764346 0.772237 0.047977 0.137466
11 0.976011 0.273585 0.047977 0.137466
10 0.976011 0.435310 0.047977 0.137466
28 0.968485 0.749326 0.032926 0.097035
9 0.976011 0.915094 0.047977 0.137466