34 0.014680 0.083333 0.029359 0.094872
12 0.022687 0.208974 0.045374 0.130769
29 0.016014 0.353846 0.032028 0.102564
7 0.022687 0.491026 0.045374 0.130769
9 0.022687 0.667949 0.045374 0.130769
10 0.022687 0.844872 0.045374 0.130769
33 0.061833 0.200000 0.032918 0.097436
8 0.068060 0.606410 0.045374 0.130769
3 0.265569 0.088462 0.045374 0.130769
6 0.265569 0.408974 0.045374 0.130769
5 0.265569 0.565385 0.045374 0.130769
20 0.306940 0.196154 0.037367 0.094872
24 0.302491 0.311538 0.028470 0.084615
27 0.302491 0.412821 0.028470 0.082051
22 0.303826 0.516667 0.031139 0.079487
14 0.310943 0.655128 0.045374 0.130769
32 0.392794 0.057692 0.118327 0.069231
17 0.352758 0.343590 0.038256 0.092308
31 0.362544 0.444872 0.057829 0.069231
26 0.349644 0.567949 0.032028 0.100000
19 0.549377 0.205128 0.036477 0.082051
4 0.553826 0.350000 0.045374 0.130769
1 0.553826 0.493590 0.045374 0.130769
11 0.599199 0.098718 0.045374 0.130769
13 0.599199 0.278205 0.045374 0.130769
16 0.592082 0.746154 0.031139 0.082051
2 0.599199 0.885897 0.045374 0.130769
23 0.638790 0.185897 0.033808 0.089744
15 0.642349 0.298718 0.040925 0.094872
28 0.637456 0.430769 0.031139 0.092308
21 0.636566 0.538462 0.029359 0.082051
30 0.840747 0.092308 0.037367 0.107692
25 0.911032 0.205128 0.177936 0.076923
35 0.838968 0.305128 0.033808 0.082051
18 0.840302 0.425641 0.036477 0.097436
0 0.844751 0.557692 0.045374 0.130769