25 0.104493 0.053476 0.208986 0.080214
31 0.033960 0.351604 0.067921 0.072193
8 0.026646 0.490642 0.053292 0.136364
2 0.026646 0.667112 0.053292 0.136364
6 0.026646 0.827540 0.053292 0.136364
23 0.228840 0.062834 0.039707 0.093583
33 0.228318 0.326203 0.038662 0.101604
29 0.227795 0.451872 0.037618 0.106952
30 0.466040 0.069519 0.043887 0.112299
7 0.470742 0.479947 0.053292 0.136364
26 0.462905 0.648396 0.037618 0.104278
22 0.462382 0.787433 0.036573 0.082888
32 0.664054 0.073529 0.138976 0.072193
15 0.618600 0.346257 0.048067 0.098930
14 0.621212 0.490642 0.053292 0.136364
18 0.615987 0.644385 0.042842 0.101604
11 0.760188 0.260695 0.053292 0.136364
4 0.760188 0.739305 0.053292 0.136364
16 0.805120 0.082888 0.036573 0.085561
27 0.803553 0.347594 0.033438 0.085561
19 0.808255 0.454545 0.042842 0.085561
9 0.813480 0.616310 0.053292 0.136364
1 0.866771 0.105615 0.053292 0.136364
5 0.866771 0.266043 0.053292 0.136364
34 0.857367 0.431818 0.034483 0.098930
13 0.866771 0.592246 0.053292 0.136364
20 0.862069 0.760695 0.043887 0.098930
0 0.866771 0.913102 0.053292 0.136364
10 0.920063 0.105615 0.053292 0.136364
3 0.920063 0.405080 0.053292 0.136364
35 0.913271 0.542781 0.039707 0.085561
24 0.963427 0.260695 0.033438 0.088235
17 0.969175 0.403743 0.044932 0.096257
28 0.964995 0.524064 0.036573 0.096257
21 0.963950 0.633690 0.034483 0.085561
12 0.973354 0.795455 0.053292 0.136364