35 0.019567 0.353723 0.039135 0.085106
14 0.026262 0.488032 0.052523 0.135638
24 0.069001 0.075798 0.032956 0.087766
2 0.078785 0.474734 0.052523 0.135638
20 0.074150 0.788564 0.043254 0.098404
28 0.218847 0.191489 0.036045 0.095745
13 0.227085 0.355053 0.052523 0.135638
30 0.454171 0.074468 0.043254 0.111702
31 0.466014 0.214096 0.066941 0.071809
0 0.458805 0.363032 0.052523 0.135638
8 0.458805 0.549202 0.052523 0.135638
27 0.449022 0.710106 0.032956 0.085106
1 0.458805 0.863032 0.052523 0.135638
23 0.519053 0.232713 0.039135 0.093085
10 0.525747 0.365691 0.052523 0.135638
3 0.525747 0.551862 0.052523 0.135638
29 0.518023 0.914894 0.037075 0.106383
32 0.620494 0.049202 0.136972 0.071809
4 0.578270 0.352394 0.052523 0.135638
16 0.570031 0.492021 0.036045 0.085106
9 0.578270 0.615691 0.052523 0.135638
33 0.571061 0.752660 0.038105 0.101064
6 0.715242 0.267287 0.052523 0.135638
5 0.715242 0.429521 0.052523 0.135638
19 0.710093 0.577128 0.042225 0.085106
34 0.705973 0.722074 0.033986 0.098404
15 0.712667 0.847074 0.047374 0.098404
11 0.767765 0.105053 0.052523 0.135638
26 0.760041 0.264628 0.037075 0.103723
12 0.767765 0.424202 0.052523 0.135638
21 0.758496 0.585106 0.033986 0.085106
25 0.844490 0.683511 0.205973 0.079787
22 0.759526 0.791223 0.036045 0.082447
7 0.973738 0.099734 0.052523 0.135638
18 0.968589 0.404255 0.042225 0.101064
17 0.969619 0.523936 0.044284 0.095745