30 0.026349 0.272727 0.052698 0.112299
33 0.023212 0.689840 0.046424 0.101604
28 0.085947 0.489305 0.043915 0.096257
20 0.154329 0.086898 0.052698 0.098930
35 0.151819 0.192513 0.047679 0.085561
19 0.153701 0.601604 0.051443 0.085561
3 0.223965 0.097594 0.063990 0.136364
31 0.232748 0.247326 0.081556 0.072193
6 0.223965 0.391711 0.063990 0.136364
13 0.223965 0.733957 0.063990 0.136364
9 0.223965 0.907754 0.063990 0.136364
14 0.305521 0.102941 0.063990 0.136364
15 0.302384 0.258021 0.057716 0.098930
26 0.296110 0.391711 0.045169 0.104278
5 0.305521 0.530749 0.063990 0.136364
1 0.305521 0.701872 0.063990 0.136364
12 0.305521 0.891711 0.063990 0.136364
29 0.360100 0.074866 0.045169 0.106952
2 0.369511 0.338235 0.063990 0.136364
0 0.369511 0.528075 0.063990 0.136364
4 0.369511 0.715241 0.063990 0.136364
34 0.358218 0.886364 0.041405 0.098930
11 0.433501 0.100267 0.063990 0.136364
25 0.526976 0.256684 0.250941 0.080214
23 0.425345 0.565508 0.047679 0.093583
17 0.428482 0.708556 0.053952 0.096257
16 0.423463 0.828877 0.043915 0.085561
7 0.684442 0.330214 0.063990 0.136364
10 0.684442 0.479947 0.063990 0.136364
27 0.672522 0.620321 0.040151 0.085561
8 0.684442 0.744652 0.063990 0.136364
24 0.853199 0.231283 0.040151 0.088235
32 0.916562 0.324866 0.166876 0.072193
18 0.858846 0.449198 0.051443 0.101604
21 0.853827 0.561497 0.041405 0.085561
22 0.855082 0.680481 0.043915 0.082888