9 0.020885 0.079843 0.041769 0.133508
32 0.054464 0.226440 0.108927 0.070681
22 0.014333 0.333770 0.028665 0.081152
19 0.016790 0.463351 0.033579 0.083770
33 0.124079 0.086387 0.030303 0.099476
6 0.129812 0.229058 0.041769 0.133508
4 0.129812 0.388743 0.041769 0.133508
13 0.129812 0.750000 0.041769 0.133508
15 0.127764 0.899215 0.037674 0.096859
30 0.167895 0.073298 0.034398 0.109948
7 0.171581 0.213351 0.041769 0.133508
18 0.167486 0.376963 0.033579 0.099476
25 0.232596 0.672775 0.163800 0.078534
34 0.328010 0.074607 0.027027 0.096859
8 0.335381 0.242147 0.041769 0.133508
10 0.335381 0.540576 0.041769 0.133508
20 0.331695 0.671466 0.034398 0.096859
29 0.329238 0.821990 0.029484 0.104712
26 0.511057 0.231675 0.029484 0.102094
2 0.517199 0.388743 0.041769 0.133508
1 0.517199 0.574607 0.041769 0.133508
0 0.558968 0.378272 0.041769 0.133508
17 0.555692 0.513089 0.035217 0.094241
35 0.553645 0.801047 0.031122 0.083770
12 0.676904 0.095550 0.041769 0.133508
24 0.669124 0.239529 0.026208 0.086387
14 0.676904 0.393979 0.041769 0.133508
31 0.682637 0.519634 0.053235 0.070681
28 0.670352 0.751309 0.028665 0.094241
3 0.794840 0.090314 0.041769 0.133508
23 0.789517 0.226440 0.031122 0.091623
11 0.794840 0.624346 0.041769 0.133508
5 0.794840 0.810209 0.041769 0.133508
16 0.972563 0.062827 0.028665 0.083770
27 0.971335 0.507853 0.026208 0.083770
21 0.971744 0.604712 0.027027 0.083770