9 0.022546 0.266393 0.045093 0.139344
28 0.015473 0.576503 0.030946 0.098361
32 0.058798 0.905738 0.117595 0.073770
17 0.136605 0.087432 0.038019 0.098361
27 0.131742 0.218579 0.028294 0.087432
0 0.140141 0.531421 0.045093 0.139344
20 0.136163 0.700820 0.037135 0.101093
25 0.404951 0.062842 0.176835 0.081967
8 0.339080 0.203552 0.045093 0.139344
19 0.334660 0.336066 0.036251 0.087432
13 0.339080 0.463115 0.045093 0.139344
2 0.339080 0.629781 0.045093 0.139344
5 0.339080 0.821038 0.045093 0.139344
3 0.515915 0.107923 0.045093 0.139344
16 0.508842 0.243169 0.030946 0.087432
14 0.515915 0.411202 0.045093 0.139344
12 0.515915 0.821038 0.045093 0.139344
26 0.554377 0.241803 0.031830 0.106557
18 0.556587 0.379781 0.036251 0.103825
24 0.552608 0.528689 0.028294 0.090164
30 0.557029 0.683060 0.037135 0.114754
22 0.599027 0.077869 0.030946 0.084699
4 0.606101 0.219945 0.045093 0.139344
15 0.603890 0.367486 0.040672 0.101093
10 0.606101 0.520492 0.045093 0.139344
35 0.600354 0.683060 0.033599 0.087432
21 0.643236 0.071038 0.029178 0.087432
1 0.651194 0.230874 0.045093 0.139344
6 0.850133 0.110656 0.045093 0.139344
23 0.844385 0.280055 0.033599 0.095628
31 0.856322 0.687158 0.057471 0.073770
33 0.843943 0.822404 0.032714 0.103825
29 0.970822 0.087432 0.031830 0.109290
11 0.977454 0.239071 0.045093 0.139344
7 0.977454 0.424863 0.045093 0.139344
34 0.969496 0.752732 0.029178 0.101093