21 0.014525 0.075209 0.029049 0.089136
32 0.058539 0.288301 0.117077 0.075209
19 0.018046 0.387187 0.036092 0.089136
33 0.016285 0.518106 0.032570 0.105850
7 0.217870 0.260446 0.044894 0.142061
15 0.215669 0.580780 0.040493 0.103064
14 0.217870 0.717270 0.044894 0.142061
18 0.258363 0.086351 0.036092 0.105850
29 0.256162 0.395543 0.031690 0.111421
6 0.262764 0.558496 0.044894 0.142061
8 0.262764 0.733983 0.044894 0.142061
9 0.262764 0.903900 0.044894 0.142061
35 0.301937 0.058496 0.033451 0.089136
22 0.300616 0.469359 0.030810 0.086351
16 0.496039 0.214485 0.030810 0.089136
25 0.568662 0.325905 0.176056 0.083565
31 0.509243 0.419220 0.057218 0.075209
24 0.494718 0.558496 0.028169 0.091922
23 0.673415 0.082173 0.033451 0.097493
13 0.679137 0.249304 0.044894 0.142061
30 0.675176 0.431755 0.036972 0.116992
11 0.679137 0.703343 0.044894 0.142061
10 0.679137 0.876045 0.044894 0.142061
34 0.797975 0.082173 0.029049 0.103064
1 0.805898 0.252089 0.044894 0.142061
26 0.799296 0.767409 0.031690 0.108635
28 0.798856 0.919220 0.030810 0.100279
0 0.850792 0.238162 0.044894 0.142061
12 0.850792 0.413649 0.044894 0.142061
27 0.842430 0.551532 0.028169 0.089136
3 0.850792 0.689415 0.044894 0.142061
5 0.895687 0.104457 0.044894 0.142061
4 0.895687 0.279944 0.044894 0.142061
2 0.895687 0.472145 0.044894 0.142061
20 0.891725 0.614206 0.036972 0.103064
17 0.892165 0.852368 0.037852 0.100279