0 0.022059 0.088732 0.044118 0.143662
5 0.022059 0.283099 0.044118 0.143662
27 0.013841 0.414085 0.027682 0.090141
20 0.018166 0.733803 0.036332 0.104225
28 0.015138 0.856338 0.030277 0.101408
22 0.059256 0.063380 0.030277 0.087324
17 0.062716 0.171831 0.037197 0.101408
7 0.066176 0.342254 0.044118 0.143662
25 0.130623 0.653521 0.173010 0.084507
3 0.066176 0.801408 0.044118 0.143662
32 0.274654 0.170423 0.115052 0.076056
18 0.234862 0.414085 0.035467 0.107042
6 0.239187 0.581690 0.044118 0.143662
1 0.363754 0.176056 0.044118 0.143662
21 0.355969 0.312676 0.028547 0.090141
34 0.355969 0.446479 0.028547 0.104225
19 0.359429 0.571831 0.035467 0.090141
9 0.558391 0.181690 0.044118 0.143662
24 0.550173 0.330986 0.027682 0.092958
12 0.558391 0.502817 0.044118 0.143662
35 0.552768 0.673239 0.032872 0.090141
33 0.676903 0.256338 0.032007 0.107042
2 0.682958 0.401408 0.044118 0.143662
23 0.677336 0.719718 0.032872 0.098592
4 0.682958 0.894366 0.044118 0.143662
15 0.724913 0.069014 0.039792 0.104225
30 0.723183 0.211268 0.036332 0.118310
16 0.720156 0.369014 0.030277 0.090141
8 0.921713 0.435211 0.044118 0.143662
13 0.921713 0.629577 0.044118 0.143662
14 0.921713 0.905634 0.044118 0.143662
11 0.965830 0.094366 0.044118 0.143662
10 0.965830 0.423944 0.044118 0.143662
26 0.959343 0.564789 0.031142 0.109859
29 0.959343 0.715493 0.031142 0.112676
31 0.971886 0.846479 0.056228 0.076056