27 0.018223 0.062016 0.036446 0.082687
11 0.029043 0.202842 0.058087 0.131783
31 0.037016 0.352713 0.074032 0.069767
20 0.023918 0.574935 0.047836 0.095607
30 0.097950 0.082687 0.047836 0.108527
23 0.095672 0.197674 0.043280 0.090439
2 0.103075 0.484496 0.058087 0.131783
34 0.092825 0.647287 0.037585 0.095607
6 0.103075 0.789406 0.058087 0.131783
25 0.246014 0.072351 0.227790 0.077519
35 0.153759 0.180879 0.043280 0.082687
26 0.152620 0.549096 0.041002 0.100775
22 0.152050 0.680879 0.039863 0.080103
18 0.383257 0.064599 0.046697 0.098191
15 0.386105 0.280362 0.052392 0.095607
28 0.379841 0.408269 0.039863 0.093023
1 0.388952 0.556848 0.058087 0.131783
13 0.645216 0.096899 0.058087 0.131783
33 0.637244 0.248062 0.042141 0.098191
17 0.640661 0.385013 0.048975 0.093023
7 0.645216 0.704134 0.058087 0.131783
3 0.703303 0.089147 0.058087 0.131783
29 0.694761 0.232558 0.041002 0.103359
8 0.703303 0.546512 0.058087 0.131783
14 0.703303 0.711886 0.058087 0.131783
16 0.694191 0.834625 0.039863 0.082687
5 0.761390 0.081395 0.058087 0.131783
4 0.761390 0.257106 0.058087 0.131783
10 0.761390 0.735142 0.058087 0.131783
9 0.761390 0.892765 0.058087 0.131783
21 0.809226 0.214470 0.037585 0.082687
32 0.866173 0.321705 0.151481 0.069767
24 0.960137 0.071059 0.036446 0.085271
19 0.965262 0.351421 0.046697 0.082687
12 0.970957 0.629199 0.058087 0.131783
0 0.970957 0.786822 0.058087 0.131783