21 0.011786 0.176471 0.023571 0.094118
14 0.018214 0.330882 0.036429 0.150000
26 0.012857 0.507353 0.025714 0.114706
2 0.018214 0.689706 0.036429 0.150000
29 0.012857 0.841176 0.025714 0.117647
25 0.232143 0.058824 0.142857 0.088235
34 0.172500 0.372059 0.023571 0.108824
27 0.172143 0.505882 0.022857 0.094118
10 0.178929 0.672059 0.036429 0.150000
8 0.321786 0.113235 0.036429 0.150000
6 0.321786 0.277941 0.036429 0.150000
12 0.321786 0.654412 0.036429 0.150000
23 0.317143 0.822059 0.027143 0.102941
15 0.480714 0.089706 0.032857 0.108824
30 0.479286 0.258824 0.030000 0.123529
4 0.482500 0.436765 0.036429 0.150000
9 0.482500 0.745588 0.036429 0.150000
19 0.478929 0.902941 0.029286 0.094118
31 0.523929 0.069118 0.046429 0.079412
22 0.513214 0.339706 0.025000 0.091176
7 0.518929 0.504412 0.036429 0.150000
0 0.518929 0.860294 0.036429 0.150000
32 0.594643 0.069118 0.095000 0.079412
33 0.560357 0.205882 0.026429 0.111765
18 0.561786 0.335294 0.029286 0.111765
3 0.565357 0.501471 0.036429 0.150000
35 0.560714 0.661765 0.027143 0.094118
1 0.565357 0.822059 0.036429 0.150000
17 0.657500 0.079412 0.030714 0.105882
16 0.815357 0.064706 0.025000 0.094118
28 0.815357 0.217647 0.025000 0.105882
24 0.814286 0.698529 0.022857 0.097059
13 0.981786 0.110294 0.036429 0.150000
5 0.981786 0.304412 0.036429 0.150000
20 0.978571 0.477941 0.030000 0.108824
11 0.981786 0.648529 0.036429 0.150000