7 0.025680 0.772849 0.051360 0.137097
32 0.211984 0.049731 0.133938 0.072581
14 0.170695 0.181452 0.051360 0.137097
23 0.164149 0.461022 0.038268 0.094086
20 0.166163 0.611559 0.042296 0.099462
2 0.170695 0.767473 0.051360 0.137097
24 0.295065 0.071237 0.032226 0.088710
3 0.304632 0.200269 0.051360 0.137097
9 0.304632 0.385753 0.051360 0.137097
8 0.304632 0.541667 0.051360 0.137097
10 0.304632 0.716398 0.051360 0.137097
19 0.350957 0.077957 0.041289 0.086022
18 0.350957 0.204301 0.041289 0.102151
1 0.355992 0.375000 0.051360 0.137097
28 0.347936 0.540323 0.035247 0.096774
29 0.348439 0.680108 0.036254 0.107527
31 0.414401 0.049731 0.065458 0.072581
21 0.398288 0.155914 0.033233 0.086022
26 0.399799 0.270161 0.036254 0.104839
22 0.399295 0.383065 0.035247 0.083333
35 0.400806 0.502688 0.038268 0.086022
4 0.407351 0.659946 0.051360 0.137097
34 0.463746 0.063172 0.033233 0.099462
27 0.463243 0.172043 0.032226 0.086022
15 0.470292 0.458333 0.046324 0.099462
17 0.468781 0.782258 0.043303 0.096774
16 0.516113 0.322581 0.035247 0.086022
25 0.599194 0.443548 0.201410 0.080645
0 0.524169 0.581989 0.051360 0.137097
11 0.747734 0.098118 0.051360 0.137097
5 0.747734 0.428763 0.051360 0.137097
30 0.743202 0.586022 0.042296 0.112903
12 0.747734 0.754032 0.051360 0.137097
6 0.747734 0.907258 0.051360 0.137097
13 0.799094 0.095430 0.051360 0.137097
33 0.792044 0.403226 0.037261 0.102151