16 0.015297 0.066852 0.030594 0.089136
26 0.015734 0.201950 0.031469 0.108635
13 0.022290 0.357939 0.044580 0.142061
11 0.022290 0.552925 0.044580 0.142061
8 0.066871 0.260446 0.044580 0.142061
35 0.061189 0.688022 0.033217 0.089136
2 0.263549 0.090529 0.044580 0.142061
9 0.263549 0.249304 0.044580 0.142061
30 0.259615 0.415042 0.036713 0.116992
21 0.255682 0.565460 0.028846 0.089136
33 0.302010 0.245125 0.032343 0.105850
25 0.373252 0.387187 0.174825 0.083565
5 0.308129 0.522284 0.044580 0.142061
32 0.343969 0.759053 0.116259 0.075209
23 0.477273 0.073816 0.033217 0.097493
24 0.474650 0.224234 0.027972 0.091922
0 0.482955 0.383008 0.044580 0.142061
15 0.480769 0.519499 0.040210 0.103064
10 0.482955 0.876045 0.044580 0.142061
3 0.527535 0.093315 0.044580 0.142061
29 0.520979 0.465181 0.031469 0.111421
19 0.523164 0.579387 0.035839 0.089136
4 0.527535 0.747911 0.044580 0.142061
14 0.724213 0.084958 0.044580 0.142061
7 0.724213 0.246518 0.044580 0.142061
6 0.724213 0.572423 0.044580 0.142061
18 0.719843 0.743733 0.035839 0.105850
34 0.716346 0.889972 0.028846 0.103064
1 0.768794 0.096100 0.044580 0.142061
31 0.774913 0.416435 0.056818 0.075209
22 0.761801 0.547354 0.030594 0.086351
12 0.768794 0.694986 0.044580 0.142061
27 0.760490 0.855153 0.027972 0.089136
17 0.822115 0.077994 0.037587 0.100279
28 0.818619 0.194986 0.030594 0.100279
20 0.821678 0.449861 0.036713 0.103064