3 0.024057 0.186141 0.048113 0.138587
12 0.024057 0.370924 0.048113 0.138587
28 0.016509 0.538043 0.033019 0.097826
6 0.024057 0.702446 0.048113 0.138587
1 0.024057 0.881793 0.048113 0.138587
23 0.153774 0.077446 0.035849 0.095109
17 0.156132 0.198370 0.040566 0.097826
9 0.159906 0.362772 0.048113 0.138587
19 0.367453 0.081522 0.038679 0.086957
4 0.372170 0.229620 0.048113 0.138587
20 0.367925 0.577446 0.039623 0.100543
2 0.420283 0.104620 0.048113 0.138587
18 0.415566 0.266304 0.038679 0.103261
21 0.411792 0.546196 0.031132 0.086957
8 0.420283 0.683424 0.048113 0.138587
33 0.461792 0.184783 0.034906 0.103261
35 0.462264 0.315217 0.035849 0.086957
34 0.459906 0.455163 0.031132 0.100543
22 0.460849 0.563859 0.033019 0.084239
13 0.468396 0.729620 0.048113 0.138587
16 0.670283 0.236413 0.033019 0.086957
10 0.677830 0.389946 0.048113 0.138587
7 0.677830 0.563859 0.048113 0.138587
32 0.716509 0.686141 0.125472 0.073370
25 0.748113 0.779891 0.188679 0.081522
5 0.866509 0.093750 0.048113 0.138587
29 0.859434 0.252717 0.033962 0.108696
11 0.866509 0.403533 0.048113 0.138587
30 0.862264 0.741848 0.039623 0.114130
0 0.866509 0.889946 0.048113 0.138587
27 0.905660 0.211957 0.030189 0.086957
26 0.907547 0.843750 0.033962 0.105978
31 0.969340 0.077446 0.061321 0.073370
14 0.962736 0.199728 0.048113 0.138587
15 0.960377 0.373641 0.043396 0.100543
24 0.953774 0.485054 0.030189 0.089674