20 0.019355 0.077806 0.038710 0.094388
17 0.019816 0.336735 0.039631 0.091837
23 0.017512 0.475765 0.035023 0.089286
31 0.029954 0.580357 0.059908 0.068878
33 0.076959 0.081633 0.034101 0.096939
22 0.076037 0.213010 0.032258 0.079082
15 0.081106 0.488520 0.042396 0.094388
18 0.078802 0.607143 0.037788 0.096939
6 0.083410 0.756378 0.047005 0.130102
21 0.122120 0.234694 0.030415 0.081633
34 0.122120 0.350765 0.030415 0.094388
28 0.123041 0.487245 0.032258 0.091837
1 0.177419 0.088010 0.047005 0.130102
32 0.215207 0.230867 0.122581 0.068878
3 0.177419 0.491071 0.047005 0.130102
27 0.168664 0.614796 0.029493 0.081633
4 0.384793 0.082908 0.047005 0.130102
13 0.384793 0.258929 0.047005 0.130102
12 0.384793 0.414541 0.047005 0.130102
2 0.384793 0.577806 0.047005 0.130102
30 0.380645 0.719388 0.038710 0.107143
5 0.384793 0.883929 0.047005 0.130102
7 0.431797 0.080357 0.047005 0.130102
10 0.431797 0.225765 0.047005 0.130102
19 0.427189 0.464286 0.037788 0.081633
16 0.424424 0.581633 0.032258 0.081633
29 0.424885 0.716837 0.033180 0.102041
25 0.705069 0.068878 0.184332 0.076531
11 0.636406 0.207908 0.047005 0.130102
24 0.627650 0.649235 0.029493 0.084184
26 0.836866 0.082908 0.033180 0.099490
35 0.837788 0.221939 0.035023 0.081633
0 0.843779 0.340561 0.047005 0.130102
9 0.843779 0.786990 0.047005 0.130102
14 0.976498 0.100765 0.047005 0.130102
8 0.976498 0.715561 0.047005 0.130102