15 0.029374 0.267663 0.058748 0.100543
25 0.127714 0.375000 0.255428 0.081522
21 0.021073 0.657609 0.042146 0.086957
6 0.287995 0.175272 0.065134 0.138587
3 0.287995 0.357337 0.065134 0.138587
7 0.287995 0.688859 0.065134 0.138587
33 0.279055 0.855978 0.047254 0.103261
12 0.471903 0.262228 0.065134 0.138587
2 0.471903 0.438859 0.065134 0.138587
27 0.459770 0.747283 0.040868 0.086957
20 0.531290 0.080163 0.053640 0.100543
28 0.526820 0.233696 0.044700 0.097826
16 0.526820 0.551630 0.044700 0.086957
18 0.530651 0.834239 0.052363 0.103261
22 0.591954 0.063859 0.044700 0.084239
14 0.602171 0.194293 0.065134 0.138587
5 0.602171 0.346467 0.065134 0.138587
9 0.602171 0.501359 0.065134 0.138587
13 0.602171 0.851902 0.065134 0.138587
23 0.659004 0.069293 0.048531 0.095109
0 0.667305 0.240489 0.065134 0.138587
30 0.661558 0.380435 0.053640 0.114130
8 0.667305 0.699728 0.065134 0.138587
26 0.722861 0.245924 0.045977 0.105978
1 0.732439 0.406250 0.065134 0.138587
31 0.741379 0.528533 0.083014 0.073370
32 0.784802 0.645380 0.169860 0.073370
29 0.722861 0.752717 0.045977 0.108696
34 0.890805 0.251359 0.042146 0.100543
17 0.897190 0.535326 0.054917 0.097826
11 0.902299 0.667120 0.065134 0.138587
24 0.890166 0.832880 0.040868 0.089674
35 0.959132 0.084239 0.048531 0.086957
4 0.967433 0.425272 0.065134 0.138587
19 0.961047 0.766304 0.052363 0.086957
10 0.967433 0.900815 0.065134 0.138587