23 0.021640 0.071990 0.043280 0.091623
10 0.029043 0.362565 0.058087 0.133508
20 0.280182 0.077225 0.047836 0.096859
27 0.274487 0.191099 0.036446 0.083770
33 0.277335 0.335079 0.042141 0.099476
7 0.285308 0.464660 0.058087 0.133508
14 0.285308 0.629581 0.058087 0.133508
29 0.334852 0.073298 0.041002 0.104712
11 0.343394 0.213351 0.058087 0.133508
26 0.334852 0.365183 0.041002 0.102094
31 0.351367 0.498691 0.074032 0.070681
12 0.343394 0.613874 0.058087 0.133508
13 0.417426 0.202880 0.058087 0.133508
4 0.417426 0.354712 0.058087 0.133508
3 0.417426 0.530105 0.058087 0.133508
30 0.412301 0.693717 0.047836 0.109948
22 0.408314 0.812827 0.039863 0.081152
9 0.475513 0.082461 0.058087 0.133508
16 0.466401 0.204188 0.039863 0.083770
28 0.466401 0.319372 0.039863 0.094241
17 0.470957 0.437173 0.048975 0.094241
24 0.464692 0.564136 0.036446 0.086387
19 0.527904 0.065445 0.046697 0.083770
35 0.526196 0.198953 0.043280 0.083770
32 0.580296 0.320681 0.151481 0.070681
6 0.533599 0.606021 0.058087 0.133508
21 0.523349 0.740838 0.037585 0.083770
2 0.685080 0.082461 0.058087 0.133508
8 0.685080 0.517016 0.058087 0.133508
25 0.769932 0.670157 0.227790 0.078534
34 0.902620 0.265707 0.037585 0.096859
5 0.970957 0.085079 0.058087 0.133508
15 0.968109 0.250000 0.052392 0.096859
18 0.965262 0.374346 0.046697 0.099476
0 0.970957 0.532723 0.058087 0.133508
1 0.970957 0.718586 0.058087 0.133508