3 0.024240 0.090054 0.048479 0.137097
31 0.030894 0.216398 0.061787 0.072581
7 0.024240 0.530914 0.048479 0.137097
0 0.024240 0.864247 0.048479 0.137097
26 0.078897 0.412634 0.034221 0.104839
23 0.079848 0.557796 0.036122 0.094086
6 0.086027 0.883065 0.048479 0.137097
16 0.340779 0.077957 0.033270 0.086022
2 0.348384 0.227151 0.048479 0.137097
33 0.341730 0.365591 0.035171 0.102151
22 0.340779 0.748656 0.033270 0.083333
9 0.562262 0.090054 0.048479 0.137097
17 0.558460 0.241935 0.040875 0.096774
30 0.557985 0.395161 0.039924 0.112903
21 0.553707 0.545699 0.031369 0.086022
24 0.553232 0.662634 0.030418 0.088710
35 0.556084 0.763441 0.036122 0.086022
27 0.601711 0.077957 0.030418 0.086022
32 0.649715 0.192204 0.126426 0.072581
12 0.610741 0.331989 0.048479 0.137097
1 0.610741 0.506720 0.048479 0.137097
13 0.610741 0.686828 0.048479 0.137097
14 0.737167 0.084677 0.048479 0.137097
11 0.737167 0.267473 0.048479 0.137097
28 0.729563 0.397849 0.033270 0.096774
8 0.737167 0.557796 0.048479 0.137097
4 0.737167 0.899194 0.048479 0.137097
10 0.785646 0.103495 0.048479 0.137097
20 0.781369 0.267473 0.039924 0.099462
25 0.856464 0.376344 0.190114 0.080645
34 0.777091 0.506720 0.031369 0.099462
19 0.780894 0.639785 0.038973 0.086022
15 0.973384 0.168011 0.043726 0.099462
29 0.968631 0.284946 0.034221 0.107527
18 0.971008 0.435484 0.038973 0.102151
5 0.975760 0.587366 0.048479 0.137097