33 0.019191 0.081579 0.038382 0.100000
27 0.016598 0.386842 0.033195 0.084211
28 0.018154 0.521053 0.036307 0.094737
18 0.021266 0.636842 0.042531 0.100000
3 0.079357 0.080263 0.052905 0.134211
19 0.074170 0.202632 0.042531 0.084211
26 0.071577 0.332895 0.037344 0.102632
31 0.086618 0.440789 0.067427 0.071053
9 0.079357 0.593421 0.052905 0.134211
24 0.069502 0.727632 0.033195 0.086842
35 0.140041 0.055263 0.039419 0.084211
11 0.146784 0.217105 0.052905 0.134211
6 0.146784 0.380263 0.052905 0.134211
30 0.142116 0.550000 0.043568 0.110526
23 0.192946 0.077632 0.039419 0.092105
21 0.190353 0.528947 0.034232 0.084211
4 0.199689 0.848684 0.052905 0.134211
10 0.252593 0.088158 0.052905 0.134211
25 0.329876 0.244737 0.207469 0.078947
13 0.252593 0.559211 0.052905 0.134211
32 0.295124 0.677632 0.137967 0.071053
15 0.457469 0.411842 0.047718 0.097368
22 0.451763 0.546053 0.036307 0.081579
14 0.460062 0.675000 0.052905 0.134211
8 0.690353 0.085526 0.052905 0.134211
5 0.690353 0.261842 0.052905 0.134211
29 0.682573 0.610526 0.037344 0.105263
12 0.690353 0.748684 0.052905 0.134211
0 0.690353 0.911842 0.052905 0.134211
34 0.733921 0.180263 0.034232 0.097368
20 0.738589 0.293421 0.043568 0.097368
1 0.743257 0.730263 0.052905 0.134211
2 0.973548 0.082895 0.052905 0.134211
16 0.965249 0.207895 0.036307 0.084211
7 0.973548 0.546053 0.052905 0.134211
17 0.969398 0.686842 0.044606 0.094737