7 0.019016 0.089181 0.038031 0.149123
17 0.016033 0.251462 0.032066 0.105263
4 0.019016 0.437135 0.038031 0.149123
3 0.019016 0.615497 0.038031 0.149123
16 0.013050 0.777778 0.026100 0.093567
13 0.126398 0.109649 0.038031 0.149123
28 0.120433 0.260234 0.026100 0.105263
14 0.126398 0.431287 0.038031 0.149123
33 0.121178 0.596491 0.027591 0.111111
15 0.124534 0.910819 0.034303 0.108187
0 0.164430 0.252924 0.038031 0.149123
1 0.164430 0.457602 0.038031 0.149123
18 0.160701 0.616959 0.030574 0.111111
29 0.158837 0.777778 0.026846 0.116959
32 0.360552 0.054094 0.099180 0.078947
34 0.323266 0.173977 0.024609 0.108187
2 0.329978 0.326023 0.038031 0.149123
35 0.325130 0.494152 0.028337 0.093567
21 0.323266 0.605263 0.024609 0.093567
12 0.429157 0.752924 0.038031 0.149123
25 0.652498 0.368421 0.149142 0.087719
24 0.589858 0.676901 0.023863 0.096491
8 0.764728 0.258772 0.038031 0.149123
22 0.758762 0.413743 0.026100 0.090643
9 0.764728 0.565789 0.038031 0.149123
23 0.759881 0.805556 0.028337 0.102339
26 0.797166 0.089181 0.026846 0.114035
11 0.802759 0.267544 0.038031 0.149123
31 0.807979 0.431287 0.048471 0.078947
6 0.802759 0.580409 0.038031 0.149123
27 0.795675 0.742690 0.023863 0.093567
30 0.847875 0.081871 0.031320 0.122807
5 0.851230 0.250000 0.038031 0.149123
20 0.847875 0.428363 0.031320 0.108187
10 0.851230 0.694444 0.038031 0.149123
19 0.847502 0.847953 0.030574 0.093567