9 0.036222 0.099440 0.072443 0.142857
11 0.036222 0.289916 0.072443 0.142857
24 0.022727 0.446779 0.045455 0.092437
7 0.108665 0.093838 0.072443 0.142857
10 0.108665 0.284314 0.072443 0.142857
18 0.101562 0.448179 0.058239 0.106443
6 0.108665 0.799720 0.072443 0.142857
28 0.169744 0.084034 0.049716 0.100840
0 0.181108 0.222689 0.072443 0.142857
20 0.174716 0.401961 0.059659 0.103641
29 0.170455 0.529412 0.051136 0.112045
25 0.286932 0.669468 0.284091 0.084034
30 0.458807 0.098039 0.059659 0.117647
33 0.455256 0.229692 0.052557 0.106443
4 0.465199 0.404762 0.072443 0.142857
16 0.453835 0.537815 0.049716 0.089636
5 0.465199 0.903361 0.072443 0.142857
17 0.531960 0.081232 0.061080 0.100840
35 0.528409 0.224090 0.053977 0.089636
15 0.534091 0.514006 0.065341 0.103641
14 0.537642 0.690476 0.072443 0.142857
3 0.537642 0.861345 0.072443 0.142857
2 0.610085 0.102241 0.072443 0.142857
1 0.610085 0.292717 0.072443 0.142857
21 0.597301 0.619048 0.046875 0.089636
22 0.671165 0.060224 0.049716 0.086835
8 0.682528 0.214286 0.072443 0.142857
12 0.682528 0.373950 0.072443 0.142857
34 0.669744 0.516807 0.046875 0.103641
31 0.692472 0.642857 0.092330 0.075630
19 0.767756 0.064426 0.058239 0.089636
23 0.765625 0.715686 0.053977 0.098039
27 0.761364 0.840336 0.045455 0.089636
13 0.847301 0.085434 0.072443 0.142857
26 0.836648 0.578431 0.051136 0.109244
32 0.905540 0.684874 0.188920 0.075630