7 0.018519 0.095714 0.037037 0.145714
10 0.018519 0.287143 0.037037 0.145714
29 0.013072 0.462857 0.026144 0.114286
30 0.015251 0.620000 0.030501 0.120000
33 0.013435 0.865714 0.026870 0.108571
34 0.049020 0.432857 0.023965 0.105714
11 0.055556 0.578571 0.037037 0.145714
24 0.048656 0.735714 0.023239 0.094286
32 0.085330 0.872857 0.096587 0.077143
9 0.152142 0.115714 0.037037 0.145714
28 0.146333 0.382857 0.025418 0.102857
16 0.146333 0.534286 0.025418 0.091429
8 0.152142 0.850000 0.037037 0.145714
14 0.313362 0.218571 0.037037 0.145714
31 0.318446 0.370000 0.047204 0.077143
23 0.308642 0.504286 0.027596 0.100000
2 0.474582 0.235714 0.037037 0.145714
17 0.471678 0.405714 0.031227 0.102857
19 0.632171 0.257143 0.029775 0.091429
0 0.635802 0.407143 0.037037 0.145714
26 0.630356 0.578571 0.026144 0.111429
4 0.635802 0.721429 0.037037 0.145714
5 0.672840 0.092857 0.037037 0.145714
12 0.672840 0.255714 0.037037 0.145714
20 0.669572 0.412857 0.030501 0.105714
6 0.672840 0.584286 0.037037 0.145714
21 0.666304 0.845714 0.023965 0.091429
1 0.836238 0.278571 0.037037 0.145714
18 0.832607 0.448571 0.029775 0.108571
27 0.829339 0.765714 0.023239 0.091429
35 0.831518 0.905714 0.027596 0.091429
22 0.867466 0.198571 0.025418 0.088571
15 0.871460 0.344286 0.033406 0.105714
25 0.927378 0.477143 0.145243 0.085714
13 0.873275 0.632857 0.037037 0.145714
3 0.873275 0.818571 0.037037 0.145714