10 0.022329 0.217330 0.044658 0.144886
1 0.022329 0.401989 0.044658 0.144886
29 0.015762 0.588068 0.031524 0.113636
33 0.016200 0.713068 0.032399 0.107955
11 0.022329 0.893466 0.044658 0.144886
34 0.059107 0.069602 0.028897 0.105114
5 0.066988 0.399148 0.044658 0.144886
26 0.060420 0.561080 0.031524 0.110795
14 0.066988 0.845170 0.044658 0.144886
2 0.261384 0.109375 0.044658 0.144886
15 0.259194 0.274148 0.040280 0.105114
13 0.261384 0.649148 0.044658 0.144886
6 0.306042 0.095170 0.044658 0.144886
7 0.306042 0.288352 0.044658 0.144886
4 0.306042 0.467330 0.044658 0.144886
24 0.297723 0.620739 0.028021 0.093750
16 0.299037 0.747159 0.030648 0.090909
21 0.298161 0.883523 0.028897 0.090909
8 0.350701 0.285511 0.044658 0.144886
31 0.356830 0.441761 0.056918 0.076705
20 0.346760 0.566761 0.036778 0.105114
28 0.343695 0.684659 0.030648 0.102273
30 0.403678 0.079545 0.036778 0.119318
23 0.401926 0.237216 0.033275 0.099432
3 0.407618 0.416193 0.044658 0.144886
17 0.404116 0.681818 0.037653 0.102273
12 0.407618 0.859375 0.044658 0.144886
35 0.598949 0.062500 0.033275 0.090909
22 0.597636 0.188920 0.030648 0.088068
25 0.795972 0.065341 0.175131 0.085227
19 0.726357 0.176136 0.035902 0.090909
9 0.730736 0.711648 0.044658 0.144886
18 0.726357 0.857955 0.035902 0.107955
27 0.897548 0.076705 0.028021 0.090909
32 0.941769 0.561080 0.116462 0.076705
0 0.905867 0.705966 0.044658 0.144886