17 0.024266 0.076517 0.048533 0.094987
35 0.021445 0.532982 0.042889 0.084433
31 0.036682 0.660950 0.073363 0.071240
13 0.102144 0.104222 0.057562 0.134565
26 0.093679 0.391821 0.040632 0.102902
7 0.102144 0.718997 0.057562 0.134565
18 0.154063 0.184697 0.046275 0.100264
3 0.322235 0.083113 0.057562 0.134565
6 0.322235 0.254617 0.057562 0.134565
25 0.406321 0.406332 0.225734 0.079156
19 0.316591 0.525066 0.046275 0.084433
1 0.322235 0.682058 0.057562 0.134565
0 0.547968 0.104222 0.057562 0.134565
15 0.545147 0.244063 0.051919 0.097625
20 0.542889 0.383905 0.047404 0.097625
27 0.537246 0.493404 0.036117 0.084433
14 0.547968 0.626649 0.057562 0.134565
8 0.605530 0.096306 0.057562 0.134565
21 0.595372 0.250660 0.037246 0.084433
2 0.605530 0.402375 0.057562 0.134565
24 0.594808 0.544855 0.036117 0.087071
16 0.596501 0.656992 0.039503 0.084433
23 0.655756 0.064644 0.042889 0.092348
12 0.663093 0.230871 0.057562 0.134565
10 0.663093 0.394459 0.057562 0.134565
28 0.654063 0.556728 0.039503 0.094987
34 0.652935 0.684697 0.037246 0.097625
5 0.663093 0.843008 0.057562 0.134565
32 0.766930 0.048813 0.150113 0.071240
9 0.720655 0.178100 0.057562 0.134565
22 0.711625 0.310026 0.039503 0.081794
4 0.720655 0.745383 0.057562 0.134565
30 0.966140 0.092348 0.047404 0.110818
11 0.971219 0.262533 0.057562 0.134565
33 0.963318 0.762533 0.041761 0.100264
29 0.962754 0.910290 0.040632 0.105541