20 0.015994 0.086895 0.031988 0.105413
27 0.012186 0.236467 0.024372 0.091168
30 0.015994 0.393162 0.031988 0.119658
9 0.019421 0.556980 0.038842 0.145299
21 0.012567 0.720798 0.025133 0.091168
19 0.054455 0.085470 0.031226 0.091168
4 0.058264 0.616809 0.038842 0.145299
1 0.167936 0.103989 0.038842 0.145299
24 0.160701 0.517094 0.024372 0.094017
35 0.162986 0.826211 0.028941 0.091168
10 0.337014 0.106838 0.038842 0.145299
7 0.337014 0.289174 0.038842 0.145299
6 0.337014 0.454416 0.038842 0.145299
2 0.337014 0.753561 0.038842 0.145299
22 0.330922 0.913105 0.026657 0.088319
5 0.508378 0.203704 0.038842 0.145299
14 0.508378 0.363248 0.038842 0.145299
31 0.513709 0.525641 0.049505 0.076923
28 0.502285 0.641026 0.026657 0.102564
13 0.618050 0.092593 0.038842 0.145299
17 0.615004 0.353276 0.032749 0.102564
0 0.618050 0.668091 0.038842 0.145299
34 0.650038 0.084046 0.025133 0.105413
33 0.651561 0.219373 0.028180 0.108262
16 0.650800 0.364672 0.026657 0.091168
23 0.651942 0.670940 0.028941 0.099715
11 0.656893 0.824786 0.038842 0.145299
12 0.695735 0.109687 0.038842 0.145299
18 0.691927 0.470085 0.031226 0.108262
29 0.690023 0.629630 0.027418 0.113960
3 0.695735 0.858974 0.038842 0.145299
8 0.867098 0.109687 0.038842 0.145299
26 0.861386 0.368946 0.027418 0.111111
25 0.923839 0.521368 0.152323 0.085470
15 0.865194 0.645299 0.035034 0.105413
32 0.898324 0.784900 0.101295 0.076923