25 0.110988 0.078717 0.221976 0.087464
3 0.028302 0.488338 0.056604 0.148688
14 0.028302 0.674927 0.056604 0.148688
29 0.241953 0.087464 0.039956 0.116618
1 0.250277 0.473761 0.056604 0.148688
22 0.241398 0.628280 0.038846 0.090379
5 0.250277 0.779883 0.056604 0.148688
11 0.410100 0.118076 0.056604 0.148688
16 0.401221 0.285714 0.038846 0.093294
12 0.410100 0.558309 0.056604 0.148688
32 0.455605 0.709913 0.147614 0.078717
23 0.402886 0.846939 0.042175 0.102041
31 0.577691 0.080175 0.072142 0.078717
10 0.569922 0.380466 0.056604 0.148688
4 0.569922 0.581633 0.056604 0.148688
0 0.569922 0.747813 0.056604 0.148688
30 0.637070 0.075802 0.046615 0.122449
21 0.632075 0.215743 0.036626 0.093294
13 0.642064 0.386297 0.056604 0.148688
8 0.642064 0.549563 0.056604 0.148688
24 0.631521 0.884840 0.035516 0.096210
33 0.690899 0.268222 0.041065 0.110787
28 0.689789 0.393586 0.038846 0.104956
19 0.693119 0.755102 0.045505 0.093294
18 0.693119 0.886297 0.045505 0.110787
7 0.755272 0.651603 0.056604 0.148688
9 0.755272 0.838192 0.056604 0.148688
35 0.804661 0.061224 0.042175 0.093294
6 0.811876 0.237609 0.056604 0.148688
15 0.809101 0.409621 0.051054 0.107872
27 0.801332 0.559767 0.035516 0.093294
26 0.803552 0.704082 0.039956 0.113703
34 0.801887 0.864431 0.036626 0.107872
17 0.864040 0.084548 0.047725 0.104956
2 0.868479 0.327988 0.056604 0.148688
20 0.863485 0.657434 0.046615 0.107872