11 0.022329 0.103217 0.044658 0.136729
32 0.058231 0.253351 0.116462 0.072386
16 0.015324 0.386059 0.030648 0.085791
20 0.018389 0.652815 0.036778 0.099196
31 0.144921 0.229223 0.056918 0.072386
3 0.138792 0.360590 0.044658 0.136729
4 0.138792 0.880697 0.044658 0.136729
34 0.187828 0.178284 0.028897 0.099196
17 0.192207 0.302949 0.037653 0.096515
26 0.189142 0.422252 0.031524 0.104558
29 0.189142 0.576408 0.031524 0.107239
22 0.188704 0.695710 0.030648 0.083110
10 0.321804 0.108579 0.044658 0.136729
28 0.314799 0.402145 0.030648 0.096515
33 0.315674 0.528150 0.032399 0.101877
0 0.321804 0.701072 0.044658 0.136729
13 0.366462 0.199732 0.044658 0.136729
19 0.362084 0.353887 0.035902 0.085791
2 0.366462 0.636729 0.044658 0.136729
5 0.411121 0.210456 0.044658 0.136729
14 0.411121 0.376676 0.044658 0.136729
23 0.405429 0.526810 0.033275 0.093834
6 0.411121 0.797587 0.044658 0.136729
9 0.605517 0.264075 0.044658 0.136729
8 0.605517 0.427614 0.044658 0.136729
30 0.601576 0.579088 0.036778 0.112601
12 0.605517 0.722520 0.044658 0.136729
24 0.641856 0.231903 0.028021 0.088472
1 0.650175 0.382038 0.044658 0.136729
35 0.644483 0.536193 0.033275 0.085791
27 0.641856 0.656836 0.028021 0.085791
25 0.715412 0.788204 0.175131 0.080429
7 0.825306 0.180965 0.044658 0.136729
15 0.823117 0.336461 0.040280 0.099196
18 0.820928 0.453083 0.035902 0.101877
21 0.817426 0.565684 0.028897 0.085791