10 0.031174 0.092405 0.062347 0.129114
9 0.031174 0.234177 0.062347 0.129114
7 0.031174 0.391139 0.062347 0.129114
14 0.031174 0.545570 0.062347 0.129114
30 0.088020 0.091139 0.051345 0.106329
2 0.093521 0.224051 0.062347 0.129114
20 0.088020 0.456962 0.051345 0.093671
3 0.093521 0.583544 0.062347 0.129114
12 0.093521 0.760759 0.062347 0.129114
27 0.144254 0.225316 0.039120 0.081013
15 0.152812 0.337975 0.056235 0.093671
16 0.146088 0.455696 0.042787 0.081013
21 0.144866 0.572152 0.040342 0.081013
11 0.218215 0.089873 0.062347 0.129114
6 0.218215 0.398734 0.062347 0.129114
24 0.206601 0.730380 0.039120 0.083544
17 0.275672 0.068354 0.052567 0.091139
28 0.270782 0.197468 0.042787 0.091139
13 0.280562 0.330380 0.062347 0.129114
35 0.272616 0.478481 0.046455 0.081013
19 0.336797 0.053165 0.050122 0.081013
5 0.342910 0.175949 0.062347 0.129114
22 0.333130 0.294937 0.042787 0.078481
23 0.334963 0.408861 0.046455 0.088608
31 0.351467 0.537975 0.079462 0.068354
8 0.422372 0.077215 0.062347 0.129114
26 0.413203 0.325316 0.044010 0.098734
25 0.513447 0.435443 0.244499 0.075949
4 0.422372 0.555696 0.062347 0.129114
32 0.743888 0.173418 0.162592 0.068354
18 0.687653 0.435443 0.050122 0.096203
1 0.693765 0.720253 0.062347 0.129114
33 0.960269 0.068354 0.045232 0.096203
0 0.968826 0.515190 0.062347 0.129114
29 0.959658 0.673418 0.044010 0.101266
34 0.957824 0.813924 0.040342 0.093671