11 0.026730 0.213881 0.053459 0.144476
9 0.026730 0.395184 0.053459 0.144476
27 0.016771 0.555241 0.033543 0.090652
13 0.080189 0.109065 0.053459 0.144476
3 0.080189 0.386686 0.053459 0.144476
31 0.087526 0.516997 0.068134 0.076487
15 0.077568 0.630312 0.048218 0.104816
14 0.231132 0.106232 0.053459 0.144476
5 0.231132 0.502833 0.053459 0.144476
26 0.223270 0.766289 0.037736 0.110482
6 0.284591 0.094901 0.053459 0.144476
32 0.327568 0.415014 0.139413 0.076487
29 0.276730 0.526912 0.037736 0.113314
33 0.277254 0.668555 0.038784 0.107649
22 0.415618 0.072238 0.036688 0.087819
8 0.424004 0.219547 0.053459 0.144476
18 0.418763 0.385269 0.042977 0.107649
0 0.424004 0.559490 0.053459 0.144476
25 0.502096 0.696884 0.209644 0.084986
30 0.419287 0.847025 0.044025 0.118980
20 0.628931 0.092068 0.044025 0.104816
17 0.629455 0.212465 0.045073 0.101983
2 0.633648 0.392351 0.053459 0.144476
35 0.626834 0.529745 0.039832 0.090652
34 0.624214 0.669972 0.034591 0.104816
4 0.633648 0.831445 0.053459 0.144476
21 0.677673 0.277620 0.034591 0.090652
1 0.687107 0.417847 0.053459 0.144476
28 0.678721 0.589235 0.036688 0.101983
7 0.687107 0.859773 0.053459 0.144476
24 0.909853 0.080737 0.033543 0.093484
19 0.914570 0.212465 0.042977 0.090652
12 0.919811 0.752125 0.053459 0.144476
23 0.912998 0.893768 0.039832 0.099150
10 0.973270 0.301700 0.053459 0.144476
16 0.964885 0.640227 0.036688 0.090652