4 0.022748 0.268135 0.045495 0.132124
22 0.015611 0.641192 0.031222 0.080311
21 0.014719 0.766839 0.029438 0.082902
11 0.220785 0.099741 0.045495 0.132124
27 0.212310 0.259067 0.028546 0.082902
28 0.213649 0.367876 0.031222 0.093264
12 0.220785 0.532383 0.045495 0.132124
35 0.260482 0.064767 0.033898 0.082902
19 0.261820 0.186528 0.036574 0.082902
34 0.258252 0.294041 0.029438 0.095855
18 0.261820 0.417098 0.036574 0.098446
29 0.259590 0.715026 0.032114 0.103627
2 0.311775 0.257772 0.045495 0.132124
15 0.309545 0.418394 0.041035 0.095855
26 0.305085 0.553109 0.032114 0.101036
13 0.311775 0.700777 0.045495 0.132124
8 0.357270 0.081606 0.045495 0.132124
5 0.357270 0.242228 0.045495 0.132124
23 0.351472 0.542746 0.033898 0.090674
17 0.353702 0.686528 0.038359 0.093264
7 0.357270 0.825130 0.045495 0.132124
14 0.402765 0.081606 0.045495 0.132124
20 0.398751 0.229275 0.037467 0.095855
31 0.409010 0.356218 0.057984 0.069948
9 0.402765 0.617876 0.045495 0.132124
25 0.667261 0.059585 0.178412 0.077720
1 0.600803 0.200777 0.045495 0.132124
0 0.600803 0.483161 0.045495 0.132124
10 0.600803 0.638601 0.045495 0.132124
24 0.592328 0.778497 0.028546 0.085492
33 0.772971 0.450777 0.033006 0.098446
16 0.772079 0.743523 0.031222 0.082902
30 0.820696 0.082902 0.037467 0.108808
6 0.824710 0.247409 0.045495 0.132124
3 0.824710 0.402850 0.045495 0.132124
32 0.861285 0.534974 0.118644 0.069948