13 0.036957 0.088798 0.073913 0.139344
29 0.026087 0.240437 0.052174 0.109290
17 0.031159 0.538251 0.062319 0.098361
14 0.110870 0.110656 0.073913 0.139344
25 0.218841 0.344262 0.289855 0.081967
3 0.110870 0.498634 0.073913 0.139344
19 0.103623 0.819672 0.059420 0.087432
35 0.391304 0.601093 0.055072 0.087432
16 0.389130 0.718579 0.050725 0.087432
20 0.468116 0.211749 0.060870 0.101093
1 0.474638 0.383880 0.073913 0.139344
33 0.464493 0.554645 0.053623 0.103825
24 0.460870 0.692623 0.046377 0.090164
10 0.548551 0.217213 0.073913 0.139344
11 0.548551 0.381148 0.073913 0.139344
4 0.548551 0.569672 0.073913 0.139344
0 0.548551 0.758197 0.073913 0.139344
8 0.622464 0.105191 0.073913 0.139344
5 0.622464 0.285519 0.073913 0.139344
23 0.613043 0.435792 0.055072 0.095628
2 0.622464 0.575137 0.073913 0.139344
22 0.610870 0.741803 0.050725 0.084699
21 0.609420 0.868852 0.047826 0.087432
32 0.755797 0.077869 0.192754 0.073770
15 0.692754 0.189891 0.066667 0.101093
6 0.696377 0.348361 0.073913 0.139344
34 0.683333 0.520492 0.047826 0.101093
31 0.706522 0.807377 0.094203 0.073770
27 0.875362 0.073770 0.046377 0.087432
7 0.889130 0.214481 0.073913 0.139344
30 0.882609 0.551913 0.060870 0.114754
28 0.877536 0.672131 0.050725 0.098361
26 0.952174 0.266393 0.052174 0.106557
18 0.955797 0.390710 0.059420 0.103825
9 0.963043 0.528689 0.073913 0.139344
12 0.963043 0.681694 0.073913 0.139344