33 0.020307 0.060759 0.040615 0.096203
35 0.020856 0.321519 0.041712 0.081013
24 0.017563 0.436709 0.035126 0.083544
19 0.078485 0.055696 0.045005 0.081013
23 0.076839 0.178481 0.041712 0.088608
22 0.075192 0.391139 0.038419 0.078481
18 0.322173 0.075949 0.045005 0.096203
3 0.327662 0.239241 0.055982 0.129114
21 0.317783 0.389873 0.036224 0.081013
27 0.317234 0.498734 0.035126 0.081013
34 0.317783 0.798734 0.036224 0.093671
8 0.383644 0.097468 0.055982 0.129114
11 0.383644 0.262025 0.055982 0.129114
5 0.383644 0.434177 0.055982 0.129114
6 0.383644 0.575949 0.055982 0.129114
10 0.439627 0.077215 0.055982 0.129114
2 0.439627 0.381013 0.055982 0.129114
16 0.430845 0.511392 0.038419 0.081013
14 0.439627 0.667089 0.055982 0.129114
26 0.487377 0.062025 0.039517 0.098734
32 0.540615 0.193671 0.145993 0.068354
25 0.577387 0.392405 0.219539 0.075949
9 0.495609 0.512658 0.055982 0.129114
30 0.737651 0.070886 0.046103 0.106329
28 0.733809 0.189873 0.038419 0.091139
1 0.742591 0.315190 0.055982 0.129114
15 0.739846 0.449367 0.050494 0.093671
29 0.734358 0.582278 0.039517 0.101266
31 0.750274 0.707595 0.071350 0.068354
12 0.813941 0.249367 0.055982 0.129114
20 0.809001 0.386076 0.046103 0.093671
0 0.813941 0.510127 0.055982 0.129114
17 0.865532 0.073418 0.047201 0.091139
4 0.869923 0.368354 0.055982 0.129114
13 0.869923 0.530380 0.055982 0.129114
7 0.869923 0.710127 0.055982 0.129114