32 0.068486 0.062500 0.136972 0.078488
17 0.022142 0.194767 0.044284 0.104651
33 0.019053 0.357558 0.038105 0.110465
5 0.026262 0.536337 0.052523 0.148256
15 0.023687 0.722384 0.047374 0.107558
21 0.153965 0.069767 0.033986 0.093023
10 0.163234 0.204942 0.052523 0.148256
27 0.153450 0.488372 0.032956 0.093023
24 0.153450 0.638081 0.032956 0.095930
8 0.163234 0.780523 0.052523 0.148256
23 0.209063 0.065407 0.039135 0.101744
1 0.215757 0.248547 0.052523 0.148256
18 0.210608 0.436047 0.042225 0.110465
4 0.215757 0.780523 0.052523 0.148256
11 0.268280 0.097384 0.052523 0.148256
25 0.345005 0.244186 0.205973 0.087209
26 0.260556 0.530523 0.037075 0.113372
28 0.260041 0.694767 0.036045 0.104651
13 0.268280 0.870640 0.052523 0.148256
19 0.469104 0.063953 0.042225 0.093023
7 0.474253 0.213663 0.052523 0.148256
3 0.474253 0.597384 0.052523 0.148256
20 0.469619 0.879360 0.043254 0.107558
12 0.526777 0.109012 0.052523 0.148256
35 0.520082 0.250000 0.039135 0.093023
9 0.526777 0.518895 0.052523 0.148256
6 0.526777 0.783430 0.052523 0.148256
34 0.749228 0.289244 0.033986 0.107558
16 0.750257 0.412791 0.036045 0.093023
30 0.753862 0.691860 0.043254 0.122093
31 0.914006 0.393895 0.066941 0.078488
0 0.906797 0.728198 0.052523 0.148256
22 0.898558 0.890988 0.036045 0.090116
2 0.973738 0.114826 0.052523 0.148256
14 0.973738 0.425872 0.052523 0.148256
29 0.966014 0.575581 0.037075 0.116279