35 0.019648 0.246537 0.039297 0.088643
6 0.026370 0.391967 0.052740 0.141274
10 0.026370 0.577562 0.052740 0.141274
5 0.079111 0.106648 0.052740 0.141274
0 0.079111 0.275623 0.052740 0.141274
19 0.073940 0.612188 0.042399 0.088643
7 0.079111 0.771468 0.052740 0.141274
31 0.086350 0.926593 0.067218 0.074792
4 0.146329 0.095568 0.052740 0.141274
15 0.143744 0.256233 0.047570 0.102493
12 0.146329 0.427978 0.052740 0.141274
13 0.146329 0.616343 0.052740 0.141274
1 0.146329 0.777008 0.052740 0.141274
8 0.199069 0.103878 0.052740 0.141274
33 0.191830 0.263158 0.038263 0.105263
9 0.199069 0.577562 0.052740 0.141274
24 0.189245 0.740997 0.033092 0.091413
14 0.199069 0.885042 0.052740 0.141274
28 0.243537 0.063712 0.036194 0.099723
27 0.474664 0.080332 0.033092 0.088643
17 0.480352 0.221607 0.044467 0.099723
29 0.476732 0.365651 0.037229 0.110803
20 0.479835 0.505540 0.043433 0.102493
22 0.528956 0.178670 0.036194 0.085873
11 0.537229 0.477839 0.052740 0.141274
2 0.537229 0.663435 0.052740 0.141274
16 0.528956 0.800554 0.036194 0.088643
30 0.585315 0.083102 0.043433 0.116343
18 0.584798 0.232687 0.042399 0.105263
25 0.667011 0.736842 0.206825 0.083102
21 0.580662 0.869806 0.034126 0.088643
23 0.790072 0.062327 0.039297 0.096953
32 0.839193 0.184211 0.137539 0.074792
34 0.787487 0.295014 0.034126 0.102493
3 0.796794 0.544321 0.052740 0.141274
26 0.789038 0.699446 0.037229 0.108033