23 0.016844 0.262931 0.033688 0.100575
4 0.022606 0.610632 0.045213 0.146552
16 0.015514 0.775862 0.031028 0.091954
22 0.015514 0.918103 0.031028 0.089080
18 0.063387 0.577586 0.036348 0.109195
32 0.104167 0.722701 0.117908 0.077586
34 0.059840 0.849138 0.029255 0.106322
12 0.185727 0.099138 0.045213 0.146552
19 0.181294 0.396552 0.036348 0.091954
13 0.185727 0.530172 0.045213 0.146552
7 0.185727 0.719828 0.045213 0.146552
25 0.251773 0.879310 0.177305 0.086207
28 0.355940 0.284483 0.031028 0.103448
31 0.369238 0.392241 0.057624 0.077586
29 0.356383 0.520115 0.031915 0.114943
27 0.354610 0.778736 0.028369 0.091954
0 0.490691 0.110632 0.045213 0.146552
5 0.490691 0.311782 0.045213 0.146552
15 0.488475 0.495690 0.040780 0.106322
14 0.490691 0.829023 0.045213 0.146552
33 0.529699 0.241379 0.032801 0.109195
1 0.535904 0.403736 0.045213 0.146552
3 0.535904 0.762931 0.045213 0.146552
11 0.735372 0.116379 0.045213 0.146552
8 0.735372 0.291667 0.045213 0.146552
35 0.729610 0.459770 0.033688 0.091954
24 0.726950 0.576149 0.028369 0.094828
2 0.735372 0.725575 0.045213 0.146552
10 0.780585 0.104885 0.045213 0.146552
17 0.777039 0.261494 0.038121 0.103448
26 0.773936 0.765805 0.031915 0.112069
21 0.772606 0.885057 0.029255 0.091954
6 0.825798 0.107759 0.045213 0.146552
20 0.821809 0.274425 0.037234 0.106322
9 0.825798 0.418103 0.045213 0.146552
30 0.821809 0.683908 0.037234 0.120690