29 0.014754 0.201681 0.029508 0.112045
23 0.015574 0.359944 0.031148 0.098039
10 0.020902 0.519608 0.041803 0.142857
1 0.020902 0.710084 0.041803 0.142857
31 0.068443 0.057423 0.053279 0.075630
4 0.062705 0.401961 0.041803 0.142857
18 0.058607 0.546218 0.033607 0.106443
13 0.062705 0.712885 0.041803 0.142857
25 0.177049 0.084034 0.163934 0.084034
3 0.115984 0.441176 0.041803 0.142857
21 0.108607 0.579832 0.027049 0.089636
0 0.115984 0.726891 0.041803 0.142857
19 0.111885 0.879552 0.033607 0.089636
27 0.272131 0.086835 0.026230 0.089636
24 0.272131 0.598039 0.026230 0.092437
6 0.279918 0.752101 0.041803 0.142857
33 0.456148 0.229692 0.030328 0.106443
16 0.455328 0.366947 0.028689 0.089636
26 0.455738 0.710084 0.029508 0.109244
2 0.503689 0.113445 0.041803 0.142857
11 0.503689 0.525210 0.041803 0.142857
12 0.503689 0.715686 0.041803 0.142857
9 0.503689 0.872549 0.041803 0.142857
15 0.686066 0.074230 0.037705 0.103641
17 0.684836 0.355742 0.035246 0.100840
20 0.684426 0.637255 0.034426 0.103641
35 0.864754 0.058824 0.031148 0.089636
34 0.862705 0.183473 0.027049 0.103641
30 0.866393 0.330532 0.034426 0.117647
28 0.863525 0.473389 0.028689 0.100840
5 0.870082 0.617647 0.041803 0.142857
14 0.911885 0.110644 0.041803 0.142857
7 0.911885 0.429972 0.041803 0.142857
32 0.945492 0.586835 0.109016 0.075630
22 0.905328 0.684874 0.028689 0.086835
8 0.911885 0.816527 0.041803 0.142857