14 0.021945 0.100260 0.043890 0.132812
9 0.021945 0.248698 0.043890 0.132812
1 0.021945 0.404948 0.043890 0.132812
11 0.021945 0.579427 0.043890 0.132812
26 0.015491 0.735677 0.030981 0.101562
17 0.062392 0.065104 0.037005 0.093750
19 0.061532 0.166667 0.035284 0.083333
15 0.063683 0.305990 0.039587 0.096354
29 0.059380 0.536458 0.030981 0.104167
33 0.059811 0.677083 0.031842 0.098958
10 0.105422 0.097656 0.043890 0.132812
4 0.105422 0.251302 0.043890 0.132812
5 0.105422 0.423177 0.043890 0.132812
34 0.291308 0.071615 0.028399 0.096354
32 0.334337 0.201823 0.114458 0.070312
7 0.299053 0.441406 0.043890 0.132812
23 0.407917 0.058594 0.032702 0.091146
21 0.405766 0.190104 0.028399 0.083333
35 0.407917 0.289062 0.032702 0.083333
28 0.406627 0.393229 0.030120 0.093750
3 0.413511 0.529948 0.043890 0.132812
18 0.409208 0.671875 0.035284 0.098958
16 0.450516 0.078125 0.030120 0.083333
0 0.457401 0.217448 0.043890 0.132812
12 0.457401 0.365885 0.043890 0.132812
31 0.463425 0.506510 0.055938 0.070312
30 0.453528 0.627604 0.036145 0.109375
6 0.513339 0.186198 0.043890 0.132812
13 0.513339 0.615885 0.043890 0.132812
24 0.698795 0.069010 0.027539 0.085938
22 0.700086 0.186198 0.030120 0.080729
8 0.706971 0.425781 0.043890 0.132812
27 0.698795 0.554688 0.027539 0.083333
25 0.895009 0.070312 0.172117 0.078125
2 0.830895 0.225260 0.043890 0.132812
20 0.827022 0.464844 0.036145 0.096354