16 0.013410 0.318421 0.026820 0.084211
31 0.024904 0.430263 0.049808 0.071053
13 0.019540 0.577632 0.039080 0.134211
19 0.126054 0.078947 0.031418 0.084211
11 0.129885 0.309211 0.039080 0.134211
27 0.122605 0.455263 0.024521 0.084211
33 0.124521 0.700000 0.028352 0.100000
30 0.298851 0.084211 0.032184 0.110526
0 0.302299 0.235526 0.039080 0.134211
1 0.302299 0.503947 0.039080 0.134211
26 0.468966 0.077632 0.027586 0.102632
18 0.470881 0.226316 0.031418 0.100000
24 0.467433 0.356579 0.024521 0.086842
2 0.474713 0.630263 0.039080 0.134211
35 0.642146 0.076316 0.029119 0.084211
14 0.647126 0.725000 0.039080 0.134211
9 0.647126 0.888158 0.039080 0.134211
34 0.679310 0.064474 0.025287 0.097368
7 0.686207 0.211842 0.039080 0.134211
28 0.680077 0.352632 0.026820 0.094737
23 0.681226 0.472368 0.029119 0.092105
22 0.680077 0.588158 0.026820 0.081579
3 0.686207 0.725000 0.039080 0.134211
25 0.782375 0.055263 0.153257 0.078947
10 0.725287 0.190789 0.039080 0.134211
20 0.721839 0.356579 0.032184 0.097368
8 0.725287 0.672368 0.039080 0.134211
32 0.909962 0.053947 0.101916 0.071053
5 0.878544 0.193421 0.039080 0.134211
15 0.876628 0.325000 0.035249 0.097368
17 0.875479 0.436842 0.032950 0.094737
21 0.871648 0.542105 0.025287 0.084211
12 0.980460 0.080263 0.039080 0.134211
4 0.980460 0.235526 0.039080 0.134211
6 0.980460 0.419737 0.039080 0.134211
29 0.974713 0.576316 0.027586 0.105263