11 0.019421 0.097183 0.038842 0.143662
23 0.014471 0.240845 0.028941 0.098592
2 0.019421 0.381690 0.038842 0.143662
14 0.019421 0.578873 0.038842 0.143662
17 0.016375 0.757746 0.032749 0.101408
22 0.013328 0.900000 0.026657 0.087324
20 0.054836 0.195775 0.031988 0.104225
31 0.063595 0.328169 0.049505 0.076056
35 0.053313 0.464789 0.028941 0.090141
26 0.052551 0.598592 0.027418 0.109859
5 0.058264 0.747887 0.038842 0.143662
4 0.229627 0.091549 0.038842 0.143662
12 0.229627 0.254930 0.038842 0.143662
29 0.223915 0.670423 0.027418 0.112676
33 0.333968 0.092958 0.028180 0.107042
28 0.333206 0.211268 0.026657 0.101408
9 0.339299 0.615493 0.038842 0.143662
18 0.506855 0.081690 0.031226 0.107042
8 0.510663 0.426761 0.038842 0.143662
13 0.510663 0.584507 0.038842 0.143662
24 0.503427 0.750704 0.024372 0.092958
30 0.507235 0.895775 0.031988 0.118310
15 0.547601 0.088732 0.035034 0.104225
3 0.549505 0.260563 0.038842 0.143662
27 0.542270 0.563380 0.024372 0.090141
0 0.549505 0.702817 0.038842 0.143662
1 0.549505 0.874648 0.038842 0.143662
7 0.588347 0.497183 0.038842 0.143662
25 0.645088 0.625352 0.152323 0.084507
16 0.582254 0.726761 0.026657 0.090141
34 0.733816 0.330986 0.025133 0.104225
19 0.736862 0.453521 0.031226 0.090141
6 0.740670 0.598592 0.038842 0.143662
32 0.881569 0.359155 0.101295 0.076056
21 0.843488 0.484507 0.025133 0.090141
10 0.850343 0.812676 0.038842 0.143662