29 0.020833 0.074468 0.041667 0.106383
3 0.029514 0.216755 0.059028 0.135638
34 0.019097 0.363032 0.038194 0.098404
23 0.021991 0.506649 0.043981 0.093085
14 0.029514 0.634309 0.059028 0.135638
24 0.018519 0.796543 0.037037 0.087766
2 0.088542 0.086436 0.059028 0.135638
28 0.079282 0.566489 0.040509 0.095745
32 0.135995 0.692819 0.153935 0.071809
5 0.242477 0.083777 0.059028 0.135638
16 0.233218 0.454787 0.040509 0.085106
13 0.301505 0.099734 0.059028 0.135638
11 0.301505 0.283245 0.059028 0.135638
9 0.301505 0.432181 0.059028 0.135638
20 0.296296 0.562500 0.048611 0.098404
27 0.290509 0.896277 0.037037 0.085106
22 0.351273 0.067819 0.040509 0.082447
1 0.360532 0.211436 0.059028 0.135638
10 0.360532 0.522606 0.059028 0.135638
7 0.360532 0.690160 0.059028 0.135638
30 0.414352 0.079787 0.048611 0.111702
35 0.412037 0.361702 0.043981 0.085106
21 0.409144 0.489362 0.038194 0.085106
15 0.416667 0.801862 0.053241 0.098404
8 0.478588 0.097074 0.059028 0.135638
26 0.469907 0.269947 0.041667 0.103723
19 0.472801 0.409574 0.047454 0.085106
18 0.472801 0.537234 0.047454 0.101064
12 0.478588 0.857713 0.059028 0.135638
6 0.537616 0.187500 0.059028 0.135638
31 0.545718 0.336436 0.075231 0.071809
4 0.537616 0.474734 0.059028 0.135638
25 0.623843 0.617021 0.231481 0.079787
33 0.529514 0.755319 0.042824 0.101064
0 0.769097 0.089096 0.059028 0.135638
17 0.764468 0.654255 0.049769 0.095745