3 0.032156 0.090517 0.064313 0.146552
11 0.032156 0.283046 0.064313 0.146552
1 0.032156 0.596264 0.064313 0.146552
13 0.032156 0.765805 0.064313 0.146552
33 0.087642 0.097701 0.046658 0.109195
5 0.096469 0.274425 0.064313 0.146552
31 0.105296 0.757184 0.081967 0.077586
17 0.091425 0.870690 0.054224 0.103448
27 0.166456 0.183908 0.040353 0.091954
20 0.172762 0.297414 0.052963 0.106322
35 0.170240 0.778736 0.047919 0.091954
0 0.242749 0.107759 0.064313 0.146552
10 0.242749 0.285920 0.064313 0.146552
15 0.239596 0.432471 0.058008 0.106322
28 0.232661 0.589080 0.044136 0.103448
34 0.231400 0.742816 0.041614 0.106322
6 0.307062 0.096264 0.064313 0.146552
22 0.296974 0.251437 0.044136 0.089080
30 0.301387 0.583333 0.052963 0.120690
4 0.307062 0.742816 0.064313 0.146552
18 0.300757 0.922414 0.051702 0.109195
32 0.423077 0.076149 0.167718 0.077586
2 0.371375 0.237069 0.064313 0.146552
12 0.371375 0.432471 0.064313 0.146552
29 0.361917 0.580460 0.045397 0.114943
8 0.651324 0.116379 0.064313 0.146552
19 0.645019 0.267241 0.051702 0.091954
9 0.651324 0.530172 0.064313 0.146552
14 0.651324 0.719828 0.064313 0.146552
23 0.707440 0.064655 0.047919 0.100575
7 0.715637 0.418103 0.064313 0.146552
24 0.703657 0.561782 0.040353 0.094828
21 0.768600 0.198276 0.041614 0.091954
16 0.769861 0.347701 0.044136 0.091954
25 0.873897 0.632184 0.252207 0.086207
26 0.770492 0.760057 0.045397 0.112069