6 0.026646 0.109418 0.053292 0.141274
19 0.021421 0.252078 0.042842 0.088643
12 0.026646 0.563712 0.053292 0.141274
28 0.018286 0.698061 0.036573 0.099723
34 0.017241 0.815789 0.034483 0.102493
5 0.079937 0.206371 0.053292 0.141274
21 0.070533 0.376731 0.034483 0.088643
25 0.157785 0.476454 0.208986 0.083102
22 0.071578 0.585873 0.036573 0.085873
13 0.288924 0.286704 0.053292 0.141274
2 0.288924 0.441828 0.053292 0.141274
4 0.288924 0.765928 0.053292 0.141274
20 0.284222 0.901662 0.043887 0.102493
9 0.342215 0.084488 0.053292 0.141274
17 0.338036 0.357341 0.044932 0.099723
11 0.342215 0.693906 0.053292 0.141274
27 0.567398 0.063712 0.033438 0.088643
10 0.577325 0.214681 0.053292 0.141274
26 0.569488 0.358726 0.037618 0.108033
0 0.577325 0.524931 0.053292 0.141274
1 0.577325 0.699446 0.053292 0.141274
24 0.620690 0.070637 0.033438 0.091413
16 0.622257 0.193906 0.036573 0.088643
7 0.630617 0.364266 0.053292 0.141274
23 0.623824 0.804709 0.039707 0.096953
18 0.678683 0.066482 0.042842 0.105263
30 0.679206 0.224377 0.043887 0.116343
14 0.683908 0.378116 0.053292 0.141274
33 0.676594 0.548476 0.038662 0.105263
35 0.730408 0.063712 0.039707 0.088643
29 0.729363 0.210526 0.037618 0.110803
31 0.744514 0.358726 0.067921 0.074792
8 0.737200 0.505540 0.053292 0.141274
32 0.780042 0.860111 0.138976 0.074792
3 0.876176 0.206371 0.053292 0.141274
15 0.873563 0.383657 0.048067 0.102493