4 0.022116 0.081333 0.044232 0.136000
20 0.018213 0.238667 0.036427 0.098667
3 0.022116 0.497333 0.044232 0.136000
32 0.057676 0.633333 0.115351 0.072000
5 0.022116 0.785333 0.044232 0.136000
2 0.147008 0.092000 0.044232 0.136000
24 0.138768 0.254667 0.027754 0.088000
13 0.147008 0.417333 0.044232 0.136000
15 0.144840 0.574667 0.039896 0.098667
35 0.141370 0.690667 0.032958 0.085333
11 0.147008 0.814667 0.044232 0.136000
17 0.187771 0.074667 0.037294 0.096000
33 0.185169 0.216000 0.032090 0.101333
25 0.255854 0.344000 0.173461 0.080000
9 0.191240 0.481333 0.044232 0.136000
30 0.187337 0.642667 0.036427 0.112000
16 0.184302 0.794667 0.030356 0.085333
12 0.364701 0.089333 0.044232 0.136000
22 0.357762 0.244000 0.030356 0.082667
29 0.550737 0.445333 0.031223 0.106667
19 0.677797 0.069333 0.035559 0.085333
28 0.675195 0.194667 0.030356 0.096000
10 0.682134 0.353333 0.044232 0.136000
14 0.682134 0.510667 0.044232 0.136000
21 0.718560 0.072000 0.028621 0.085333
1 0.726366 0.401333 0.044232 0.136000
27 0.718127 0.538667 0.027754 0.085333
6 0.726366 0.809333 0.044232 0.136000
0 0.770598 0.273333 0.044232 0.136000
31 0.776670 0.425333 0.056375 0.072000
7 0.770598 0.558667 0.044232 0.136000
8 0.770598 0.724000 0.044232 0.136000
18 0.766262 0.896000 0.035559 0.101333
23 0.821336 0.158667 0.032958 0.093333
34 0.819167 0.572000 0.028621 0.098667
26 0.820468 0.724000 0.031223 0.104000