34 0.014224 0.081989 0.028448 0.099462
14 0.021983 0.224462 0.043966 0.137097
5 0.021983 0.528226 0.043966 0.137097
29 0.015517 0.685484 0.031034 0.107527
13 0.021983 0.834677 0.043966 0.137097
24 0.205172 0.073925 0.027586 0.088710
19 0.209052 0.333333 0.035345 0.086022
25 0.277586 0.438172 0.172414 0.080645
26 0.206897 0.565860 0.031034 0.104839
23 0.207759 0.692204 0.032759 0.094086
11 0.407328 0.106183 0.043966 0.137097
21 0.399569 0.416667 0.028448 0.086022
3 0.407328 0.638441 0.043966 0.137097
32 0.442672 0.756720 0.114655 0.072581
35 0.593103 0.056452 0.032759 0.086022
8 0.598707 0.536290 0.043966 0.137097
12 0.598707 0.689516 0.043966 0.137097
0 0.642672 0.106183 0.043966 0.137097
2 0.642672 0.259409 0.043966 0.137097
7 0.642672 0.436828 0.043966 0.137097
33 0.636638 0.602151 0.031897 0.102151
22 0.635776 0.907258 0.030172 0.083333
28 0.679741 0.088710 0.030172 0.096774
27 0.678448 0.376344 0.027586 0.086022
15 0.684483 0.490591 0.039655 0.099462
4 0.730603 0.248656 0.043966 0.137097
10 0.730603 0.412634 0.043966 0.137097
31 0.736638 0.568548 0.056034 0.072581
18 0.726293 0.693548 0.035345 0.102151
17 0.783190 0.080645 0.037069 0.096774
1 0.786638 0.549731 0.043966 0.137097
6 0.978017 0.095430 0.043966 0.137097
16 0.971121 0.231183 0.030172 0.086022
30 0.974138 0.357527 0.036207 0.112903
9 0.978017 0.654570 0.043966 0.137097
20 0.974138 0.794355 0.036207 0.099462