22 0.018286 0.082880 0.036573 0.084239
21 0.017241 0.192935 0.034483 0.086957
19 0.021421 0.307065 0.042842 0.086957
2 0.026646 0.447011 0.053292 0.138587
14 0.026646 0.767663 0.053292 0.138587
4 0.079937 0.101902 0.053292 0.138587
17 0.075758 0.241848 0.044932 0.097826
15 0.077325 0.563859 0.048067 0.100543
5 0.079937 0.705163 0.053292 0.138587
9 0.079937 0.876359 0.053292 0.138587
6 0.133229 0.088315 0.053292 0.138587
24 0.123302 0.248641 0.033438 0.089674
13 0.133229 0.582880 0.053292 0.138587
18 0.128004 0.720109 0.042842 0.103261
30 0.181818 0.364130 0.043887 0.114130
34 0.177116 0.713315 0.034483 0.100543
0 0.186520 0.879076 0.053292 0.138587
1 0.239812 0.091033 0.053292 0.138587
29 0.231975 0.236413 0.037618 0.108696
16 0.231452 0.350543 0.036573 0.086957
11 0.239812 0.512228 0.053292 0.138587
23 0.233020 0.667120 0.039707 0.095109
20 0.288401 0.063859 0.043887 0.100543
3 0.293103 0.324728 0.053292 0.138587
26 0.285266 0.626359 0.037618 0.105978
12 0.293103 0.781250 0.053292 0.138587
31 0.450888 0.074728 0.067921 0.073370
33 0.436259 0.209239 0.038662 0.103261
25 0.521421 0.320652 0.208986 0.081522
8 0.443574 0.474185 0.053292 0.138587
28 0.435214 0.641304 0.036573 0.097826
10 0.652560 0.099185 0.053292 0.138587
35 0.645768 0.519022 0.039707 0.086957
32 0.695402 0.789402 0.138976 0.073370
7 0.791536 0.085598 0.053292 0.138587
27 0.781609 0.375000 0.033438 0.086957