14 0.036222 0.207219 0.072443 0.136364
8 0.036222 0.381016 0.072443 0.136364
31 0.046165 0.669786 0.092330 0.072193
20 0.122159 0.081551 0.059659 0.098930
2 0.128551 0.383690 0.072443 0.136364
5 0.128551 0.557487 0.072443 0.136364
21 0.188210 0.336898 0.046875 0.085561
6 0.200994 0.469251 0.072443 0.136364
25 0.306818 0.628342 0.284091 0.080214
4 0.485085 0.418449 0.072443 0.136364
7 0.485085 0.605615 0.072443 0.136364
28 0.473722 0.751337 0.049716 0.096257
33 0.475142 0.901070 0.052557 0.101604
3 0.557528 0.282086 0.072443 0.136364
23 0.548295 0.426471 0.053977 0.093583
11 0.557528 0.741979 0.072443 0.136364
0 0.629972 0.102941 0.072443 0.136364
10 0.629972 0.268717 0.072443 0.136364
12 0.629972 0.450535 0.072443 0.136364
24 0.616477 0.610963 0.045455 0.088235
9 0.629972 0.886364 0.072443 0.136364
32 0.760653 0.060160 0.188920 0.072193
17 0.696733 0.176471 0.061080 0.096257
1 0.702415 0.338235 0.072443 0.136364
13 0.702415 0.528075 0.072443 0.136364
30 0.696023 0.689840 0.059659 0.112299
18 0.695312 0.815508 0.058239 0.101604
35 0.882102 0.221925 0.053977 0.085561
22 0.879972 0.335561 0.049716 0.082888
16 0.879972 0.465241 0.049716 0.085561
26 0.880682 0.578877 0.051136 0.104278
15 0.887784 0.704545 0.065341 0.098930
19 0.956676 0.077540 0.058239 0.085561
34 0.950994 0.196524 0.046875 0.098930
27 0.950284 0.430481 0.045455 0.085561
29 0.953125 0.577540 0.051136 0.106952