10 0.024309 0.105195 0.048618 0.132468
30 0.020019 0.444156 0.040038 0.109091
22 0.016683 0.570130 0.033365 0.080519
19 0.019542 0.787013 0.039085 0.083117
4 0.235939 0.081818 0.048618 0.132468
9 0.235939 0.435065 0.048618 0.132468
3 0.235939 0.762338 0.048618 0.132468
20 0.231649 0.915584 0.040038 0.096104
1 0.284557 0.084416 0.048618 0.132468
14 0.284557 0.266234 0.048618 0.132468
27 0.275500 0.400000 0.030505 0.083117
32 0.323642 0.515584 0.126787 0.070130
8 0.284557 0.648052 0.048618 0.132468
0 0.411344 0.100000 0.048618 0.132468
12 0.411344 0.411688 0.048618 0.132468
28 0.403718 0.550649 0.033365 0.093506
23 0.619638 0.268831 0.036225 0.090909
21 0.617255 0.394805 0.031459 0.083117
31 0.632507 0.489610 0.061964 0.070130
13 0.625834 0.619481 0.048618 0.132468
15 0.685415 0.071429 0.043851 0.096104
34 0.679218 0.180519 0.031459 0.096104
35 0.681602 0.296104 0.036225 0.083117
11 0.687798 0.762338 0.048618 0.132468
29 0.729266 0.072727 0.034318 0.103896
25 0.807436 0.207792 0.190658 0.077922
6 0.736416 0.338961 0.048618 0.132468
26 0.729266 0.476623 0.034318 0.101299
24 0.727359 0.583117 0.030505 0.085714
16 0.728789 0.711688 0.033365 0.083117
2 0.927073 0.445455 0.048618 0.132468
33 0.920400 0.719481 0.035272 0.098701
18 0.970925 0.062338 0.039085 0.098701
17 0.971878 0.184416 0.040991 0.093506
5 0.975691 0.315584 0.048618 0.132468
7 0.975691 0.476623 0.048618 0.132468