9 0.029043 0.194370 0.058087 0.136729
1 0.029043 0.360590 0.058087 0.136729
25 0.113895 0.487936 0.227790 0.080429
35 0.249431 0.080429 0.043280 0.085791
0 0.256834 0.245308 0.058087 0.136729
23 0.249431 0.379357 0.043280 0.093834
16 0.247722 0.689008 0.039863 0.085791
19 0.251139 0.828418 0.046697 0.085791
30 0.309795 0.176944 0.047836 0.112601
27 0.304100 0.329759 0.036446 0.085791
5 0.314920 0.636729 0.058087 0.136729
12 0.373007 0.103217 0.058087 0.136729
6 0.373007 0.280161 0.058087 0.136729
29 0.364465 0.605898 0.041002 0.107239
20 0.367882 0.840483 0.047836 0.099196
14 0.431093 0.105898 0.058087 0.136729
22 0.421982 0.242627 0.039863 0.083110
34 0.420843 0.540214 0.037585 0.099196
26 0.422551 0.674263 0.041002 0.104558
32 0.477790 0.805630 0.151481 0.072386
10 0.582574 0.103217 0.058087 0.136729
2 0.582574 0.261394 0.058087 0.136729
24 0.571754 0.403485 0.036446 0.088472
33 0.574601 0.662198 0.042141 0.101877
21 0.572323 0.798928 0.037585 0.085791
31 0.648633 0.068365 0.074032 0.072386
28 0.631549 0.386059 0.039863 0.096515
13 0.640661 0.534853 0.058087 0.136729
15 0.637813 0.679625 0.052392 0.099196
17 0.636105 0.828418 0.048975 0.096515
18 0.708998 0.179625 0.046697 0.101877
4 0.714692 0.529491 0.058087 0.136729
11 0.714692 0.706434 0.058087 0.136729
3 0.772779 0.103217 0.058087 0.136729
7 0.772779 0.382038 0.058087 0.136729
8 0.772779 0.743968 0.058087 0.136729