27 0.018223 0.070886 0.036446 0.081013
18 0.023349 0.210127 0.046697 0.096203
16 0.019932 0.326582 0.039863 0.081013
28 0.019932 0.437975 0.039863 0.091139
24 0.018223 0.555696 0.036446 0.083544
23 0.079727 0.074684 0.043280 0.088608
11 0.087130 0.224051 0.058087 0.129114
19 0.081435 0.425316 0.046697 0.081013
26 0.078588 0.649367 0.041002 0.098734
8 0.343394 0.186076 0.058087 0.129114
5 0.343394 0.345570 0.058087 0.129114
25 0.428246 0.488608 0.227790 0.075949
30 0.338269 0.610127 0.047836 0.106329
0 0.571185 0.441772 0.058087 0.129114
15 0.568337 0.575949 0.052392 0.093671
29 0.620729 0.068354 0.041002 0.101266
31 0.637244 0.370886 0.074032 0.068354
21 0.693052 0.227848 0.037585 0.081013
1 0.703303 0.543038 0.058087 0.129114
33 0.695330 0.701266 0.042141 0.096203
13 0.703303 0.829114 0.058087 0.129114
20 0.756264 0.072152 0.047836 0.093671
7 0.761390 0.231646 0.058087 0.129114
2 0.761390 0.408861 0.058087 0.129114
3 0.761390 0.578481 0.058087 0.129114
9 0.761390 0.907595 0.058087 0.129114
6 0.819476 0.097468 0.058087 0.129114
12 0.819476 0.269620 0.058087 0.129114
22 0.810364 0.424051 0.039863 0.078481
14 0.819476 0.872152 0.058087 0.129114
4 0.877563 0.084810 0.058087 0.129114
32 0.924260 0.231646 0.151481 0.068354
35 0.870159 0.329114 0.043280 0.081013
17 0.873007 0.427848 0.048975 0.091139
34 0.867312 0.545570 0.037585 0.093671
10 0.877563 0.672152 0.058087 0.129114