10 0.022368 0.218310 0.044737 0.143662
7 0.022368 0.581690 0.044737 0.143662
20 0.063158 0.347887 0.036842 0.104225
17 0.063596 0.501408 0.037719 0.101408
22 0.060088 0.632394 0.030702 0.087324
3 0.067105 0.773239 0.044737 0.143662
19 0.107456 0.061972 0.035965 0.090141
18 0.107456 0.200000 0.035965 0.107042
8 0.111842 0.361972 0.044737 0.143662
25 0.177193 0.490141 0.175439 0.084507
16 0.104825 0.633803 0.030702 0.090141
26 0.280702 0.083099 0.031579 0.109859
28 0.280263 0.202817 0.030702 0.101408
15 0.285088 0.342254 0.040351 0.104225
27 0.278947 0.476056 0.028070 0.090141
34 0.279386 0.626761 0.028947 0.104225
2 0.327632 0.477465 0.044737 0.143662
33 0.518860 0.188732 0.032456 0.107042
12 0.525000 0.367606 0.044737 0.143662
1 0.525000 0.567606 0.044737 0.143662
14 0.525000 0.753521 0.044737 0.143662
23 0.519298 0.897183 0.033333 0.098592
9 0.651316 0.269014 0.044737 0.143662
30 0.647368 0.428169 0.036842 0.118310
13 0.651316 0.573239 0.044737 0.143662
11 0.651316 0.759155 0.044737 0.143662
32 0.687281 0.922535 0.116667 0.076056
35 0.762281 0.084507 0.033333 0.090141
5 0.767982 0.336620 0.044737 0.143662
24 0.759649 0.497183 0.028070 0.092958
29 0.761404 0.743662 0.031579 0.112676
31 0.971491 0.054930 0.057018 0.076056
6 0.965351 0.201408 0.044737 0.143662
0 0.965351 0.401408 0.044737 0.143662
4 0.965351 0.564789 0.044737 0.143662
21 0.957456 0.721127 0.028947 0.090141