21 0.013253 0.061947 0.026506 0.094395
7 0.020482 0.382006 0.040964 0.150442
5 0.020482 0.570796 0.040964 0.150442
22 0.014056 0.712389 0.028112 0.091445
2 0.061446 0.104720 0.040964 0.150442
30 0.057831 0.424779 0.033735 0.123894
3 0.061446 0.617994 0.040964 0.150442
33 0.055823 0.805310 0.029719 0.112094
11 0.102410 0.207965 0.040964 0.150442
13 0.102410 0.382006 0.040964 0.150442
17 0.099197 0.758112 0.034538 0.106195
18 0.098394 0.887906 0.032932 0.112094
1 0.280723 0.278761 0.040964 0.150442
23 0.275502 0.420354 0.030522 0.103245
8 0.461446 0.089971 0.040964 0.150442
6 0.461446 0.382006 0.040964 0.150442
19 0.638153 0.070796 0.032932 0.094395
26 0.636145 0.222714 0.028916 0.115044
4 0.642169 0.384956 0.040964 0.150442
20 0.638554 0.538348 0.033735 0.109145
25 0.702008 0.817109 0.160643 0.088496
24 0.812851 0.084071 0.025703 0.097345
29 0.814458 0.215339 0.028916 0.117994
35 0.815261 0.356932 0.030522 0.094395
12 0.820482 0.709440 0.040964 0.150442
32 0.853414 0.845133 0.106827 0.079646
16 0.920884 0.082596 0.028112 0.094395
31 0.932932 0.417404 0.052209 0.079646
0 0.927309 0.556047 0.040964 0.150442
10 0.927309 0.744838 0.040964 0.150442
28 0.920884 0.893805 0.028112 0.106195
9 0.979518 0.116519 0.040964 0.150442
34 0.972289 0.264012 0.026506 0.109145
14 0.979518 0.438053 0.040964 0.150442
15 0.977510 0.603245 0.036948 0.109145
27 0.971888 0.737463 0.025703 0.094395