15 0.019024 0.066384 0.038048 0.104520
16 0.014475 0.194915 0.028950 0.090395
35 0.015715 0.310734 0.031431 0.090395
25 0.082713 0.432203 0.165426 0.084746
19 0.016956 0.550847 0.033912 0.090395
2 0.021092 0.718927 0.042184 0.144068
0 0.186518 0.586158 0.042184 0.144068
8 0.186518 0.744350 0.042184 0.144068
21 0.365178 0.067797 0.027295 0.090395
28 0.366005 0.217514 0.028950 0.101695
9 0.372622 0.371469 0.042184 0.144068
13 0.372622 0.569209 0.042184 0.144068
17 0.411497 0.076271 0.035567 0.101695
6 0.414806 0.241525 0.042184 0.144068
4 0.414806 0.718927 0.042184 0.144068
32 0.448718 0.851695 0.110008 0.076271
18 0.520678 0.087571 0.033912 0.107345
29 0.518610 0.231638 0.029777 0.112994
20 0.521092 0.368644 0.034739 0.104520
7 0.524814 0.800847 0.042184 0.144068
24 0.559140 0.314972 0.026468 0.093220
11 0.566998 0.490113 0.042184 0.144068
12 0.566998 0.682203 0.042184 0.144068
23 0.745244 0.086158 0.031431 0.098870
34 0.743176 0.210452 0.027295 0.104520
33 0.744830 0.485876 0.030604 0.107345
31 0.756410 0.603107 0.053763 0.076271
1 0.936725 0.224576 0.042184 0.144068
22 0.930108 0.379944 0.028950 0.087571
3 0.936725 0.696328 0.042184 0.144068
14 0.936725 0.871469 0.042184 0.144068
27 0.971050 0.262712 0.026468 0.090395
26 0.972705 0.394068 0.029777 0.110169
30 0.975186 0.553672 0.034739 0.118644
5 0.978908 0.716102 0.042184 0.144068
10 0.978908 0.879944 0.042184 0.144068