9 0.017782 0.114679 0.035565 0.155963
28 0.012204 0.296636 0.024407 0.110092
7 0.017782 0.564220 0.035565 0.155963
18 0.014296 0.896024 0.028591 0.116208
32 0.146792 0.065749 0.092748 0.082569
29 0.112971 0.345566 0.025105 0.122324
10 0.118201 0.530581 0.035565 0.155963
5 0.118201 0.723242 0.035565 0.155963
25 0.262901 0.067278 0.139470 0.091743
2 0.210948 0.359327 0.035565 0.155963
27 0.204324 0.651376 0.022315 0.097859
22 0.205370 0.784404 0.024407 0.094801
20 0.364714 0.081040 0.029289 0.113150
11 0.367852 0.230887 0.035565 0.155963
0 0.367852 0.444954 0.035565 0.155963
23 0.363319 0.597859 0.026499 0.107034
19 0.521269 0.073394 0.028591 0.097859
15 0.523013 0.218654 0.032078 0.113150
24 0.518131 0.545872 0.022315 0.100917
21 0.518480 0.685015 0.023013 0.097859
26 0.519526 0.821101 0.025105 0.119266
1 0.560321 0.209480 0.035565 0.155963
31 0.565202 0.347095 0.045328 0.082569
17 0.557531 0.651376 0.029986 0.110092
13 0.560321 0.824159 0.035565 0.155963
3 0.605649 0.417431 0.035565 0.155963
8 0.605649 0.821101 0.035565 0.155963
34 0.754184 0.212538 0.023013 0.113150
14 0.760460 0.402141 0.035565 0.155963
16 0.754881 0.559633 0.024407 0.097859
6 0.760460 0.707951 0.035565 0.155963
35 0.755927 0.871560 0.026499 0.097859
12 0.860879 0.102446 0.035565 0.155963
33 0.855997 0.266055 0.025802 0.116208
4 0.860879 0.527523 0.035565 0.155963
30 0.857741 0.712538 0.029289 0.128440