14 0.028781 0.105769 0.057562 0.140110
16 0.019752 0.258242 0.039503 0.087912
19 0.023138 0.546703 0.046275 0.087912
15 0.025959 0.820055 0.051919 0.101648
21 0.076185 0.085165 0.037246 0.087912
23 0.079007 0.215659 0.042889 0.096154
5 0.086343 0.385989 0.057562 0.140110
8 0.086343 0.548077 0.057562 0.140110
3 0.086343 0.721154 0.057562 0.140110
34 0.076185 0.855769 0.037246 0.101648
11 0.143905 0.295330 0.057562 0.140110
22 0.134876 0.622253 0.039503 0.085165
33 0.136005 0.873626 0.041761 0.104396
27 0.383747 0.065934 0.036117 0.087912
18 0.388826 0.203297 0.046275 0.104396
10 0.394470 0.375000 0.057562 0.140110
26 0.443567 0.094780 0.040632 0.107143
1 0.452032 0.265110 0.057562 0.140110
13 0.452032 0.548077 0.057562 0.140110
7 0.452032 0.726648 0.057562 0.140110
24 0.498871 0.064560 0.036117 0.090659
4 0.509594 0.204670 0.057562 0.140110
29 0.501129 0.354396 0.040632 0.109890
20 0.504515 0.668956 0.047404 0.101648
35 0.502257 0.802198 0.042889 0.087912
30 0.562077 0.365385 0.047404 0.115385
6 0.567156 0.548077 0.057562 0.140110
0 0.567156 0.723901 0.057562 0.140110
31 0.737585 0.070055 0.073363 0.074176
9 0.729684 0.193681 0.057562 0.140110
12 0.729684 0.369505 0.057562 0.140110
17 0.725169 0.519231 0.048533 0.098901
25 0.887133 0.054945 0.225734 0.082418
32 0.849323 0.339286 0.150113 0.074176
2 0.803047 0.655220 0.057562 0.140110
28 0.794018 0.788462 0.039503 0.098901