34 0.023438 0.082865 0.046875 0.103933
1 0.036222 0.245787 0.072443 0.143258
17 0.030540 0.789326 0.061080 0.101124
29 0.098011 0.081461 0.051136 0.112360
10 0.108665 0.433989 0.072443 0.143258
9 0.108665 0.613764 0.072443 0.143258
25 0.214489 0.747191 0.284091 0.084270
21 0.095881 0.876404 0.046875 0.089888
18 0.385653 0.087079 0.058239 0.106742
0 0.392756 0.596910 0.072443 0.143258
22 0.381392 0.726124 0.049716 0.087079
28 0.381392 0.839888 0.049716 0.101124
27 0.451705 0.075843 0.045455 0.089888
23 0.455966 0.383427 0.053977 0.098315
32 0.523438 0.487360 0.188920 0.075843
6 0.465199 0.610955 0.072443 0.143258
3 0.654119 0.088483 0.072443 0.143258
2 0.654119 0.254213 0.072443 0.143258
4 0.654119 0.411517 0.072443 0.143258
8 0.654119 0.574438 0.072443 0.143258
11 0.654119 0.771067 0.072443 0.143258
5 0.726562 0.113764 0.072443 0.143258
19 0.719460 0.452247 0.058239 0.089888
15 0.723011 0.745787 0.065341 0.103933
30 0.792614 0.250000 0.059659 0.117978
14 0.799006 0.405899 0.072443 0.143258
7 0.799006 0.678371 0.072443 0.143258
20 0.792614 0.846910 0.059659 0.103933
24 0.857955 0.063202 0.045455 0.092697
13 0.871449 0.223315 0.072443 0.143258
31 0.881392 0.383427 0.092330 0.075843
26 0.860795 0.512640 0.051136 0.109551
35 0.954545 0.067416 0.053977 0.089888
16 0.952415 0.176966 0.049716 0.089888
12 0.963778 0.433989 0.072443 0.143258
33 0.953835 0.589888 0.052557 0.106742