24 0.010660 0.175900 0.021319 0.091413
3 0.016989 0.319945 0.033977 0.141274
23 0.012658 0.461219 0.025316 0.096953
16 0.011659 0.592798 0.023318 0.088643
19 0.013658 0.734072 0.027315 0.088643
17 0.164224 0.088643 0.028648 0.099723
12 0.166889 0.264543 0.033977 0.141274
28 0.161559 0.493075 0.023318 0.099723
31 0.171552 0.602493 0.043304 0.074792
4 0.166889 0.760388 0.033977 0.141274
29 0.311792 0.085873 0.023984 0.110803
6 0.316789 0.380886 0.033977 0.141274
33 0.312125 0.542936 0.024650 0.105263
10 0.316789 0.721607 0.033977 0.141274
7 0.350766 0.084488 0.033977 0.141274
9 0.350766 0.278393 0.033977 0.141274
26 0.345769 0.627424 0.023984 0.108033
27 0.344437 0.747922 0.021319 0.088643
32 0.527981 0.065097 0.088608 0.074792
18 0.497335 0.204986 0.027315 0.105263
5 0.500666 0.519391 0.033977 0.141274
8 0.500666 0.716066 0.033977 0.141274
30 0.497668 0.889197 0.027981 0.116343
1 0.589274 0.278393 0.033977 0.141274
25 0.638907 0.445983 0.133245 0.083102
14 0.589274 0.594183 0.033977 0.141274
15 0.737508 0.092798 0.030646 0.102493
21 0.733178 0.373961 0.021985 0.088643
13 0.739174 0.536011 0.033977 0.141274
34 0.733178 0.832410 0.021985 0.102493
35 0.882745 0.072022 0.025316 0.088643
22 0.881746 0.175900 0.023318 0.085873
20 0.884077 0.319945 0.027981 0.102493
11 0.921053 0.087258 0.033977 0.141274
0 0.921053 0.439058 0.033977 0.141274
2 0.921053 0.610803 0.033977 0.141274