31 0.033471 0.062500 0.066941 0.075000
9 0.026262 0.218056 0.052523 0.141667
7 0.026262 0.415278 0.052523 0.141667
11 0.026262 0.598611 0.052523 0.141667
29 0.085479 0.083333 0.037075 0.111111
2 0.093203 0.240278 0.052523 0.141667
28 0.084964 0.397222 0.036045 0.100000
15 0.090628 0.515278 0.047374 0.102778
22 0.084964 0.640278 0.036045 0.086111
17 0.089083 0.769444 0.044284 0.100000
24 0.135942 0.181944 0.032956 0.091667
18 0.140577 0.302778 0.042225 0.105556
19 0.372297 0.077778 0.042225 0.088889
1 0.377446 0.373611 0.052523 0.141667
30 0.372812 0.550000 0.043254 0.116667
4 0.377446 0.718056 0.052523 0.141667
20 0.425335 0.081944 0.043254 0.102778
32 0.472194 0.379167 0.136972 0.075000
35 0.423275 0.713889 0.039135 0.088889
34 0.420700 0.837500 0.033986 0.102778
13 0.566941 0.093056 0.052523 0.141667
12 0.566941 0.248611 0.052523 0.141667
23 0.560247 0.418056 0.039135 0.097222
14 0.566941 0.579167 0.052523 0.141667
8 0.566941 0.768056 0.052523 0.141667
16 0.558702 0.902778 0.036045 0.088889
10 0.619464 0.098611 0.052523 0.141667
5 0.619464 0.570833 0.052523 0.141667
6 0.767765 0.104167 0.052523 0.141667
25 0.844490 0.600000 0.205973 0.083333
0 0.767765 0.854167 0.052523 0.141667
3 0.973738 0.106944 0.052523 0.141667
21 0.964470 0.272222 0.033986 0.088889
27 0.963955 0.605556 0.032956 0.088889
33 0.966529 0.725000 0.038105 0.105556
26 0.966014 0.876389 0.037075 0.108333