22 0.018097 0.193182 0.036194 0.078283
1 0.026370 0.329545 0.052740 0.128788
25 0.103413 0.462121 0.206825 0.075758
19 0.021200 0.575758 0.042399 0.080808
33 0.225957 0.075758 0.038263 0.095960
0 0.233195 0.390152 0.052740 0.128788
18 0.228025 0.666667 0.042399 0.095960
27 0.223371 0.767677 0.033092 0.080808
2 0.285936 0.087121 0.052740 0.128788
26 0.278180 0.233586 0.037229 0.098485
17 0.281799 0.550505 0.044467 0.090909
24 0.328852 0.054293 0.033092 0.083333
23 0.331954 0.178030 0.039297 0.088384
34 0.329369 0.463384 0.034126 0.093434
16 0.330403 0.580808 0.036194 0.080808
12 0.338676 0.718434 0.052740 0.128788
31 0.398656 0.066919 0.067218 0.068182
4 0.391417 0.205808 0.052740 0.128788
3 0.391417 0.377525 0.052740 0.128788
14 0.391417 0.549242 0.052740 0.128788
8 0.391417 0.718434 0.052740 0.128788
7 0.458635 0.099747 0.052740 0.128788
6 0.458635 0.253788 0.052740 0.128788
15 0.456050 0.738636 0.047570 0.093434
28 0.503102 0.058081 0.036194 0.090909
30 0.506722 0.191919 0.043433 0.106061
10 0.511375 0.359848 0.052740 0.128788
35 0.504654 0.626263 0.039297 0.080808
13 0.744054 0.172980 0.052740 0.128788
29 0.736298 0.300505 0.037229 0.101010
32 0.786453 0.402778 0.137539 0.068182
9 0.744054 0.642677 0.052740 0.128788
20 0.968976 0.069444 0.043433 0.093434
11 0.973630 0.218434 0.052740 0.128788
5 0.973630 0.541667 0.052740 0.128788
21 0.964323 0.696970 0.034126 0.080808