32 0.063213 0.059229 0.126426 0.074380
4 0.024240 0.202479 0.048479 0.140496
33 0.017586 0.344353 0.035171 0.104683
30 0.019962 0.484848 0.039924 0.115702
7 0.024240 0.626722 0.048479 0.140496
29 0.017110 0.779614 0.034221 0.110193
22 0.143061 0.230028 0.033270 0.085399
18 0.145913 0.366391 0.038973 0.104683
25 0.221483 0.493113 0.190114 0.082645
1 0.150665 0.651515 0.048479 0.140496
17 0.336977 0.074380 0.040875 0.099174
20 0.336502 0.213499 0.039924 0.101928
31 0.347433 0.665289 0.061787 0.074380
35 0.334601 0.785124 0.036122 0.088154
5 0.402567 0.092287 0.048479 0.140496
24 0.393536 0.257576 0.030418 0.090909
21 0.394011 0.391185 0.031369 0.088154
26 0.443916 0.084022 0.034221 0.107438
27 0.442015 0.584022 0.030418 0.088154
19 0.446293 0.727273 0.038973 0.088154
2 0.451046 0.888430 0.048479 0.140496
13 0.499525 0.108815 0.048479 0.140496
9 0.499525 0.268595 0.048479 0.140496
34 0.490970 0.406336 0.031369 0.101928
3 0.499525 0.577135 0.048479 0.140496
10 0.548004 0.191460 0.048479 0.140496
12 0.548004 0.356749 0.048479 0.140496
16 0.540399 0.517906 0.033270 0.088154
11 0.548004 0.648760 0.048479 0.140496
15 0.759506 0.086777 0.043726 0.101928
28 0.754278 0.236915 0.033270 0.099174
14 0.761882 0.488981 0.048479 0.140496
6 0.761882 0.673554 0.048479 0.140496
23 0.969582 0.257576 0.036122 0.096419
0 0.975760 0.563361 0.048479 0.140496
8 0.975760 0.736915 0.048479 0.140496