24 0.016293 0.087500 0.032587 0.091667
5 0.025967 0.245833 0.051935 0.141667
23 0.019348 0.412500 0.038697 0.097222
15 0.023422 0.548611 0.046843 0.102778
0 0.025967 0.726389 0.051935 0.141667
20 0.021385 0.901389 0.042770 0.102778
35 0.071283 0.061111 0.038697 0.088889
11 0.077902 0.201389 0.051935 0.141667
33 0.070774 0.363889 0.037678 0.105556
12 0.077902 0.512500 0.051935 0.141667
21 0.068737 0.666667 0.033605 0.088889
3 0.129837 0.284722 0.051935 0.141667
34 0.267312 0.079167 0.033605 0.102778
19 0.271385 0.188889 0.041752 0.088889
8 0.276477 0.334722 0.051935 0.141667
30 0.271894 0.502778 0.042770 0.116667
29 0.268839 0.844444 0.036660 0.111111
32 0.370163 0.070833 0.135438 0.075000
6 0.328411 0.470833 0.051935 0.141667
10 0.328411 0.662500 0.051935 0.141667
22 0.549389 0.070833 0.035642 0.086111
4 0.557536 0.204167 0.051935 0.141667
16 0.549389 0.366667 0.035642 0.088889
28 0.549389 0.808333 0.035642 0.100000
17 0.605397 0.080556 0.043788 0.100000
27 0.599796 0.291667 0.032587 0.088889
9 0.609470 0.562500 0.051935 0.141667
25 0.831976 0.077778 0.203666 0.083333
1 0.756110 0.245833 0.051935 0.141667
18 0.751018 0.766667 0.041752 0.105556
31 0.966904 0.073611 0.066191 0.075000
14 0.959776 0.229167 0.051935 0.141667
13 0.959776 0.387500 0.051935 0.141667
7 0.959776 0.576389 0.051935 0.141667
26 0.952138 0.734722 0.036660 0.108333
2 0.959776 0.879167 0.051935 0.141667