15 0.032168 0.257106 0.064336 0.095607
19 0.028671 0.364341 0.057343 0.082687
13 0.035664 0.683463 0.071329 0.131783
16 0.024476 0.811370 0.048951 0.082687
26 0.096503 0.071059 0.050350 0.100775
7 0.106993 0.220930 0.071329 0.131783
22 0.095804 0.546512 0.048951 0.080103
2 0.178322 0.094315 0.071329 0.131783
32 0.235664 0.396641 0.186014 0.069767
9 0.178322 0.657623 0.071329 0.131783
17 0.172727 0.819121 0.060140 0.093023
0 0.379720 0.083979 0.071329 0.131783
6 0.379720 0.239018 0.071329 0.131783
12 0.379720 0.406977 0.071329 0.131783
8 0.379720 0.559432 0.071329 0.131783
18 0.444056 0.064599 0.057343 0.098191
28 0.439860 0.193798 0.048951 0.093023
31 0.460839 0.306202 0.090909 0.069767
23 0.441958 0.404393 0.053147 0.090439
4 0.451049 0.546512 0.071329 0.131783
21 0.438462 0.666667 0.046154 0.082687
25 0.646154 0.067183 0.279720 0.077519
3 0.541958 0.375969 0.071329 0.131783
34 0.529371 0.520672 0.046154 0.095607
11 0.541958 0.660207 0.071329 0.131783
5 0.821678 0.094315 0.071329 0.131783
14 0.821678 0.267442 0.071329 0.131783
29 0.811189 0.607235 0.050350 0.103359
10 0.893007 0.104651 0.071329 0.131783
20 0.886713 0.257106 0.058741 0.095607
30 0.886713 0.400517 0.058741 0.108527
33 0.883217 0.542636 0.051748 0.098191
1 0.893007 0.670543 0.071329 0.131783
27 0.951049 0.330749 0.044755 0.082687
24 0.951049 0.466408 0.044755 0.085271
35 0.955245 0.581395 0.053147 0.082687