4 0.029790 0.423575 0.059579 0.132124
26 0.021028 0.589378 0.042056 0.101036
6 0.029790 0.750000 0.059579 0.132124
9 0.089369 0.097150 0.059579 0.132124
32 0.137266 0.226684 0.155374 0.069948
18 0.083528 0.360104 0.047897 0.098446
35 0.081776 0.577720 0.044393 0.082902
13 0.089369 0.729275 0.059579 0.132124
21 0.234229 0.077720 0.038551 0.082902
12 0.244743 0.229275 0.059579 0.132124
25 0.331776 0.386010 0.233645 0.077720
31 0.252921 0.801813 0.075935 0.069948
30 0.473131 0.085492 0.049065 0.108808
7 0.478388 0.242228 0.059579 0.132124
10 0.478388 0.685233 0.059579 0.132124
14 0.478388 0.835492 0.059579 0.132124
8 0.737734 0.081606 0.059579 0.132124
19 0.731893 0.401554 0.047897 0.082902
29 0.728972 0.544041 0.042056 0.103627
27 0.726636 0.813472 0.037383 0.082902
2 0.797313 0.104922 0.059579 0.132124
23 0.789720 0.410622 0.044393 0.090674
28 0.787967 0.520725 0.040888 0.093264
20 0.792056 0.643782 0.049065 0.095855
16 0.787967 0.774611 0.040888 0.082902
15 0.853972 0.073834 0.053738 0.095855
24 0.845794 0.281088 0.037383 0.085492
22 0.847547 0.376943 0.040888 0.080311
34 0.846379 0.480570 0.038551 0.095855
3 0.910631 0.102332 0.059579 0.132124
33 0.902453 0.393782 0.043224 0.098446
1 0.970210 0.097150 0.059579 0.132124
17 0.965537 0.406736 0.050234 0.093264
0 0.970210 0.545337 0.059579 0.132124
5 0.970210 0.729275 0.059579 0.132124
11 0.970210 0.882124 0.059579 0.132124