4 0.026343 0.090782 0.052686 0.142458
16 0.018079 0.527933 0.036157 0.089385
9 0.026343 0.668994 0.052686 0.142458
8 0.175103 0.241620 0.052686 0.142458
33 0.167872 0.391061 0.038223 0.106145
23 0.168388 0.691341 0.039256 0.097765
1 0.404442 0.093575 0.052686 0.142458
24 0.394628 0.250000 0.033058 0.092179
29 0.396694 0.396648 0.037190 0.111732
13 0.404442 0.546089 0.052686 0.142458
27 0.394628 0.684358 0.033058 0.089385
26 0.396694 0.805866 0.037190 0.108939
14 0.457128 0.099162 0.052686 0.142458
3 0.457128 0.459497 0.052686 0.142458
28 0.448864 0.606145 0.036157 0.100559
12 0.509814 0.107542 0.052686 0.142458
22 0.501550 0.269553 0.036157 0.086592
21 0.500517 0.575419 0.034091 0.089385
0 0.509814 0.903631 0.052686 0.142458
31 0.569731 0.054469 0.067149 0.075419
6 0.562500 0.202514 0.052686 0.142458
10 0.562500 0.358939 0.052686 0.142458
20 0.557851 0.504190 0.043388 0.103352
15 0.559917 0.632682 0.047521 0.103352
34 0.553202 0.789106 0.034091 0.103352
5 0.629649 0.473464 0.052686 0.142458
35 0.622934 0.826816 0.039256 0.089385
19 0.624483 0.941341 0.042355 0.089385
11 0.682335 0.194134 0.052686 0.142458
30 0.677686 0.343575 0.043388 0.117318
7 0.682335 0.506983 0.052686 0.142458
25 0.759298 0.659218 0.206612 0.083799
17 0.884814 0.064246 0.044421 0.100559
18 0.883781 0.223464 0.042355 0.106145
2 0.888946 0.367318 0.052686 0.142458
32 0.931302 0.671788 0.137397 0.075419