13 0.026181 0.092287 0.052361 0.140496
34 0.016940 0.376033 0.033881 0.101928
31 0.085729 0.221763 0.066735 0.074380
4 0.078542 0.378788 0.052361 0.140496
28 0.070329 0.534435 0.035934 0.099174
32 0.351643 0.053719 0.136550 0.074380
3 0.309548 0.202479 0.052361 0.140496
26 0.301848 0.340220 0.036961 0.107438
20 0.304928 0.458678 0.043121 0.101928
0 0.446099 0.287879 0.052361 0.140496
24 0.436345 0.431129 0.032854 0.090909
33 0.438912 0.550964 0.037988 0.104683
29 0.438398 0.672176 0.036961 0.110193
14 0.446099 0.847107 0.052361 0.140496
9 0.498460 0.180441 0.052361 0.140496
21 0.489220 0.314050 0.033881 0.088154
12 0.498460 0.475207 0.052361 0.140496
6 0.498460 0.659780 0.052361 0.140496
10 0.498460 0.833333 0.052361 0.140496
11 0.646304 0.095041 0.052361 0.140496
2 0.646304 0.488981 0.052361 0.140496
25 0.722793 0.647383 0.205339 0.082645
27 0.636550 0.785124 0.032854 0.088154
16 0.869097 0.082645 0.035934 0.088154
18 0.872177 0.931129 0.042094 0.104683
22 0.921458 0.070248 0.035934 0.085399
35 0.922998 0.179063 0.039014 0.088154
23 0.922998 0.420110 0.039014 0.096419
17 0.925565 0.545455 0.044148 0.099174
19 0.924538 0.669421 0.042094 0.088154
5 0.973819 0.108815 0.052361 0.140496
15 0.971253 0.246556 0.047228 0.101928
8 0.973819 0.381543 0.052361 0.140496
1 0.973819 0.577135 0.052361 0.140496
30 0.969199 0.727273 0.043121 0.115702
7 0.973819 0.891185 0.052361 0.140496