19 0.019542 0.263456 0.039085 0.090652
18 0.019542 0.569405 0.039085 0.107649
35 0.018112 0.705382 0.036225 0.090652
25 0.095329 0.835694 0.190658 0.084986
14 0.214967 0.094901 0.048618 0.144476
13 0.214967 0.539660 0.048618 0.144476
9 0.214967 0.720963 0.048618 0.144476
12 0.214967 0.893768 0.048618 0.144476
32 0.468541 0.219547 0.126787 0.076487
1 0.429457 0.349858 0.048618 0.144476
21 0.420877 0.509915 0.031459 0.090652
2 0.429457 0.854108 0.048618 0.144476
23 0.550048 0.066572 0.036225 0.099150
27 0.547188 0.201133 0.030505 0.090652
7 0.556244 0.355524 0.048618 0.144476
24 0.547188 0.531161 0.030505 0.093484
22 0.548618 0.664306 0.033365 0.087819
17 0.601049 0.076487 0.040991 0.101983
15 0.602479 0.426346 0.043851 0.104816
10 0.604862 0.760623 0.048618 0.144476
26 0.809342 0.259207 0.034318 0.110482
6 0.816492 0.415014 0.048618 0.144476
8 0.816492 0.582153 0.048618 0.144476
30 0.812202 0.730878 0.040038 0.118980
4 0.865110 0.100567 0.048618 0.144476
33 0.858437 0.263456 0.035272 0.107649
29 0.857960 0.416431 0.034318 0.113314
11 0.865110 0.893768 0.048618 0.144476
34 0.905148 0.075071 0.031459 0.104816
31 0.920400 0.188385 0.061964 0.076487
3 0.913727 0.500000 0.048618 0.144476
16 0.906101 0.648725 0.033365 0.090652
5 0.975691 0.100567 0.048618 0.144476
0 0.975691 0.287535 0.048618 0.144476
28 0.968065 0.427762 0.033365 0.101983
20 0.971401 0.584986 0.040038 0.104816