1 0.026262 0.103133 0.052523 0.133159
11 0.026262 0.251958 0.052523 0.133159
18 0.021112 0.584856 0.042225 0.099217
34 0.016993 0.711488 0.033986 0.096606
10 0.026262 0.844648 0.052523 0.133159
35 0.072091 0.258486 0.039135 0.083551
17 0.074665 0.381201 0.044284 0.093995
32 0.121009 0.484334 0.136972 0.070496
2 0.215757 0.097911 0.052523 0.133159
28 0.207518 0.234987 0.036045 0.093995
24 0.205973 0.372063 0.032956 0.086162
31 0.222966 0.492167 0.066941 0.070496
33 0.208548 0.597911 0.038105 0.099217
19 0.210608 0.720627 0.042225 0.083551
12 0.282698 0.288512 0.052523 0.133159
9 0.282698 0.450392 0.052523 0.133159
16 0.274459 0.605744 0.036045 0.083551
3 0.282698 0.742820 0.052523 0.133159
29 0.274974 0.911227 0.037075 0.104439
27 0.325438 0.070496 0.032956 0.083551
30 0.330587 0.185379 0.043254 0.109661
4 0.335221 0.327676 0.052523 0.133159
26 0.327497 0.486945 0.037075 0.101828
0 0.387745 0.275457 0.052523 0.133159
23 0.381050 0.588773 0.039135 0.091384
25 0.464470 0.699739 0.205973 0.078329
6 0.387745 0.849869 0.052523 0.133159
7 0.593718 0.197128 0.052523 0.133159
5 0.593718 0.353786 0.052523 0.133159
20 0.589083 0.672324 0.043254 0.096606
15 0.739444 0.231070 0.047374 0.096606
14 0.742019 0.573107 0.052523 0.133159
21 0.785273 0.208877 0.033986 0.083551
22 0.786303 0.327676 0.036045 0.080940
13 0.794542 0.575718 0.052523 0.133159
8 0.794542 0.755875 0.052523 0.133159