29 0.021898 0.092348 0.043796 0.105541
15 0.027981 0.220317 0.055961 0.097625
4 0.031022 0.597625 0.062044 0.134565
31 0.214720 0.064644 0.079075 0.071240
12 0.206204 0.201847 0.062044 0.134565
35 0.198297 0.617414 0.046229 0.084433
22 0.275547 0.075198 0.042579 0.081794
3 0.285280 0.212401 0.062044 0.134565
25 0.375912 0.474934 0.243309 0.079156
23 0.277372 0.576517 0.046229 0.092348
13 0.559002 0.104222 0.062044 0.134565
5 0.559002 0.257256 0.062044 0.134565
34 0.548054 0.405013 0.040146 0.097625
0 0.559002 0.544855 0.062044 0.134565
1 0.559002 0.879947 0.062044 0.134565
6 0.621046 0.267810 0.062044 0.134565
33 0.612530 0.430079 0.045012 0.100264
2 0.621046 0.761214 0.062044 0.134565
26 0.611922 0.895778 0.043796 0.102902
27 0.671533 0.076517 0.038929 0.084433
14 0.683090 0.228232 0.062044 0.134565
18 0.677007 0.366755 0.049878 0.100264
30 0.677616 0.514512 0.051095 0.110818
19 0.677007 0.627968 0.049878 0.084433
9 0.683090 0.774406 0.062044 0.134565
20 0.739659 0.434037 0.051095 0.097625
11 0.745134 0.758575 0.062044 0.134565
28 0.797445 0.060686 0.042579 0.094987
8 0.807178 0.188654 0.062044 0.134565
21 0.796229 0.311346 0.040146 0.084433
10 0.869221 0.106860 0.062044 0.134565
7 0.869221 0.286280 0.062044 0.134565
16 0.859489 0.440633 0.042579 0.084433
32 0.919100 0.550132 0.161800 0.071240
17 0.864355 0.662269 0.052311 0.094987
24 0.857664 0.790237 0.038929 0.087071