4 0.024057 0.102180 0.048113 0.138965
25 0.094340 0.264305 0.188679 0.081744
21 0.015566 0.389646 0.031132 0.087193
18 0.019340 0.501362 0.038679 0.103542
2 0.024057 0.652589 0.048113 0.138965
26 0.016981 0.829700 0.033962 0.106267
9 0.212736 0.208447 0.048113 0.138965
27 0.203774 0.534060 0.030189 0.087193
10 0.212736 0.685286 0.048113 0.138965
1 0.212736 0.865123 0.048113 0.138965
30 0.256604 0.073569 0.039623 0.114441
15 0.258491 0.202997 0.043396 0.100817
14 0.260849 0.371935 0.048113 0.138965
33 0.254245 0.523161 0.034906 0.103542
11 0.260849 0.690736 0.048113 0.138965
3 0.308962 0.434605 0.048113 0.138965
12 0.308962 0.723433 0.048113 0.138965
22 0.437264 0.257493 0.033019 0.084469
19 0.440094 0.384196 0.038679 0.087193
16 0.437264 0.498638 0.033019 0.087193
34 0.436321 0.625341 0.031132 0.100817
13 0.492925 0.110354 0.048113 0.138965
7 0.492925 0.445504 0.048113 0.138965
6 0.492925 0.608992 0.048113 0.138965
35 0.486792 0.937330 0.035849 0.087193
24 0.532075 0.080381 0.030189 0.089918
31 0.547642 0.524523 0.061321 0.073569
23 0.534906 0.649864 0.035849 0.095368
0 0.602358 0.102180 0.048113 0.138965
28 0.594811 0.272480 0.033019 0.098093
8 0.602358 0.442779 0.048113 0.138965
29 0.595283 0.607629 0.033962 0.108992
5 0.814623 0.083106 0.048113 0.138965
20 0.810377 0.366485 0.039623 0.100817
17 0.810849 0.509537 0.040566 0.098093
32 0.853302 0.805177 0.125472 0.073569