34 0.022727 0.066396 0.045455 0.100271
11 0.035124 0.378049 0.070248 0.138211
10 0.035124 0.540650 0.070248 0.138211
6 0.035124 0.695122 0.070248 0.138211
33 0.095730 0.514905 0.050964 0.102981
25 0.207989 0.728997 0.275482 0.081301
35 0.402204 0.224932 0.052342 0.086721
18 0.404270 0.333333 0.056474 0.102981
8 0.411157 0.489160 0.070248 0.138211
16 0.400138 0.620596 0.048209 0.086721
1 0.411157 0.760163 0.070248 0.138211
31 0.491047 0.052846 0.089532 0.073171
30 0.475207 0.159892 0.057851 0.113821
4 0.481405 0.337398 0.070248 0.138211
22 0.470386 0.467480 0.048209 0.084011
2 0.481405 0.605691 0.070248 0.138211
28 0.470386 0.753388 0.048209 0.097561
7 0.570937 0.109756 0.070248 0.138211
20 0.564738 0.266938 0.057851 0.100271
29 0.560606 0.579946 0.049587 0.108401
19 0.564050 0.715447 0.056474 0.086721
27 0.628099 0.062331 0.044077 0.086721
12 0.641185 0.223577 0.070248 0.138211
3 0.641185 0.768293 0.070248 0.138211
14 0.711433 0.266938 0.070248 0.138211
26 0.701102 0.434959 0.049587 0.105691
17 0.705923 0.766938 0.059229 0.097561
24 0.768595 0.069106 0.044077 0.089431
5 0.781680 0.369919 0.070248 0.138211
32 0.838154 0.516260 0.183196 0.073171
21 0.769284 0.647696 0.045455 0.086721
9 0.781680 0.789973 0.070248 0.138211
0 0.964876 0.264228 0.070248 0.138211
23 0.955923 0.421409 0.052342 0.094851
13 0.964876 0.578591 0.070248 0.138211
15 0.961433 0.727642 0.063361 0.100271