33 0.018574 0.080692 0.037149 0.109510
24 0.016064 0.208934 0.032129 0.095101
19 0.020582 0.337176 0.041165 0.092219
18 0.020582 0.458213 0.041165 0.109510
16 0.017570 0.599424 0.035141 0.092219
13 0.025602 0.742075 0.051205 0.146974
14 0.076807 0.116715 0.051205 0.146974
3 0.076807 0.295389 0.051205 0.146974
0 0.076807 0.500000 0.051205 0.146974
23 0.070281 0.672911 0.038153 0.100865
5 0.076807 0.854467 0.051205 0.146974
2 0.128012 0.099424 0.051205 0.146974
31 0.135040 0.234870 0.065261 0.077810
27 0.118474 0.354467 0.032129 0.092219
35 0.121486 0.636888 0.038153 0.092219
6 0.128012 0.773775 0.051205 0.146974
34 0.184237 0.332853 0.033133 0.106628
25 0.268072 0.452450 0.200803 0.086455
28 0.185241 0.561960 0.035141 0.103746
30 0.414659 0.080692 0.042169 0.121037
22 0.411145 0.471182 0.035141 0.089337
10 0.419177 0.730548 0.051205 0.146974
12 0.563755 0.289625 0.051205 0.146974
26 0.556225 0.474063 0.036145 0.112392
7 0.563755 0.655620 0.051205 0.146974
15 0.612450 0.243516 0.046185 0.106628
29 0.607430 0.386167 0.036145 0.115274
4 0.614960 0.546110 0.051205 0.146974
1 0.614960 0.736311 0.051205 0.146974
32 0.656124 0.871758 0.133534 0.077810
9 0.748494 0.108069 0.051205 0.146974
17 0.744478 0.270893 0.043173 0.103746
20 0.743976 0.422190 0.042169 0.106628
21 0.739458 0.579251 0.033133 0.092219
11 0.799699 0.508646 0.051205 0.146974
8 0.799699 0.701729 0.051205 0.146974