25 0.125945 0.227160 0.251889 0.074074
21 0.020781 0.491358 0.041562 0.079012
0 0.032116 0.616049 0.064232 0.125926
23 0.023929 0.739506 0.047859 0.086420
20 0.278338 0.220988 0.052897 0.091358
19 0.277708 0.335802 0.051637 0.079012
14 0.284005 0.606173 0.064232 0.125926
6 0.348237 0.095062 0.064232 0.125926
32 0.399874 0.277778 0.167506 0.066667
10 0.348237 0.416049 0.064232 0.125926
30 0.342569 0.555556 0.052897 0.103704
31 0.357053 0.682716 0.081864 0.066667
35 0.521411 0.375309 0.047859 0.079012
17 0.524559 0.476543 0.054156 0.088889
1 0.593829 0.080247 0.064232 0.125926
26 0.584383 0.220988 0.045340 0.096296
12 0.593829 0.354321 0.064232 0.125926
18 0.587531 0.511111 0.051637 0.093827
29 0.584383 0.624691 0.045340 0.098765
24 0.581864 0.744444 0.040302 0.081481
9 0.658060 0.258025 0.064232 0.125926
7 0.658060 0.418519 0.064232 0.125926
2 0.658060 0.741975 0.064232 0.125926
8 0.658060 0.912346 0.064232 0.125926
34 0.710957 0.072840 0.041562 0.091358
27 0.710327 0.202469 0.040302 0.079012
3 0.722292 0.482716 0.064232 0.125926
33 0.713476 0.641975 0.046599 0.093827
11 0.722292 0.783951 0.064232 0.125926
5 0.786524 0.524691 0.064232 0.125926
22 0.776448 0.648148 0.044081 0.076543
15 0.964736 0.080247 0.057935 0.091358
16 0.957809 0.212346 0.044081 0.079012
28 0.957809 0.330864 0.044081 0.088889
13 0.967884 0.453086 0.064232 0.125926
4 0.967884 0.628395 0.064232 0.125926