18 0.023429 0.145320 0.046857 0.093596
24 0.018286 0.282020 0.036571 0.081281
32 0.076000 0.378079 0.152000 0.066502
15 0.026286 0.479064 0.052571 0.091133
10 0.029143 0.614532 0.058286 0.125616
12 0.181143 0.232759 0.058286 0.125616
16 0.172000 0.369458 0.040000 0.078818
34 0.170857 0.474138 0.037714 0.091133
3 0.181143 0.612069 0.058286 0.125616
19 0.175429 0.738916 0.046857 0.078818
33 0.231429 0.169951 0.042286 0.093596
6 0.239429 0.321429 0.058286 0.125616
20 0.234286 0.469212 0.048000 0.091133
23 0.232000 0.589901 0.043429 0.086207
5 0.297714 0.099754 0.058286 0.125616
31 0.305714 0.321429 0.074286 0.066502
27 0.286857 0.418719 0.036571 0.078818
9 0.372000 0.094828 0.058286 0.125616
11 0.372000 0.262315 0.058286 0.125616
7 0.372000 0.582512 0.058286 0.125616
0 0.372000 0.725369 0.058286 0.125616
4 0.372000 0.892857 0.058286 0.125616
17 0.425714 0.337438 0.049143 0.088670
8 0.430286 0.471675 0.058286 0.125616
28 0.674857 0.071429 0.040000 0.088670
26 0.675429 0.195813 0.041143 0.096059
13 0.684000 0.321429 0.058286 0.125616
21 0.673714 0.768473 0.037714 0.078818
30 0.737143 0.068966 0.048000 0.103448
14 0.742286 0.198276 0.058286 0.125616
25 0.827429 0.509852 0.228571 0.073892
35 0.734857 0.628079 0.043429 0.078818
2 0.970857 0.358374 0.058286 0.125616
22 0.961714 0.508621 0.040000 0.076355
1 0.970857 0.641626 0.058286 0.125616
29 0.962286 0.766010 0.041143 0.098522