13 0.018372 0.367769 0.036744 0.140496
31 0.023415 0.524793 0.046830 0.074380
20 0.015130 0.659780 0.030259 0.101928
25 0.118876 0.074380 0.144092 0.082645
8 0.065202 0.389807 0.036744 0.140496
12 0.065202 0.571625 0.036744 0.140496
30 0.061960 0.746556 0.030259 0.115702
10 0.209294 0.097796 0.036744 0.140496
15 0.207493 0.265840 0.033141 0.101928
34 0.202810 0.505510 0.023775 0.101928
33 0.204251 0.630854 0.026657 0.104683
1 0.209294 0.808540 0.036744 0.140496
5 0.369236 0.106061 0.036744 0.140496
7 0.369236 0.274105 0.036744 0.140496
18 0.365634 0.443526 0.029539 0.104683
16 0.363473 0.779614 0.025216 0.088154
28 0.363473 0.928375 0.025216 0.099174
14 0.405980 0.097796 0.036744 0.140496
19 0.402378 0.264463 0.029539 0.088154
26 0.400576 0.411846 0.025937 0.107438
4 0.405980 0.780992 0.036744 0.140496
23 0.561239 0.064738 0.027378 0.096419
0 0.565922 0.235537 0.036744 0.140496
6 0.725865 0.219008 0.036744 0.140496
21 0.719380 0.382920 0.023775 0.088154
2 0.725865 0.808540 0.036744 0.140496
3 0.885807 0.106061 0.036744 0.140496
17 0.882925 0.250689 0.030980 0.099174
27 0.878963 0.545455 0.023055 0.088154
29 0.880403 0.661157 0.025937 0.110193
35 0.881124 0.815427 0.027378 0.088154
11 0.922550 0.097796 0.036744 0.140496
32 0.952089 0.252066 0.095821 0.074380
24 0.915706 0.387052 0.023055 0.090909
9 0.922550 0.535813 0.036744 0.140496
22 0.916787 0.670799 0.025216 0.085399