16 0.014380 0.058659 0.028759 0.089385
2 0.020953 0.370112 0.041906 0.142458
23 0.015612 0.509777 0.031224 0.097765
0 0.020953 0.677374 0.041906 0.142458
20 0.017256 0.842179 0.034511 0.103352
31 0.068611 0.297486 0.053410 0.075419
13 0.062859 0.624302 0.041906 0.142458
15 0.114215 0.082402 0.037798 0.103352
29 0.110107 0.231844 0.029581 0.111732
28 0.109696 0.377095 0.028759 0.100559
3 0.116270 0.543296 0.041906 0.142458
33 0.110518 0.905028 0.030403 0.106145
6 0.158176 0.370112 0.041906 0.142458
4 0.158176 0.562849 0.041906 0.142458
19 0.336483 0.061453 0.033689 0.089385
25 0.401808 0.198324 0.164339 0.083799
5 0.340592 0.328212 0.041906 0.142458
21 0.333196 0.491620 0.027116 0.089385
18 0.336483 0.826816 0.033689 0.106145
34 0.497535 0.068436 0.027116 0.103352
1 0.504930 0.205307 0.041906 0.142458
32 0.538620 0.624302 0.109285 0.075419
14 0.504930 0.783520 0.041906 0.142458
17 0.610929 0.064246 0.035333 0.100559
26 0.608053 0.199721 0.029581 0.108939
9 0.796631 0.093575 0.041906 0.142458
12 0.796631 0.261173 0.041906 0.142458
24 0.788825 0.425978 0.026294 0.092179
7 0.796631 0.593575 0.041906 0.142458
8 0.796631 0.895251 0.041906 0.142458
11 0.979047 0.107542 0.041906 0.142458
10 0.979047 0.297486 0.041906 0.142458
30 0.975349 0.474860 0.034511 0.117318
22 0.972473 0.632682 0.028759 0.086592
35 0.973706 0.751397 0.031224 0.089385
27 0.971241 0.879888 0.026294 0.089385