26 0.017159 0.083333 0.034318 0.110169
21 0.015729 0.240113 0.031459 0.090395
31 0.030982 0.707627 0.061964 0.076271
18 0.081506 0.076271 0.039085 0.107345
28 0.078646 0.228814 0.033365 0.101695
0 0.086273 0.399718 0.048618 0.144068
27 0.077216 0.548023 0.030505 0.090395
23 0.080076 0.670904 0.036225 0.098870
25 0.157293 0.793785 0.190658 0.084746
34 0.268351 0.091808 0.031459 0.104520
19 0.272164 0.220339 0.039085 0.090395
7 0.276930 0.394068 0.048618 0.144068
5 0.276930 0.837571 0.048618 0.144068
2 0.491420 0.105932 0.048618 0.144068
15 0.489037 0.430791 0.043851 0.104520
17 0.487607 0.553672 0.040991 0.101695
24 0.482364 0.693503 0.030505 0.093220
12 0.540038 0.108757 0.048618 0.144068
9 0.540038 0.436441 0.048618 0.144068
1 0.540038 0.614407 0.048618 0.144068
6 0.588656 0.108757 0.048618 0.144068
13 0.588656 0.269774 0.048618 0.144068
16 0.581030 0.403955 0.033365 0.090395
33 0.581983 0.525424 0.035272 0.107345
3 0.588656 0.857345 0.048618 0.144068
4 0.637274 0.292373 0.048618 0.144068
8 0.637274 0.651130 0.048618 0.144068
35 0.631077 0.805085 0.036225 0.090395
22 0.629647 0.913842 0.033365 0.087571
10 0.685891 0.281073 0.048618 0.144068
20 0.681602 0.447740 0.040038 0.104520
14 0.897521 0.111582 0.048618 0.144068
29 0.890372 0.415254 0.034318 0.112994
11 0.897521 0.577684 0.048618 0.144068
30 0.893232 0.737288 0.040038 0.118644
32 0.936606 0.857345 0.126787 0.076271