30 0.029830 0.072626 0.059659 0.117318
26 0.025568 0.392458 0.051136 0.108939
10 0.036222 0.551676 0.072443 0.142458
18 0.029119 0.706704 0.058239 0.106145
11 0.108665 0.093575 0.072443 0.142458
2 0.108665 0.375698 0.072443 0.142458
34 0.095881 0.724860 0.046875 0.103352
0 0.181108 0.096369 0.072443 0.142458
25 0.286932 0.229050 0.284091 0.083799
4 0.181108 0.375698 0.072443 0.142458
27 0.167614 0.810056 0.045455 0.089385
7 0.465199 0.272346 0.072443 0.142458
29 0.454545 0.413408 0.051136 0.111732
6 0.465199 0.587989 0.072443 0.142458
20 0.458807 0.750000 0.059659 0.103352
35 0.455966 0.868715 0.053977 0.089385
21 0.524858 0.251397 0.046875 0.089385
17 0.531960 0.360335 0.061080 0.100559
5 0.537642 0.534916 0.072443 0.142458
1 0.537642 0.713687 0.072443 0.142458
16 0.526278 0.843575 0.049716 0.089385
19 0.602983 0.086592 0.058239 0.089385
8 0.610085 0.230447 0.072443 0.142458
22 0.598722 0.395251 0.049716 0.086592
31 0.620028 0.696927 0.092330 0.075419
23 0.693182 0.074022 0.053977 0.097765
12 0.702415 0.224860 0.072443 0.142458
15 0.698864 0.370112 0.065341 0.103352
14 0.702415 0.532123 0.072443 0.142458
9 0.702415 0.716480 0.072443 0.142458
3 0.774858 0.403631 0.072443 0.142458
32 0.833097 0.750000 0.188920 0.075419
24 0.950284 0.071229 0.045455 0.092179
33 0.953835 0.365922 0.052557 0.106145
28 0.952415 0.505587 0.049716 0.100559
13 0.963778 0.643855 0.072443 0.142458