3 0.020953 0.103022 0.041906 0.140110
22 0.014380 0.451923 0.028759 0.085165
1 0.020953 0.619505 0.041906 0.140110
16 0.014380 0.750000 0.028759 0.087912
14 0.062859 0.083791 0.041906 0.140110
17 0.059573 0.417582 0.035333 0.098901
10 0.062859 0.586538 0.041906 0.140110
34 0.055464 0.729396 0.027116 0.101648
26 0.098603 0.078297 0.029581 0.107143
7 0.104766 0.243132 0.041906 0.140110
23 0.099425 0.399725 0.031224 0.096154
18 0.100657 0.546703 0.033689 0.104396
5 0.104766 0.822802 0.041906 0.140110
13 0.287182 0.399725 0.041906 0.140110
33 0.281430 0.574176 0.030403 0.104396
0 0.287182 0.710165 0.041906 0.140110
20 0.283484 0.861264 0.034511 0.101648
27 0.461791 0.068681 0.026294 0.087912
30 0.465900 0.217033 0.034511 0.115385
15 0.467543 0.358516 0.037798 0.101648
19 0.465489 0.483516 0.033689 0.087912
25 0.530813 0.618132 0.164339 0.082418
35 0.464256 0.719780 0.031224 0.087912
8 0.633936 0.108516 0.041906 0.140110
6 0.633936 0.270604 0.041906 0.140110
11 0.633936 0.605769 0.041906 0.140110
29 0.627773 0.873626 0.029581 0.109890
21 0.808956 0.590659 0.027116 0.087912
4 0.816352 0.751374 0.041906 0.140110
2 0.858258 0.287088 0.041906 0.140110
24 0.850452 0.446429 0.026294 0.090659
32 0.891947 0.770604 0.109285 0.074176
28 0.851684 0.906593 0.028759 0.098901
9 0.967543 0.083791 0.041906 0.140110
12 0.967543 0.251374 0.041906 0.140110
31 0.973295 0.734890 0.053410 0.074176