4 0.022329 0.096467 0.044658 0.138587
6 0.022329 0.289402 0.044658 0.138587
19 0.017951 0.448370 0.035902 0.086957
7 0.022329 0.846467 0.044658 0.138587
31 0.073117 0.069293 0.056918 0.073370
17 0.063485 0.209239 0.037653 0.097826
10 0.066988 0.639946 0.044658 0.138587
1 0.066988 0.805707 0.044658 0.138587
9 0.123905 0.099185 0.044658 0.138587
27 0.115587 0.239130 0.028021 0.086957
22 0.116900 0.528533 0.030648 0.084239
29 0.117338 0.654891 0.031524 0.108696
33 0.162434 0.084239 0.032399 0.103261
11 0.168564 0.226902 0.044658 0.138587
28 0.161559 0.385870 0.030648 0.097826
32 0.204466 0.498641 0.116462 0.073370
15 0.166375 0.604620 0.040280 0.100543
14 0.285026 0.096467 0.044658 0.138587
25 0.350263 0.239130 0.175131 0.081522
21 0.277145 0.353261 0.028897 0.086957
35 0.279335 0.480978 0.033275 0.086957
12 0.460158 0.093750 0.044658 0.138587
16 0.453152 0.578804 0.030648 0.086957
24 0.451839 0.789402 0.028021 0.089674
18 0.652802 0.067935 0.035902 0.103261
0 0.657180 0.400815 0.044658 0.138587
3 0.657180 0.558424 0.044658 0.138587
23 0.651489 0.724185 0.033275 0.095109
26 0.695271 0.194293 0.031524 0.105978
20 0.697898 0.335598 0.036778 0.100543
34 0.693958 0.463315 0.028897 0.100543
8 0.701839 0.792120 0.044658 0.138587
2 0.896235 0.082880 0.044658 0.138587
5 0.896235 0.425272 0.044658 0.138587
13 0.896235 0.577446 0.044658 0.138587
30 0.892294 0.864130 0.036778 0.114130