7 0.022349 0.288251 0.044698 0.139344
30 0.018405 0.437158 0.036810 0.114754
8 0.022349 0.780055 0.044698 0.139344
10 0.067046 0.102459 0.044698 0.139344
19 0.062664 0.270492 0.035933 0.087432
35 0.061350 0.387978 0.033304 0.087432
27 0.058720 0.521858 0.028046 0.087432
25 0.132340 0.658470 0.175285 0.081967
2 0.242331 0.091530 0.044698 0.139344
1 0.242331 0.780055 0.044698 0.139344
20 0.238387 0.919399 0.036810 0.101093
33 0.280894 0.073770 0.032428 0.103825
24 0.278703 0.200820 0.028046 0.090164
22 0.280018 0.419399 0.030675 0.084699
4 0.287029 0.586066 0.044698 0.139344
32 0.520158 0.072404 0.116564 0.073770
15 0.482033 0.304645 0.040316 0.101093
9 0.484224 0.463115 0.044698 0.139344
11 0.484224 0.637978 0.044698 0.139344
18 0.479842 0.808743 0.035933 0.103825
14 0.681420 0.096995 0.044698 0.139344
21 0.673532 0.259563 0.028922 0.087432
6 0.681420 0.517760 0.044698 0.139344
5 0.681420 0.687158 0.044698 0.139344
31 0.882121 0.050546 0.056968 0.073770
28 0.868975 0.172131 0.030675 0.098361
13 0.875986 0.504098 0.044698 0.139344
12 0.875986 0.692623 0.044698 0.139344
16 0.925942 0.060109 0.030675 0.087432
34 0.925066 0.348361 0.028922 0.101093
23 0.927257 0.463115 0.033304 0.095628
29 0.926380 0.614754 0.031551 0.109290
3 0.977651 0.105191 0.044698 0.139344
0 0.977651 0.260929 0.044698 0.139344
26 0.971078 0.413934 0.031551 0.106557
17 0.974145 0.683060 0.037686 0.098361