31 0.037271 0.064815 0.074541 0.071429
35 0.021789 0.185185 0.043578 0.084656
20 0.024083 0.593915 0.048165 0.097884
8 0.029243 0.744709 0.058486 0.134921
30 0.278670 0.251323 0.048165 0.111111
3 0.283830 0.726190 0.058486 0.134921
13 0.283830 0.890212 0.058486 0.134921
32 0.389335 0.067460 0.152523 0.071429
4 0.342317 0.292328 0.058486 0.134921
14 0.342317 0.535714 0.058486 0.134921
11 0.507454 0.197090 0.058486 0.134921
34 0.497133 0.363757 0.037844 0.097884
25 0.592890 0.489418 0.229358 0.079365
6 0.507454 0.633598 0.058486 0.134921
17 0.732225 0.060847 0.049312 0.095238
16 0.727638 0.195767 0.040138 0.084656
21 0.726491 0.304233 0.037844 0.084656
23 0.729358 0.424603 0.043578 0.092593
19 0.731078 0.531746 0.047018 0.084656
24 0.784404 0.075397 0.036697 0.087302
9 0.795298 0.226190 0.058486 0.134921
0 0.795298 0.414021 0.058486 0.134921
10 0.795298 0.585979 0.058486 0.134921
29 0.786697 0.753968 0.041284 0.105820
22 0.786124 0.892857 0.040138 0.082011
18 0.848050 0.256614 0.047018 0.100529
12 0.853784 0.414021 0.058486 0.134921
26 0.845183 0.570106 0.041284 0.103175
27 0.842890 0.769841 0.036697 0.084656
15 0.909404 0.070106 0.052752 0.097884
2 0.912271 0.228836 0.058486 0.134921
7 0.912271 0.903439 0.058486 0.134921
1 0.970757 0.104497 0.058486 0.134921
33 0.962729 0.423280 0.042431 0.100529
28 0.961583 0.552910 0.040138 0.095238
5 0.970757 0.715608 0.058486 0.134921