26 0.020809 0.074495 0.041618 0.098485
9 0.029480 0.233586 0.058960 0.128788
15 0.026590 0.364899 0.053179 0.093434
25 0.115607 0.474747 0.231214 0.075758
4 0.029480 0.592172 0.058960 0.128788
5 0.029480 0.768939 0.058960 0.128788
32 0.308092 0.066919 0.153757 0.068182
3 0.260694 0.678030 0.058960 0.128788
27 0.403468 0.217172 0.036994 0.080808
24 0.403468 0.314394 0.036994 0.083333
11 0.414451 0.435606 0.058960 0.128788
20 0.468208 0.079545 0.048555 0.093434
8 0.473410 0.369949 0.058960 0.128788
17 0.468786 0.525253 0.049711 0.090909
22 0.464162 0.660354 0.040462 0.078283
10 0.532370 0.084596 0.058960 0.128788
19 0.526590 0.212121 0.047399 0.080808
18 0.526590 0.338384 0.047399 0.095960
23 0.524855 0.465909 0.043931 0.088384
21 0.521965 0.646465 0.038150 0.080808
31 0.800578 0.059343 0.075145 0.068182
2 0.792486 0.460859 0.058960 0.128788
29 0.783815 0.623737 0.041618 0.101010
30 0.787283 0.750000 0.048555 0.106061
16 0.858382 0.151515 0.040462 0.080808
33 0.859538 0.272727 0.042775 0.095960
35 0.860116 0.643939 0.043931 0.080808
7 0.911561 0.077020 0.058960 0.128788
13 0.911561 0.241162 0.058960 0.128788
0 0.911561 0.410354 0.058960 0.128788
1 0.911561 0.715909 0.058960 0.128788
6 0.911561 0.892677 0.058960 0.128788
12 0.970520 0.084596 0.058960 0.128788
34 0.960116 0.238636 0.038150 0.093434
28 0.961272 0.361111 0.040462 0.090909
14 0.970520 0.655303 0.058960 0.128788