34 0.013106 0.084000 0.026211 0.098667
13 0.020254 0.217333 0.040508 0.136000
15 0.018268 0.372000 0.036537 0.098667
4 0.020254 0.505333 0.040508 0.136000
9 0.020254 0.670667 0.040508 0.136000
0 0.060763 0.377333 0.040508 0.136000
12 0.060763 0.558667 0.040508 0.136000
18 0.056791 0.725333 0.032566 0.101333
35 0.055600 0.866667 0.030183 0.085333
8 0.237093 0.097333 0.040508 0.136000
32 0.269658 0.412000 0.105639 0.072000
16 0.230739 0.536000 0.027800 0.085333
21 0.229944 0.650667 0.026211 0.085333
22 0.409452 0.172000 0.027800 0.082667
5 0.415806 0.300000 0.040508 0.136000
25 0.474980 0.434667 0.158856 0.080000
17 0.591342 0.258667 0.034154 0.096000
29 0.588562 0.592000 0.028594 0.106667
26 0.588562 0.750667 0.028594 0.104000
2 0.594519 0.916000 0.040508 0.136000
30 0.631454 0.074667 0.033360 0.112000
6 0.635028 0.348000 0.040508 0.136000
11 0.635028 0.502667 0.040508 0.136000
1 0.635028 0.678667 0.040508 0.136000
19 0.671565 0.248000 0.032566 0.085333
27 0.667990 0.544000 0.025417 0.085333
20 0.786338 0.196000 0.033360 0.098667
3 0.789913 0.348000 0.040508 0.136000
28 0.783558 0.608000 0.027800 0.096000
23 0.784750 0.753333 0.030183 0.093333
14 0.968626 0.092000 0.040508 0.136000
24 0.961080 0.236000 0.025417 0.088000
33 0.963066 0.370667 0.029388 0.101333
7 0.968626 0.518667 0.040508 0.136000
10 0.968626 0.689333 0.040508 0.136000
31 0.974186 0.822667 0.051628 0.072000