9 0.025680 0.103306 0.051360 0.140496
23 0.019134 0.268595 0.038268 0.096419
28 0.017623 0.391185 0.035247 0.099174
5 0.025680 0.533058 0.051360 0.140496
14 0.025680 0.706612 0.051360 0.140496
1 0.025680 0.860882 0.051360 0.140496
10 0.077039 0.271350 0.051360 0.140496
35 0.070493 0.528926 0.038268 0.088154
12 0.077039 0.690083 0.051360 0.140496
33 0.293555 0.079890 0.037261 0.104683
0 0.300604 0.610193 0.051360 0.140496
31 0.452669 0.059229 0.065458 0.074380
6 0.445619 0.180441 0.051360 0.140496
4 0.445619 0.365014 0.051360 0.140496
29 0.438066 0.512397 0.036254 0.110193
24 0.436052 0.654270 0.032226 0.090909
7 0.511078 0.089532 0.051360 0.140496
16 0.503021 0.256198 0.035247 0.088154
32 0.552367 0.387052 0.133938 0.074380
8 0.511078 0.533058 0.051360 0.140496
18 0.639980 0.093664 0.041289 0.104683
21 0.635952 0.206612 0.033233 0.088154
26 0.637462 0.331956 0.036254 0.107438
25 0.720040 0.567493 0.201410 0.082645
11 0.871601 0.265840 0.051360 0.140496
13 0.871601 0.425620 0.051360 0.140496
30 0.867069 0.597796 0.042296 0.115702
2 0.871601 0.764463 0.051360 0.140496
17 0.867573 0.917355 0.043303 0.099174
27 0.913394 0.077135 0.032226 0.088154
22 0.914904 0.183196 0.035247 0.085399
20 0.918429 0.298898 0.042296 0.101928
3 0.922961 0.461433 0.051360 0.140496
19 0.917925 0.771350 0.041289 0.088154
15 0.971803 0.246556 0.046324 0.101928
34 0.965257 0.709366 0.033233 0.101928