5 0.026343 0.114407 0.052686 0.144068
12 0.026343 0.617232 0.052686 0.144068
15 0.023760 0.758475 0.047521 0.104520
3 0.026343 0.902542 0.052686 0.144068
33 0.071798 0.090395 0.038223 0.107345
22 0.070764 0.394068 0.036157 0.087571
1 0.079029 0.885593 0.052686 0.144068
20 0.127066 0.072034 0.043388 0.104520
29 0.123967 0.497175 0.037190 0.112994
11 0.131715 0.682203 0.052686 0.144068
18 0.355888 0.073446 0.042355 0.107345
4 0.413740 0.094633 0.052686 0.144068
26 0.405992 0.235876 0.037190 0.110169
13 0.413740 0.405367 0.052686 0.144068
31 0.420971 0.738701 0.067149 0.076271
16 0.472624 0.067797 0.036157 0.090395
7 0.480888 0.204802 0.052686 0.144068
6 0.480888 0.402542 0.052686 0.144068
21 0.471591 0.533898 0.034091 0.090395
2 0.480888 0.679379 0.052686 0.144068
34 0.471591 0.846045 0.034091 0.104520
8 0.533574 0.241525 0.052686 0.144068
32 0.575930 0.405367 0.137397 0.076271
14 0.533574 0.540960 0.052686 0.144068
23 0.526860 0.716102 0.039256 0.098870
30 0.528926 0.878531 0.043388 0.118644
17 0.666839 0.084746 0.044421 0.101695
19 0.665806 0.200565 0.042355 0.090395
28 0.662707 0.322034 0.036157 0.101695
24 0.661157 0.744350 0.033058 0.093220
0 0.819731 0.114407 0.052686 0.144068
9 0.819731 0.303672 0.052686 0.144068
10 0.819731 0.498588 0.052686 0.144068
35 0.813017 0.638418 0.039256 0.090395
25 0.896694 0.771186 0.206612 0.084746
27 0.809917 0.909605 0.033058 0.090395