29 0.020833 0.099432 0.041667 0.113636
28 0.020255 0.232955 0.040509 0.102273
2 0.029514 0.546875 0.059028 0.144886
6 0.029514 0.887784 0.059028 0.144886
11 0.088542 0.100852 0.059028 0.144886
15 0.085648 0.538352 0.053241 0.105114
8 0.147569 0.089489 0.059028 0.144886
24 0.136574 0.257102 0.037037 0.093750
5 0.147569 0.393466 0.059028 0.144886
9 0.147569 0.561080 0.059028 0.144886
7 0.147569 0.759943 0.059028 0.144886
16 0.197338 0.073864 0.040509 0.090909
25 0.292824 0.187500 0.231481 0.085227
21 0.196181 0.494318 0.038194 0.090909
10 0.438079 0.092330 0.059028 0.144886
34 0.427662 0.259943 0.038194 0.105114
20 0.432870 0.407670 0.048611 0.105114
19 0.432292 0.553977 0.047454 0.090909
26 0.429398 0.683239 0.041667 0.110795
12 0.497106 0.251420 0.059028 0.144886
27 0.486111 0.386364 0.037037 0.090909
18 0.491319 0.732955 0.047454 0.107955
17 0.752894 0.082386 0.049769 0.102273
1 0.757523 0.254261 0.059028 0.144886
3 0.757523 0.453125 0.059028 0.144886
0 0.757523 0.649148 0.059028 0.144886
33 0.749421 0.826705 0.042824 0.107955
4 0.816551 0.112216 0.059028 0.144886
14 0.816551 0.291193 0.059028 0.144886
22 0.807292 0.441761 0.040509 0.088068
35 0.809028 0.718750 0.043981 0.090909
23 0.868056 0.078125 0.043981 0.099432
31 0.883681 0.214489 0.075231 0.076705
30 0.870370 0.349432 0.048611 0.119318
32 0.923032 0.464489 0.153935 0.076705
13 0.875579 0.805398 0.059028 0.144886