30 0.026349 0.260753 0.052698 0.112903
5 0.031995 0.530914 0.063990 0.137097
1 0.031995 0.708333 0.063990 0.137097
14 0.212673 0.098118 0.063990 0.137097
9 0.212673 0.536290 0.063990 0.137097
22 0.202635 0.678763 0.043915 0.083333
3 0.276662 0.084677 0.063990 0.137097
16 0.266625 0.225806 0.043915 0.086022
28 0.266625 0.532258 0.043915 0.096774
35 0.268507 0.658602 0.047679 0.086022
8 0.276662 0.788978 0.063990 0.137097
11 0.340652 0.106183 0.063990 0.137097
0 0.340652 0.409946 0.063990 0.137097
2 0.340652 0.721774 0.063990 0.137097
27 0.328733 0.868280 0.040151 0.086022
10 0.404642 0.081989 0.063990 0.137097
7 0.404642 0.254032 0.063990 0.137097
12 0.404642 0.431452 0.063990 0.137097
29 0.395232 0.607527 0.045169 0.107527
17 0.399624 0.760753 0.053952 0.096774
19 0.462359 0.077957 0.051443 0.086022
34 0.457340 0.205645 0.041405 0.099462
15 0.465496 0.509409 0.057716 0.099462
4 0.468632 0.850806 0.063990 0.137097
25 0.626098 0.077957 0.250941 0.080645
18 0.526349 0.212366 0.051443 0.102151
20 0.526976 0.364247 0.052698 0.099462
21 0.521330 0.470430 0.041405 0.086022
6 0.783563 0.098118 0.063990 0.137097
32 0.835006 0.412634 0.166876 0.072581
13 0.783563 0.689516 0.063990 0.137097
23 0.942284 0.229839 0.047679 0.094086
24 0.938519 0.369624 0.040151 0.088710
26 0.941029 0.482527 0.045169 0.104839
31 0.959222 0.619624 0.081556 0.072581
33 0.941656 0.725806 0.046424 0.102151