1 0.023546 0.098945 0.047091 0.134565
26 0.016620 0.246702 0.033241 0.102902
0 0.023546 0.418206 0.047091 0.134565
14 0.023546 0.748021 0.047091 0.134565
2 0.023546 0.906332 0.047091 0.134565
12 0.070637 0.101583 0.047091 0.134565
32 0.108495 0.386544 0.122807 0.071240
28 0.063250 0.496042 0.032318 0.094987
16 0.063250 0.606860 0.032318 0.084433
15 0.068329 0.726913 0.042475 0.097625
9 0.193444 0.259894 0.047091 0.134565
7 0.193444 0.447230 0.047091 0.134565
31 0.199908 0.584433 0.060018 0.071240
30 0.249307 0.240106 0.038781 0.110818
21 0.245152 0.350923 0.030471 0.084433
4 0.253463 0.497361 0.047091 0.134565
23 0.247461 0.634565 0.035088 0.092348
19 0.295937 0.195251 0.037858 0.084433
24 0.291782 0.307388 0.029548 0.087071
13 0.300554 0.455145 0.047091 0.134565
5 0.300554 0.631926 0.047091 0.134565
27 0.291782 0.770449 0.029548 0.084433
3 0.505540 0.088391 0.047091 0.134565
17 0.501847 0.255937 0.039705 0.094987
35 0.499538 0.393140 0.035088 0.084433
25 0.574331 0.511873 0.184672 0.079156
22 0.703139 0.159631 0.032318 0.081794
10 0.710526 0.307388 0.047091 0.134565
33 0.704063 0.469657 0.034164 0.100264
20 0.706371 0.748021 0.038781 0.097625
6 0.843490 0.288918 0.047091 0.134565
8 0.843490 0.634565 0.047091 0.134565
18 0.971837 0.084433 0.037858 0.100264
34 0.968144 0.331135 0.030471 0.097625
29 0.969529 0.445910 0.033241 0.105541
11 0.976454 0.613456 0.047091 0.134565