28 0.015405 0.068966 0.030810 0.103448
2 0.022447 0.211207 0.044894 0.146552
25 0.088028 0.373563 0.176056 0.086207
10 0.022447 0.527299 0.044894 0.146552
11 0.022447 0.725575 0.044894 0.146552
5 0.198504 0.087644 0.044894 0.146552
23 0.192782 0.561782 0.033451 0.100575
35 0.192782 0.689655 0.033451 0.091954
24 0.235035 0.081897 0.028169 0.094828
8 0.243398 0.248563 0.044894 0.146552
33 0.237236 0.405172 0.032570 0.109195
14 0.243398 0.791667 0.044894 0.146552
32 0.324384 0.073276 0.117077 0.077586
26 0.281690 0.214080 0.031690 0.112069
21 0.280370 0.827586 0.029049 0.091954
1 0.415053 0.102011 0.044894 0.146552
3 0.415053 0.277299 0.044894 0.146552
20 0.411092 0.423851 0.036972 0.106322
7 0.415053 0.570402 0.044894 0.146552
29 0.408451 0.715517 0.031690 0.114943
27 0.451585 0.077586 0.028169 0.091954
13 0.459947 0.251437 0.044894 0.146552
30 0.500880 0.086207 0.036972 0.120690
16 0.497799 0.367816 0.030810 0.091954
4 0.504842 0.504310 0.044894 0.146552
9 0.504842 0.679598 0.044894 0.146552
18 0.500440 0.862069 0.036092 0.109195
6 0.631602 0.110632 0.044894 0.146552
0 0.631602 0.288793 0.044894 0.146552
22 0.624560 0.547414 0.030810 0.089080
15 0.629401 0.900862 0.040493 0.106322
31 0.833187 0.073276 0.057218 0.077586
19 0.822623 0.186782 0.036092 0.091954
12 0.827025 0.464080 0.044894 0.146552
17 0.823504 0.646552 0.037852 0.103448
34 0.819102 0.803161 0.029049 0.106322