33 0.014341 0.073864 0.028682 0.107955
20 0.016279 0.203125 0.032558 0.105114
0 0.019767 0.370739 0.039535 0.144886
22 0.013566 0.501420 0.027132 0.088068
12 0.019767 0.674716 0.039535 0.144886
35 0.054264 0.082386 0.029457 0.090909
4 0.059302 0.333807 0.039535 0.144886
8 0.059302 0.535511 0.039535 0.144886
2 0.059302 0.910511 0.039535 0.144886
32 0.202713 0.058239 0.103101 0.076705
23 0.165891 0.191761 0.029457 0.099432
11 0.170930 0.544034 0.039535 0.144886
16 0.164729 0.715909 0.027132 0.090909
1 0.170930 0.865057 0.039535 0.144886
31 0.279457 0.055398 0.050388 0.076705
29 0.268217 0.394886 0.027907 0.113636
14 0.274031 0.544034 0.039535 0.144886
26 0.268217 0.691761 0.027907 0.110795
6 0.448450 0.211648 0.039535 0.144886
7 0.448450 0.379261 0.039535 0.144886
15 0.446512 0.535511 0.035659 0.105114
9 0.620543 0.416193 0.039535 0.144886
10 0.620543 0.580966 0.039535 0.144886
17 0.617442 0.761364 0.033333 0.102273
19 0.616667 0.892045 0.031783 0.090909
21 0.785659 0.068182 0.025581 0.090909
25 0.850388 0.525568 0.155039 0.085227
34 0.785659 0.637784 0.025581 0.105114
3 0.947674 0.313920 0.039535 0.144886
5 0.947674 0.649148 0.039535 0.144886
13 0.947674 0.825284 0.039535 0.144886
24 0.979845 0.083807 0.024806 0.093750
30 0.983721 0.232955 0.032558 0.119318
18 0.983333 0.394886 0.031783 0.107955
27 0.979845 0.542614 0.024806 0.090909
28 0.981008 0.687500 0.027132 0.102273