3 0.028652 0.459945 0.057303 0.140884
23 0.021348 0.603591 0.042697 0.096685
27 0.017978 0.930939 0.035955 0.088398
25 0.169663 0.240331 0.224719 0.082873
29 0.077528 0.381215 0.040449 0.110497
24 0.075281 0.506906 0.035955 0.091160
33 0.078090 0.624309 0.041573 0.104972
0 0.085955 0.785912 0.057303 0.140884
20 0.305618 0.261050 0.047191 0.102210
34 0.300562 0.553867 0.037079 0.102210
8 0.310674 0.689227 0.057303 0.140884
19 0.305056 0.825967 0.046067 0.088398
21 0.357865 0.071823 0.037079 0.088398
5 0.367978 0.203039 0.057303 0.140884
30 0.362921 0.359116 0.047191 0.116022
11 0.367978 0.813536 0.057303 0.140884
9 0.529775 0.556630 0.057303 0.140884
16 0.520787 0.685083 0.039326 0.088398
13 0.587079 0.415746 0.057303 0.140884
2 0.587079 0.606354 0.057303 0.140884
15 0.746067 0.081492 0.051685 0.102210
17 0.744382 0.207182 0.048315 0.099448
32 0.794944 0.346685 0.149438 0.074586
4 0.748876 0.498619 0.057303 0.140884
6 0.748876 0.691989 0.057303 0.140884
14 0.898315 0.103591 0.057303 0.140884
1 0.898315 0.263812 0.057303 0.140884
26 0.889888 0.418508 0.040449 0.107735
12 0.898315 0.559392 0.057303 0.140884
28 0.889326 0.732044 0.039326 0.099448
10 0.898315 0.882597 0.057303 0.140884
22 0.946629 0.075967 0.039326 0.085635
7 0.955618 0.208564 0.057303 0.140884
18 0.950000 0.375691 0.046067 0.104972
31 0.963483 0.509669 0.073034 0.074586
35 0.948315 0.643646 0.042697 0.088398