6 0.036222 0.235372 0.072443 0.135638
31 0.046165 0.355053 0.092330 0.071809
11 0.036222 0.472074 0.072443 0.135638
26 0.025568 0.605053 0.051136 0.103723
33 0.118608 0.082447 0.052557 0.101064
18 0.121449 0.388298 0.058239 0.101064
10 0.128551 0.519947 0.072443 0.135638
0 0.128551 0.676862 0.072443 0.135638
23 0.191761 0.075798 0.053977 0.093085
14 0.200994 0.432181 0.072443 0.135638
5 0.200994 0.769947 0.072443 0.135638
8 0.273438 0.099734 0.072443 0.135638
3 0.273438 0.267287 0.072443 0.135638
28 0.262074 0.420213 0.049716 0.095745
2 0.273438 0.589096 0.072443 0.135638
13 0.273438 0.746011 0.072443 0.135638
12 0.345881 0.105053 0.072443 0.135638
24 0.332386 0.267287 0.045455 0.087766
21 0.333097 0.819149 0.046875 0.085106
20 0.411932 0.078457 0.059659 0.098404
7 0.418324 0.248670 0.072443 0.135638
25 0.524148 0.388298 0.284091 0.079787
1 0.418324 0.519947 0.072443 0.135638
32 0.760653 0.062500 0.188920 0.071809
9 0.702415 0.192819 0.072443 0.135638
35 0.693182 0.324468 0.053977 0.085106
30 0.696023 0.446809 0.059659 0.111702
16 0.691051 0.569149 0.049716 0.085106
34 0.878551 0.179521 0.046875 0.098404
4 0.891335 0.317819 0.072443 0.135638
19 0.884233 0.454787 0.058239 0.085106
27 0.877841 0.561170 0.045455 0.085106
15 0.887784 0.692819 0.065341 0.098404
22 0.952415 0.232713 0.049716 0.082447
17 0.958097 0.345745 0.061080 0.095745
29 0.953125 0.494681 0.051136 0.106383