17 0.018745 0.080729 0.037489 0.093750
13 0.022232 0.240885 0.044464 0.132812
2 0.022232 0.399740 0.044464 0.132812
32 0.057977 0.524740 0.115955 0.070312
4 0.022232 0.654948 0.044464 0.132812
22 0.015257 0.774740 0.030514 0.080729
18 0.133827 0.075521 0.035745 0.098958
27 0.129904 0.541667 0.027899 0.083333
33 0.325632 0.075521 0.032258 0.098958
31 0.337838 0.180990 0.056670 0.070312
14 0.331735 0.412760 0.044464 0.132812
0 0.331735 0.597656 0.044464 0.132812
34 0.517437 0.071615 0.028771 0.096354
20 0.521360 0.204427 0.036617 0.096354
7 0.525283 0.358073 0.044464 0.132812
26 0.518745 0.514323 0.031386 0.101562
24 0.517001 0.803385 0.027899 0.085938
29 0.563208 0.205729 0.031386 0.104167
6 0.569747 0.358073 0.044464 0.132812
11 0.569747 0.699219 0.044464 0.132812
12 0.569747 0.876302 0.044464 0.132812
3 0.614211 0.373698 0.044464 0.132812
5 0.614211 0.881510 0.044464 0.132812
10 0.658675 0.095052 0.044464 0.132812
30 0.654752 0.341146 0.036617 0.109375
35 0.653008 0.484375 0.033130 0.083333
19 0.654316 0.614583 0.035745 0.083333
15 0.656495 0.740885 0.040105 0.096354
8 0.784220 0.100260 0.044464 0.132812
16 0.777245 0.223958 0.030514 0.083333
1 0.784220 0.376302 0.044464 0.132812
9 0.784220 0.524740 0.044464 0.132812
23 0.778553 0.667969 0.033130 0.091146
25 0.893636 0.177083 0.174368 0.078125
28 0.821709 0.627604 0.030514 0.093750
21 0.820837 0.739583 0.028771 0.083333