9 0.020936 0.085831 0.041872 0.138965
22 0.014368 0.325613 0.028736 0.084469
13 0.020936 0.456403 0.041872 0.138965
15 0.018883 0.603542 0.037767 0.100817
34 0.013547 0.753406 0.027094 0.100817
11 0.062808 0.284741 0.041872 0.138965
30 0.059113 0.438692 0.034483 0.114441
7 0.062808 0.584469 0.041872 0.138965
28 0.056240 0.738420 0.028736 0.098093
0 0.104680 0.091281 0.041872 0.138965
16 0.098112 0.354223 0.028736 0.087193
3 0.104680 0.510899 0.041872 0.138965
25 0.348112 0.435967 0.164204 0.081744
8 0.286946 0.584469 0.041872 0.138965
19 0.282841 0.912807 0.033662 0.087193
12 0.451149 0.110354 0.041872 0.138965
20 0.447455 0.415531 0.034483 0.100817
6 0.451149 0.568120 0.041872 0.138965
5 0.451149 0.739782 0.041872 0.138965
18 0.447044 0.899183 0.033662 0.103542
24 0.485222 0.077657 0.026273 0.089918
26 0.486864 0.200272 0.029557 0.106267
4 0.493021 0.363760 0.041872 0.138965
31 0.498768 0.497275 0.053366 0.073569
21 0.485632 0.711172 0.027094 0.087193
27 0.603448 0.062670 0.026273 0.087193
32 0.644910 0.192098 0.109195 0.073569
10 0.611248 0.633515 0.041872 0.138965
29 0.605090 0.776567 0.029557 0.108992
33 0.714696 0.087193 0.030378 0.103542
35 0.715107 0.198910 0.031199 0.087193
1 0.720443 0.445504 0.041872 0.138965
23 0.897373 0.254768 0.031199 0.095368
2 0.902709 0.423706 0.041872 0.138965
17 0.899425 0.689373 0.035304 0.098093
14 0.902709 0.835150 0.041872 0.138965