35 0.018217 0.079545 0.036433 0.090909
33 0.017737 0.366477 0.035475 0.107955
20 0.020134 0.507102 0.040268 0.105114
9 0.024449 0.686080 0.048897 0.144886
8 0.073346 0.086648 0.048897 0.144886
2 0.073346 0.282670 0.048897 0.144886
34 0.064717 0.430398 0.031640 0.105114
28 0.065676 0.551136 0.033557 0.102273
3 0.073346 0.725852 0.048897 0.144886
14 0.122244 0.231534 0.048897 0.144886
32 0.161553 0.555398 0.127517 0.076705
10 0.122244 0.691761 0.048897 0.144886
30 0.330777 0.102273 0.040268 0.119318
1 0.335091 0.259943 0.048897 0.144886
27 0.325983 0.397727 0.030681 0.090909
17 0.331256 0.525568 0.041227 0.102273
5 0.335091 0.697443 0.048897 0.144886
31 0.390700 0.183239 0.062320 0.076705
15 0.381592 0.294034 0.044104 0.105114
12 0.383988 0.586648 0.048897 0.144886
29 0.589645 0.093750 0.034516 0.113636
22 0.589166 0.382102 0.033557 0.088068
6 0.734899 0.095170 0.048897 0.144886
16 0.727229 0.269886 0.033557 0.090909
4 0.734899 0.441761 0.048897 0.144886
0 0.734899 0.612216 0.048897 0.144886
24 0.725791 0.762784 0.030681 0.093750
23 0.777565 0.078125 0.036433 0.099432
21 0.775168 0.190341 0.031640 0.090909
13 0.783797 0.447443 0.048897 0.144886
7 0.783797 0.620739 0.048897 0.144886
19 0.779003 0.752841 0.039310 0.090909
25 0.904123 0.065341 0.191755 0.085227
11 0.832694 0.228693 0.048897 0.144886
18 0.827900 0.553977 0.039310 0.107955
26 0.825503 0.901989 0.034516 0.110795