4 0.022870 0.397472 0.045740 0.143258
23 0.017040 0.563202 0.034081 0.098315
8 0.022870 0.728933 0.045740 0.143258
2 0.022870 0.914326 0.045740 0.143258
32 0.258744 0.240169 0.119283 0.075843
28 0.214798 0.356742 0.031390 0.101124
34 0.333184 0.080056 0.029596 0.103933
16 0.334081 0.202247 0.031390 0.089888
26 0.334529 0.316011 0.032287 0.109551
22 0.334081 0.442416 0.031390 0.087079
19 0.336771 0.558989 0.036771 0.089888
7 0.378027 0.110955 0.045740 0.143258
21 0.369955 0.241573 0.029596 0.089888
6 0.378027 0.389045 0.045740 0.143258
18 0.373543 0.702247 0.036771 0.106742
17 0.420179 0.258427 0.038565 0.101124
20 0.419731 0.383427 0.037668 0.103933
13 0.423767 0.532303 0.045740 0.143258
33 0.417489 0.676966 0.033184 0.106742
11 0.423767 0.858146 0.045740 0.143258
10 0.469507 0.085674 0.045740 0.143258
14 0.469507 0.248596 0.045740 0.143258
35 0.463677 0.542135 0.034081 0.089888
24 0.460987 0.816011 0.028700 0.092697
3 0.515247 0.473315 0.045740 0.143258
1 0.515247 0.653090 0.045740 0.143258
9 0.644395 0.327247 0.045740 0.143258
31 0.650673 0.467697 0.058296 0.075843
12 0.644395 0.596910 0.045740 0.143258
27 0.635874 0.747191 0.028700 0.089888
15 0.841256 0.082865 0.041256 0.103933
25 0.910314 0.193820 0.179372 0.084270
5 0.843498 0.324438 0.045740 0.143258
30 0.839462 0.502809 0.037668 0.117978
29 0.836771 0.665730 0.032287 0.112360
0 0.843498 0.841292 0.045740 0.143258