12 0.022606 0.083548 0.045213 0.131105
17 0.019060 0.665810 0.038121 0.092545
34 0.211436 0.075835 0.029255 0.095116
7 0.219415 0.392031 0.045213 0.131105
16 0.212323 0.632391 0.031028 0.082262
5 0.219415 0.775064 0.045213 0.131105
26 0.257979 0.075835 0.031915 0.100257
6 0.264628 0.224936 0.045213 0.131105
10 0.264628 0.376607 0.045213 0.131105
3 0.264628 0.736504 0.045213 0.131105
13 0.264628 0.890746 0.045213 0.131105
20 0.305851 0.075835 0.037234 0.095116
30 0.305851 0.434447 0.037234 0.107969
1 0.309840 0.744216 0.045213 0.131105
21 0.347074 0.053985 0.029255 0.082262
35 0.349291 0.334190 0.033688 0.082262
28 0.347961 0.742931 0.031028 0.092545
9 0.554521 0.276350 0.045213 0.131105
32 0.590869 0.415167 0.117908 0.069409
19 0.550089 0.519280 0.036348 0.082262
15 0.552305 0.656812 0.040780 0.095116
29 0.665780 0.066838 0.031915 0.102828
14 0.672429 0.217224 0.045213 0.131105
8 0.672429 0.366324 0.045213 0.131105
2 0.672429 0.541131 0.045213 0.131105
11 0.672429 0.713368 0.045213 0.131105
4 0.800089 0.091260 0.045213 0.131105
24 0.791667 0.235219 0.028369 0.084833
18 0.795656 0.377892 0.036348 0.097686
23 0.794326 0.517995 0.033688 0.089974
31 0.851507 0.070694 0.057624 0.069409
22 0.838209 0.176093 0.031028 0.079692
27 0.836879 0.277635 0.028369 0.082262
33 0.839096 0.403599 0.032801 0.097686
25 0.911348 0.521851 0.177305 0.077121
0 0.845301 0.646530 0.045213 0.131105