0 0.023743 0.096995 0.047486 0.139344
20 0.019553 0.260929 0.039106 0.101093
28 0.222998 0.071038 0.032588 0.098361
33 0.223929 0.191257 0.034451 0.103825
13 0.230447 0.337432 0.047486 0.139344
12 0.230447 0.495902 0.047486 0.139344
10 0.230447 0.654372 0.047486 0.139344
1 0.230447 0.842896 0.047486 0.139344
19 0.273277 0.073770 0.038175 0.087432
14 0.277933 0.222678 0.047486 0.139344
30 0.273743 0.368852 0.039106 0.114754
35 0.271881 0.524590 0.035382 0.087432
31 0.284451 0.635246 0.060521 0.073770
11 0.277933 0.769126 0.047486 0.139344
26 0.331471 0.091530 0.033520 0.106557
27 0.329609 0.374317 0.029795 0.087432
22 0.331006 0.856557 0.032588 0.084699
7 0.385940 0.083333 0.047486 0.139344
34 0.377561 0.233607 0.030726 0.101093
3 0.385940 0.389344 0.047486 0.139344
6 0.385940 0.542350 0.047486 0.139344
32 0.424115 0.695355 0.123836 0.073770
15 0.507449 0.069672 0.042831 0.101093
23 0.503724 0.184426 0.035382 0.095628
24 0.500931 0.312842 0.029795 0.090164
8 0.509777 0.788251 0.047486 0.139344
25 0.626629 0.054645 0.186220 0.081967
4 0.557263 0.315574 0.047486 0.139344
16 0.549814 0.442623 0.032588 0.087432
2 0.557263 0.676230 0.047486 0.139344
17 0.763035 0.079235 0.040037 0.098361
9 0.766760 0.400273 0.047486 0.139344
5 0.976257 0.296448 0.047486 0.139344
18 0.971601 0.622951 0.038175 0.103825
29 0.969274 0.781421 0.033520 0.109290
21 0.967877 0.931694 0.030726 0.087432