16 0.015487 0.086835 0.030973 0.089636
31 0.028761 0.222689 0.057522 0.075630
1 0.022566 0.371148 0.045133 0.142857
32 0.058850 0.805322 0.117699 0.075630
14 0.221681 0.275910 0.045133 0.142857
24 0.213274 0.589636 0.028319 0.092437
27 0.213274 0.717087 0.028319 0.089636
6 0.266814 0.110644 0.045133 0.142857
17 0.263274 0.277311 0.038053 0.100840
2 0.266814 0.505602 0.045133 0.142857
29 0.260177 0.661064 0.031858 0.112045
10 0.311947 0.102241 0.045133 0.142857
30 0.307965 0.246499 0.037168 0.117647
5 0.311947 0.698880 0.045133 0.142857
34 0.503097 0.085434 0.029204 0.103641
19 0.506637 0.378151 0.036283 0.089636
4 0.511062 0.539216 0.045133 0.142857
35 0.505310 0.705882 0.033628 0.089636
15 0.508850 0.850140 0.040708 0.103641
22 0.549115 0.060224 0.030973 0.086835
7 0.556195 0.228291 0.045133 0.142857
21 0.548230 0.364146 0.029204 0.089636
26 0.549558 0.477591 0.031858 0.109244
18 0.551770 0.789916 0.036283 0.106443
23 0.595575 0.175070 0.033628 0.098039
28 0.594248 0.330532 0.030973 0.100840
0 0.601327 0.466387 0.045133 0.142857
25 0.667257 0.593838 0.176991 0.084034
9 0.601327 0.763305 0.045133 0.142857
8 0.778319 0.096639 0.045133 0.142857
12 0.778319 0.287115 0.045133 0.142857
11 0.778319 0.561625 0.045133 0.142857
20 0.774336 0.704482 0.037168 0.103641
13 0.977434 0.085434 0.045133 0.142857
3 0.977434 0.441176 0.045133 0.142857
33 0.971239 0.613445 0.032743 0.106443