26 0.018614 0.081864 0.037229 0.098237
17 0.022234 0.216625 0.044467 0.090680
23 0.019648 0.321159 0.039297 0.088161
16 0.018097 0.430730 0.036194 0.080605
2 0.255946 0.081864 0.052740 0.128463
1 0.255946 0.890428 0.052740 0.128463
9 0.308687 0.096977 0.052740 0.128463
14 0.308687 0.253149 0.052740 0.128463
33 0.301448 0.405542 0.038263 0.095718
19 0.303516 0.523929 0.042399 0.080605
13 0.308687 0.663728 0.052740 0.128463
27 0.351603 0.163728 0.033092 0.080605
22 0.353154 0.265743 0.036194 0.078086
11 0.361427 0.411839 0.052740 0.128463
28 0.353154 0.544081 0.036194 0.090680
29 0.353671 0.670025 0.037229 0.100756
20 0.409514 0.079345 0.043433 0.093199
10 0.414168 0.348866 0.052740 0.128463
32 0.456567 0.472292 0.137539 0.068010
5 0.414168 0.590680 0.052740 0.128463
25 0.723888 0.050378 0.206825 0.075567
30 0.642192 0.158690 0.043433 0.105793
12 0.646846 0.474811 0.052740 0.128463
3 0.646846 0.630982 0.052740 0.128463
15 0.851086 0.066751 0.047570 0.093199
35 0.846949 0.188917 0.039297 0.080605
18 0.848501 0.312343 0.042399 0.095718
7 0.853671 0.444584 0.052740 0.128463
21 0.844364 0.753149 0.034126 0.080605
24 0.896587 0.076826 0.033092 0.083123
0 0.906412 0.298489 0.052740 0.128463
31 0.913650 0.419395 0.067218 0.068010
34 0.897104 0.537783 0.034126 0.093199
6 0.906412 0.681360 0.052740 0.128463
8 0.973630 0.444584 0.052740 0.128463
4 0.973630 0.610831 0.052740 0.128463