19 0.022702 0.064000 0.045404 0.085333
16 0.019380 0.354667 0.038760 0.085333
29 0.019934 0.488000 0.039867 0.106667
6 0.084718 0.625333 0.056478 0.136000
8 0.084718 0.798667 0.056478 0.136000
15 0.331118 0.252000 0.050941 0.098667
0 0.333887 0.414667 0.056478 0.136000
33 0.326135 0.586667 0.040975 0.101333
11 0.333887 0.740000 0.056478 0.136000
18 0.328350 0.898667 0.045404 0.101333
23 0.383167 0.086667 0.042082 0.093333
17 0.385936 0.216000 0.047619 0.096000
22 0.381506 0.334667 0.038760 0.082667
10 0.390365 0.484000 0.056478 0.136000
26 0.382060 0.809333 0.039867 0.104000
2 0.446844 0.252000 0.056478 0.136000
35 0.439646 0.413333 0.042082 0.085333
1 0.446844 0.716000 0.056478 0.136000
21 0.436877 0.858667 0.036545 0.085333
9 0.503322 0.089333 0.056478 0.136000
27 0.492802 0.389333 0.035437 0.085333
31 0.511074 0.516000 0.071982 0.072000
28 0.494463 0.613333 0.038760 0.096000
30 0.570321 0.096000 0.046512 0.112000
4 0.575305 0.236000 0.056478 0.136000
24 0.564784 0.364000 0.035437 0.088000
7 0.575305 0.670667 0.056478 0.136000
3 0.631783 0.257333 0.056478 0.136000
12 0.631783 0.417333 0.056478 0.136000
32 0.677187 0.558667 0.147287 0.072000
34 0.621816 0.865333 0.036545 0.098667
13 0.779070 0.201333 0.056478 0.136000
20 0.774086 0.369333 0.046512 0.098667
14 0.779070 0.537333 0.056478 0.136000
5 0.779070 0.713333 0.056478 0.136000
25 0.861573 0.850667 0.221484 0.080000