4 0.020953 0.100852 0.041906 0.144886
12 0.020953 0.450284 0.041906 0.144886
26 0.014790 0.603693 0.029581 0.110795
9 0.020953 0.751420 0.041906 0.144886
25 0.124076 0.258523 0.164339 0.085227
16 0.056286 0.403409 0.028759 0.090909
32 0.096549 0.535511 0.109285 0.076705
3 0.062859 0.674716 0.041906 0.144886
31 0.068611 0.828125 0.053410 0.076705
35 0.221857 0.082386 0.031224 0.090909
24 0.219392 0.339489 0.026294 0.093750
29 0.339359 0.090909 0.029581 0.113636
30 0.341824 0.261364 0.034511 0.119318
5 0.345522 0.413352 0.041906 0.144886
22 0.338948 0.549716 0.028759 0.088068
0 0.345522 0.688920 0.041906 0.144886
2 0.387428 0.089489 0.041906 0.144886
17 0.384141 0.258523 0.035333 0.102273
19 0.383320 0.721591 0.033689 0.090909
23 0.382087 0.850852 0.031224 0.099432
10 0.429334 0.464489 0.041906 0.144886
33 0.423583 0.610795 0.030403 0.107955
20 0.425637 0.762784 0.034511 0.105114
27 0.421528 0.917614 0.026294 0.090909
34 0.463846 0.305398 0.027116 0.105114
6 0.471241 0.473011 0.041906 0.144886
21 0.463846 0.627841 0.027116 0.090909
1 0.471241 0.774148 0.041906 0.144886
15 0.651602 0.424716 0.037798 0.105114
28 0.647083 0.693182 0.028759 0.102273
13 0.653657 0.870739 0.041906 0.144886
14 0.836072 0.095170 0.041906 0.144886
8 0.836072 0.265625 0.041906 0.144886
7 0.836072 0.529830 0.041906 0.144886
11 0.836072 0.694602 0.041906 0.144886
18 0.831964 0.875000 0.033689 0.107955