8 0.028781 0.102941 0.057562 0.136364
18 0.023138 0.270053 0.046275 0.101604
1 0.028781 0.405080 0.057562 0.136364
35 0.021445 0.553476 0.042889 0.085561
10 0.028781 0.717914 0.057562 0.136364
4 0.086343 0.276738 0.057562 0.136364
27 0.075621 0.430481 0.036117 0.085561
30 0.081264 0.566845 0.047404 0.112299
25 0.170429 0.708556 0.225734 0.080214
32 0.132619 0.803476 0.150113 0.072193
12 0.312077 0.086898 0.057562 0.136364
7 0.312077 0.386364 0.057562 0.136364
17 0.307562 0.553476 0.048533 0.096257
2 0.312077 0.875668 0.057562 0.136364
26 0.361174 0.076203 0.040632 0.104278
24 0.358916 0.332888 0.036117 0.088235
33 0.361738 0.446524 0.041761 0.101604
19 0.363995 0.558824 0.046275 0.085561
34 0.359481 0.699198 0.037246 0.098930
5 0.532167 0.086898 0.057562 0.136364
9 0.532167 0.258021 0.057562 0.136364
21 0.522009 0.577540 0.037246 0.085561
22 0.580700 0.250000 0.039503 0.082888
0 0.647291 0.100267 0.057562 0.136364
20 0.642212 0.450535 0.047404 0.098930
11 0.647291 0.720588 0.057562 0.136364
6 0.897856 0.092246 0.057562 0.136364
15 0.895034 0.431818 0.051919 0.098930
31 0.905756 0.560160 0.073363 0.072193
16 0.888826 0.791444 0.039503 0.085561
29 0.962754 0.090909 0.040632 0.106952
14 0.971219 0.228610 0.057562 0.136364
13 0.971219 0.397059 0.057562 0.136364
23 0.963883 0.538770 0.042889 0.093583
28 0.962190 0.652406 0.039503 0.096257
3 0.971219 0.806150 0.057562 0.136364