18 0.022854 0.330623 0.045708 0.102981
25 0.111483 0.463415 0.222965 0.081301
0 0.028428 0.621951 0.056856 0.138211
34 0.265886 0.063686 0.036789 0.100271
32 0.321628 0.204607 0.148272 0.073171
8 0.275920 0.535230 0.056856 0.138211
11 0.275920 0.703252 0.056856 0.138211
14 0.275920 0.882114 0.056856 0.138211
24 0.413601 0.063686 0.035674 0.089431
22 0.415273 0.174797 0.039019 0.084011
21 0.414158 0.311653 0.036789 0.086721
10 0.481048 0.207317 0.056856 0.138211
16 0.472129 0.457995 0.039019 0.086721
31 0.488852 0.708672 0.072464 0.073171
20 0.548495 0.361789 0.046823 0.100271
2 0.553512 0.494580 0.056856 0.138211
9 0.553512 0.686992 0.056856 0.138211
35 0.793757 0.062331 0.042363 0.086721
4 0.801003 0.226287 0.056856 0.138211
1 0.801003 0.407859 0.056856 0.138211
28 0.792085 0.558266 0.039019 0.097561
5 0.801003 0.708672 0.056856 0.138211
13 0.857860 0.098916 0.056856 0.138211
3 0.857860 0.253388 0.056856 0.138211
33 0.850056 0.420054 0.041249 0.102981
17 0.853400 0.569106 0.047938 0.097561
12 0.857860 0.727642 0.056856 0.138211
6 0.857860 0.882114 0.056856 0.138211
30 0.909699 0.097561 0.046823 0.113821
27 0.904125 0.252033 0.035674 0.086721
19 0.909142 0.363144 0.045708 0.086721
7 0.914716 0.616531 0.056856 0.138211
26 0.906355 0.779133 0.040134 0.105691
23 0.964326 0.253388 0.042363 0.094851
29 0.963211 0.406504 0.040134 0.108401
15 0.968785 0.716802 0.051282 0.100271