19 0.021112 0.065527 0.042225 0.091168
32 0.068486 0.178063 0.136972 0.076923
11 0.026262 0.317664 0.052523 0.145299
29 0.018538 0.481481 0.037075 0.113960
5 0.026262 0.656695 0.052523 0.145299
25 0.239959 0.270655 0.205973 0.085470
12 0.163234 0.400285 0.052523 0.145299
22 0.360968 0.069801 0.036045 0.088319
31 0.376416 0.195157 0.066941 0.076923
27 0.359423 0.336182 0.032956 0.091168
10 0.369207 0.662393 0.052523 0.145299
13 0.369207 0.853276 0.052523 0.145299
14 0.436148 0.103989 0.052523 0.145299
34 0.426880 0.272080 0.033986 0.105413
21 0.426880 0.407407 0.033986 0.091168
16 0.427909 0.521368 0.036045 0.091168
20 0.431514 0.648148 0.043254 0.105413
15 0.486097 0.084046 0.047374 0.105413
9 0.488671 0.260684 0.052523 0.145299
1 0.488671 0.428775 0.052523 0.145299
26 0.480947 0.588319 0.037075 0.111111
3 0.488671 0.733618 0.052523 0.145299
30 0.484037 0.908832 0.043254 0.119658
8 0.541195 0.101140 0.052523 0.145299
2 0.541195 0.650997 0.052523 0.145299
35 0.534501 0.811966 0.039135 0.091168
23 0.766220 0.075499 0.039135 0.099715
7 0.772915 0.217949 0.052523 0.145299
24 0.763131 0.377493 0.032956 0.094017
17 0.917096 0.242165 0.044284 0.102564
0 0.921215 0.764957 0.052523 0.145299
18 0.916066 0.917379 0.042225 0.108262
4 0.973738 0.112536 0.052523 0.145299
28 0.965499 0.264957 0.036045 0.102564
6 0.973738 0.445869 0.052523 0.145299
33 0.966529 0.766382 0.038105 0.108262