23 0.018357 0.162050 0.036715 0.096953
13 0.024638 0.322715 0.049275 0.141274
16 0.016908 0.465374 0.033816 0.088643
29 0.017391 0.756233 0.034783 0.110803
3 0.073913 0.084488 0.049275 0.141274
4 0.073913 0.247922 0.049275 0.141274
18 0.069082 0.393352 0.039614 0.105263
8 0.073913 0.710526 0.049275 0.141274
7 0.073913 0.887812 0.049275 0.141274
9 0.123188 0.090028 0.049275 0.141274
12 0.123188 0.259003 0.049275 0.141274
19 0.118357 0.595568 0.039614 0.088643
0 0.123188 0.727147 0.049275 0.141274
1 0.172464 0.217452 0.049275 0.141274
14 0.172464 0.375346 0.049275 0.141274
24 0.163285 0.536011 0.030918 0.091413
25 0.244444 0.778393 0.193237 0.083102
2 0.365700 0.220222 0.049275 0.141274
5 0.365700 0.416898 0.049275 0.141274
31 0.372464 0.566482 0.062802 0.074792
27 0.356522 0.698061 0.030918 0.088643
17 0.576329 0.074792 0.041546 0.099723
34 0.571498 0.547091 0.031884 0.102493
30 0.575845 0.797784 0.040580 0.116343
32 0.837198 0.253463 0.128502 0.074792
33 0.790821 0.396122 0.035749 0.105263
28 0.789855 0.518006 0.033816 0.099723
20 0.793237 0.638504 0.040580 0.102493
26 0.790338 0.768698 0.034783 0.108033
10 0.926087 0.084488 0.049275 0.141274
11 0.926087 0.275623 0.049275 0.141274
15 0.923671 0.447368 0.044444 0.102493
21 0.917391 0.576177 0.031884 0.088643
35 0.969082 0.083102 0.036715 0.088643
6 0.975362 0.228532 0.049275 0.141274
22 0.967633 0.522161 0.033816 0.085873