8 0.022626 0.088556 0.045253 0.138965
9 0.022626 0.399183 0.045253 0.138965
10 0.222272 0.083106 0.045253 0.138965
21 0.214286 0.405995 0.029281 0.087193
3 0.222272 0.538147 0.045253 0.138965
26 0.215617 0.701635 0.031943 0.106267
5 0.222272 0.848774 0.045253 0.138965
31 0.273736 0.148501 0.057675 0.073569
7 0.267524 0.276567 0.045253 0.138965
17 0.263975 0.419619 0.038154 0.098093
13 0.267524 0.559946 0.045253 0.138965
11 0.467169 0.303815 0.045253 0.138965
28 0.460071 0.476839 0.031056 0.098093
23 0.461402 0.628065 0.033718 0.095368
12 0.467169 0.780654 0.045253 0.138965
15 0.661934 0.189373 0.040816 0.100817
4 0.664153 0.363760 0.045253 0.138965
30 0.660160 0.544959 0.037267 0.114441
18 0.659716 0.880109 0.036380 0.103542
0 0.709406 0.271117 0.045253 0.138965
25 0.775510 0.408719 0.177462 0.081744
32 0.745785 0.510899 0.118012 0.073569
27 0.700976 0.634877 0.028394 0.087193
34 0.878882 0.072207 0.029281 0.100817
22 0.879769 0.200272 0.031056 0.084469
1 0.886868 0.486376 0.045253 0.138965
19 0.882431 0.643052 0.036380 0.087193
29 0.925466 0.269755 0.031943 0.108992
16 0.925022 0.395095 0.031056 0.087193
35 0.926353 0.523161 0.033718 0.087193
20 0.928128 0.655313 0.037267 0.100817
14 0.932121 0.805177 0.045253 0.138965
33 0.971162 0.070845 0.032831 0.103542
6 0.977374 0.227520 0.045253 0.138965
24 0.968944 0.546322 0.028394 0.089918
2 0.977374 0.712534 0.045253 0.138965