10 0.020765 0.089181 0.041531 0.149123
3 0.020765 0.285088 0.041531 0.149123
18 0.016694 0.473684 0.033388 0.111111
5 0.020765 0.790936 0.041531 0.149123
29 0.056189 0.099415 0.029316 0.116959
4 0.062296 0.404971 0.041531 0.149123
20 0.058632 0.557018 0.034202 0.108187
33 0.237378 0.078947 0.030130 0.111111
0 0.243078 0.238304 0.041531 0.149123
31 0.248779 0.369883 0.052932 0.078947
26 0.236971 0.486842 0.029316 0.114035
11 0.243078 0.665205 0.041531 0.149123
28 0.236564 0.833333 0.028502 0.105263
2 0.296010 0.106725 0.041531 0.149123
27 0.288274 0.567251 0.026059 0.093567
16 0.289495 0.704678 0.028502 0.093567
8 0.337541 0.095029 0.041531 0.149123
35 0.332248 0.230994 0.030945 0.093567
15 0.335505 0.390351 0.037459 0.108187
23 0.332248 0.627193 0.030945 0.102339
24 0.329805 0.767544 0.026059 0.096491
7 0.454805 0.106725 0.041531 0.149123
32 0.488192 0.258772 0.108306 0.078947
13 0.454805 0.732456 0.041531 0.149123
21 0.447476 0.909357 0.026873 0.093567
1 0.635586 0.282164 0.041531 0.149123
22 0.629072 0.419591 0.028502 0.090643
9 0.635586 0.559942 0.041531 0.149123
30 0.631922 0.719298 0.034202 0.122807
19 0.673046 0.204678 0.033388 0.093567
34 0.669788 0.665205 0.026873 0.108187
12 0.677117 0.828947 0.041531 0.149123
17 0.854642 0.081871 0.035016 0.105263
14 0.857899 0.238304 0.041531 0.149123
25 0.918567 0.564327 0.162866 0.087719
6 0.857899 0.709064 0.041531 0.149123