5 0.018372 0.092541 0.036744 0.140884
6 0.018372 0.385359 0.036744 0.140884
21 0.011888 0.646409 0.023775 0.088398
4 0.178314 0.258287 0.036744 0.140884
20 0.175072 0.509669 0.030259 0.102210
7 0.178314 0.683702 0.036744 0.140884
29 0.172911 0.839779 0.025937 0.110497
0 0.282061 0.084254 0.036744 0.140884
12 0.282061 0.587017 0.036744 0.140884
18 0.278458 0.765193 0.029539 0.104972
28 0.436239 0.154696 0.025216 0.099448
33 0.436960 0.276243 0.026657 0.104972
11 0.442003 0.517956 0.036744 0.140884
31 0.447046 0.642265 0.046830 0.074586
17 0.601225 0.066298 0.030980 0.099448
3 0.604107 0.211326 0.036744 0.140884
27 0.597262 0.370166 0.023055 0.088398
23 0.599424 0.482044 0.027378 0.096685
26 0.598703 0.611878 0.025937 0.107735
16 0.635086 0.080110 0.025216 0.088398
25 0.694524 0.303867 0.144092 0.082873
15 0.639049 0.415746 0.033141 0.102210
2 0.640850 0.575967 0.036744 0.140884
9 0.640850 0.733425 0.036744 0.140884
35 0.780259 0.071823 0.027378 0.088398
1 0.784942 0.238950 0.036744 0.140884
10 0.784942 0.407459 0.036744 0.140884
22 0.779179 0.559392 0.025216 0.085635
24 0.814841 0.073204 0.023055 0.091160
8 0.821686 0.244475 0.036744 0.140884
13 0.821686 0.520718 0.036744 0.140884
32 0.887968 0.070442 0.095821 0.074586
14 0.858429 0.211326 0.036744 0.140884
19 0.854827 0.339779 0.029539 0.088398
34 0.851945 0.459945 0.023775 0.102210
30 0.855187 0.610497 0.030259 0.116022