20 0.016092 0.075835 0.032184 0.095116
0 0.019540 0.224936 0.039080 0.131105
4 0.019540 0.399743 0.039080 0.131105
10 0.019540 0.577121 0.039080 0.131105
6 0.019540 0.731362 0.039080 0.131105
8 0.019540 0.908740 0.039080 0.131105
7 0.058621 0.096401 0.039080 0.131105
15 0.056705 0.242931 0.035249 0.095116
26 0.052874 0.466581 0.027586 0.100257
16 0.052490 0.596401 0.026820 0.082262
14 0.231034 0.260925 0.039080 0.131105
2 0.231034 0.430591 0.039080 0.131105
9 0.231034 0.679949 0.039080 0.131105
23 0.226054 0.841902 0.029119 0.089974
24 0.396169 0.464010 0.024521 0.084833
1 0.403448 0.610540 0.039080 0.131105
25 0.499617 0.056555 0.153257 0.077121
17 0.439464 0.336761 0.032950 0.092545
3 0.442529 0.487147 0.039080 0.131105
13 0.442529 0.664524 0.039080 0.131105
21 0.588889 0.074550 0.025287 0.082262
33 0.590421 0.182519 0.028352 0.097686
11 0.595785 0.587404 0.039080 0.131105
28 0.589655 0.742931 0.026820 0.092545
18 0.702299 0.161954 0.031418 0.097686
34 0.699234 0.559126 0.025287 0.095116
35 0.701149 0.663239 0.029119 0.082262
22 0.872414 0.057841 0.026820 0.079692
27 0.871264 0.341902 0.024521 0.082262
19 0.874713 0.439589 0.031418 0.082262
30 0.875096 0.583548 0.032184 0.107969
32 0.949042 0.055270 0.101916 0.069409
29 0.911877 0.159383 0.027586 0.102828
12 0.917625 0.494859 0.039080 0.131105
5 0.917625 0.677378 0.039080 0.131105
31 0.922989 0.805913 0.049808 0.069409