34 0.014448 0.075221 0.028897 0.109145
10 0.022329 0.243363 0.044658 0.150442
2 0.022329 0.414454 0.044658 0.150442
28 0.015324 0.572271 0.030648 0.106195
24 0.014011 0.733038 0.028021 0.097345
32 0.184326 0.075221 0.116462 0.079646
12 0.148424 0.408555 0.044658 0.150442
7 0.148424 0.594395 0.044658 0.150442
22 0.141419 0.738938 0.030648 0.091445
6 0.148424 0.877581 0.044658 0.150442
4 0.264886 0.119469 0.044658 0.150442
14 0.264886 0.314159 0.044658 0.150442
9 0.264886 0.485251 0.044658 0.150442
15 0.262697 0.635693 0.040280 0.109145
35 0.259194 0.790560 0.033275 0.094395
27 0.256567 0.914454 0.028021 0.094395
13 0.309545 0.396755 0.044658 0.150442
18 0.305166 0.734513 0.035902 0.112094
20 0.305604 0.889381 0.036778 0.109145
16 0.499562 0.454277 0.030648 0.094395
25 0.571804 0.604720 0.175131 0.088496
5 0.506567 0.765487 0.044658 0.150442
30 0.677758 0.106195 0.036778 0.123894
29 0.675131 0.283186 0.031524 0.117994
19 0.677320 0.584071 0.035902 0.094395
21 0.673818 0.728614 0.028897 0.094395
31 0.687828 0.839233 0.056918 0.079646
17 0.735114 0.253687 0.037653 0.106195
8 0.738616 0.615044 0.044658 0.150442
11 0.738616 0.797935 0.044658 0.150442
3 0.783275 0.101770 0.044658 0.150442
33 0.777145 0.749263 0.032399 0.112094
0 0.827933 0.098820 0.044658 0.150442
23 0.822242 0.261062 0.033275 0.103245
26 0.821366 0.500000 0.031524 0.115044
1 0.827933 0.659292 0.044658 0.150442