5 0.022116 0.269337 0.044232 0.140884
10 0.022116 0.435083 0.044232 0.140884
25 0.086730 0.571823 0.173461 0.082873
31 0.223330 0.053867 0.056375 0.074586
33 0.211188 0.356354 0.032090 0.104972
32 0.252819 0.459945 0.115351 0.074586
6 0.217259 0.603591 0.044232 0.140884
15 0.330442 0.075967 0.039896 0.102210
19 0.328274 0.535912 0.035559 0.088398
21 0.324805 0.660221 0.028621 0.088398
8 0.376843 0.092541 0.044232 0.140884
29 0.370338 0.245856 0.031223 0.110497
34 0.369037 0.374309 0.028621 0.102210
9 0.376843 0.642265 0.044232 0.140884
0 0.571986 0.216851 0.044232 0.140884
24 0.563747 0.377072 0.027754 0.091160
18 0.567650 0.530387 0.035559 0.104972
26 0.565481 0.849448 0.031223 0.107735
30 0.760624 0.077348 0.036427 0.116022
17 0.761058 0.237569 0.037294 0.099448
20 0.760624 0.617403 0.036427 0.102210
1 0.764527 0.769337 0.044232 0.140884
22 0.801821 0.064917 0.030356 0.085635
3 0.808760 0.227901 0.044232 0.140884
2 0.808760 0.396409 0.044232 0.140884
13 0.808760 0.567680 0.044232 0.140884
27 0.800520 0.732044 0.027754 0.088398
4 0.808760 0.863260 0.044232 0.140884
28 0.846054 0.082873 0.030356 0.099448
35 0.847355 0.229282 0.032958 0.088398
23 0.847355 0.346685 0.032958 0.096685
16 0.846054 0.464088 0.030356 0.088398
11 0.852992 0.598066 0.044232 0.140884
7 0.897225 0.103591 0.044232 0.140884
12 0.897225 0.559392 0.044232 0.140884
14 0.897225 0.882597 0.044232 0.140884