34 0.017063 0.084906 0.034126 0.099730
20 0.021717 0.238544 0.043433 0.099730
29 0.018614 0.382749 0.037229 0.107817
22 0.018097 0.513477 0.036194 0.083558
31 0.033609 0.629380 0.067218 0.072776
8 0.026370 0.783019 0.052740 0.137466
6 0.093588 0.082210 0.052740 0.137466
18 0.088418 0.417790 0.042399 0.102426
19 0.088418 0.555256 0.042399 0.086253
3 0.093588 0.885445 0.052740 0.137466
21 0.137022 0.221024 0.034126 0.086253
32 0.188728 0.351752 0.137539 0.072776
28 0.138056 0.541779 0.036194 0.097035
9 0.146329 0.702156 0.052740 0.137466
24 0.366081 0.066038 0.033092 0.088949
0 0.375905 0.400270 0.052740 0.137466
33 0.368666 0.571429 0.038263 0.102426
11 0.375905 0.745283 0.052740 0.137466
14 0.375905 0.907008 0.052740 0.137466
17 0.424509 0.080863 0.044467 0.097035
30 0.423992 0.210243 0.043433 0.113208
4 0.428645 0.882749 0.052740 0.137466
10 0.481386 0.098383 0.052740 0.137466
5 0.481386 0.429919 0.052740 0.137466
16 0.473113 0.590296 0.036194 0.086253
27 0.524302 0.070081 0.033092 0.086253
12 0.534126 0.198113 0.052740 0.137466
13 0.534126 0.373315 0.052740 0.137466
25 0.843847 0.250674 0.206825 0.080863
2 0.766805 0.402965 0.052740 0.137466
1 0.766805 0.575472 0.052740 0.137466
15 0.764219 0.707547 0.047570 0.099730
26 0.965874 0.246631 0.037229 0.105121
35 0.966908 0.361186 0.039297 0.086253
23 0.966908 0.483827 0.039297 0.094340
7 0.973630 0.626685 0.052740 0.137466