13 0.025967 0.276099 0.051935 0.140110
17 0.021894 0.445055 0.043788 0.098901
18 0.020876 0.576923 0.041752 0.104396
0 0.025967 0.712912 0.051935 0.140110
30 0.073320 0.071429 0.042770 0.115385
35 0.071283 0.321429 0.038697 0.087912
16 0.069756 0.464286 0.035642 0.087912
23 0.071283 0.570055 0.038697 0.096154
27 0.214868 0.189560 0.032587 0.087912
5 0.224542 0.333791 0.051935 0.140110
8 0.224542 0.523352 0.051935 0.140110
25 0.300407 0.857143 0.203666 0.082418
26 0.446029 0.083791 0.036660 0.107143
7 0.453666 0.256868 0.051935 0.140110
34 0.444501 0.556319 0.033605 0.101648
1 0.453666 0.732143 0.051935 0.140110
14 0.453666 0.910714 0.051935 0.140110
9 0.505601 0.092033 0.051935 0.140110
24 0.495927 0.262363 0.032587 0.090659
11 0.505601 0.407967 0.051935 0.140110
15 0.554990 0.083791 0.046843 0.101648
19 0.552444 0.392857 0.041752 0.087912
29 0.549898 0.530220 0.036660 0.109890
6 0.557536 0.707418 0.051935 0.140110
22 0.601324 0.064560 0.035642 0.085165
2 0.609470 0.402473 0.051935 0.140110
4 0.609470 0.564560 0.051935 0.140110
20 0.834012 0.201923 0.042770 0.101648
28 0.830448 0.354396 0.035642 0.098901
3 0.838595 0.501374 0.051935 0.140110
10 0.838595 0.655220 0.051935 0.140110
12 0.890530 0.094780 0.051935 0.140110
33 0.883401 0.255495 0.037678 0.104396
21 0.881365 0.406593 0.033605 0.087912
31 0.897658 0.542582 0.066191 0.074176
32 0.932281 0.638736 0.135438 0.074176