25 0.095057 0.075802 0.190114 0.087464
26 0.017110 0.427114 0.034221 0.113703
16 0.016635 0.577259 0.033270 0.093294
4 0.214354 0.091837 0.048479 0.148688
28 0.206749 0.239067 0.033270 0.104956
1 0.214354 0.389213 0.048479 0.148688
30 0.210076 0.755102 0.039924 0.122449
22 0.206749 0.916910 0.033270 0.090379
7 0.262833 0.100583 0.048479 0.148688
2 0.262833 0.295918 0.048479 0.148688
31 0.269487 0.450437 0.061787 0.078717
6 0.262833 0.616618 0.048479 0.148688
23 0.256654 0.762391 0.036122 0.102041
15 0.322243 0.185131 0.043726 0.107872
12 0.324620 0.336735 0.048479 0.148688
14 0.324620 0.721574 0.048479 0.148688
24 0.529468 0.074344 0.030418 0.096210
13 0.538498 0.217201 0.048479 0.148688
17 0.534696 0.358601 0.040875 0.104956
33 0.531844 0.521866 0.035171 0.110787
9 0.538498 0.677843 0.048479 0.148688
8 0.538498 0.852770 0.048479 0.148688
27 0.577947 0.078717 0.030418 0.093294
34 0.578422 0.225948 0.031369 0.107872
32 0.625951 0.377551 0.126426 0.078717
3 0.586977 0.800292 0.048479 0.148688
5 0.713403 0.118076 0.048479 0.148688
11 0.713403 0.459184 0.048479 0.148688
19 0.708650 0.615160 0.038973 0.093294
10 0.713403 0.774052 0.048479 0.148688
20 0.757605 0.086006 0.039924 0.107872
0 0.761882 0.234694 0.048479 0.148688
29 0.754753 0.402332 0.034221 0.116618
18 0.805608 0.437318 0.038973 0.110787
35 0.804183 0.580175 0.036122 0.093294
21 0.801806 0.717201 0.031369 0.093294