8 0.018280 0.107427 0.036559 0.135279
5 0.018280 0.287798 0.036559 0.135279
3 0.018280 0.622016 0.036559 0.135279
0 0.177419 0.107427 0.036559 0.135279
32 0.206810 0.248011 0.095341 0.071618
35 0.172760 0.371353 0.027240 0.084881
27 0.170609 0.660477 0.022939 0.084881
12 0.272760 0.343501 0.036559 0.135279
21 0.266308 0.466844 0.023656 0.084881
31 0.277778 0.582228 0.046595 0.071618
22 0.428315 0.072944 0.025090 0.082228
6 0.434050 0.226790 0.036559 0.135279
26 0.428674 0.380637 0.025806 0.103448
17 0.431183 0.710875 0.030824 0.095491
19 0.467025 0.063660 0.029391 0.084881
23 0.465950 0.189655 0.027240 0.092838
24 0.463799 0.316976 0.022939 0.087533
10 0.470609 0.468170 0.036559 0.135279
20 0.467384 0.608753 0.030108 0.098143
1 0.507168 0.208223 0.036559 0.135279
25 0.560573 0.352785 0.143369 0.079576
16 0.501434 0.623342 0.025090 0.084881
13 0.507168 0.773210 0.036559 0.135279
18 0.646953 0.196286 0.029391 0.100796
29 0.645161 0.323607 0.025806 0.106101
11 0.650538 0.476127 0.036559 0.135279
14 0.811828 0.096817 0.036559 0.135279
34 0.805376 0.242706 0.023656 0.098143
15 0.810036 0.372679 0.032975 0.098143
7 0.811828 0.622016 0.036559 0.135279
9 0.811828 0.791777 0.036559 0.135279
4 0.915054 0.157825 0.036559 0.135279
2 0.915054 0.335544 0.036559 0.135279
30 0.911828 0.480106 0.030108 0.111406
33 0.910036 0.602122 0.026523 0.100796
28 0.909319 0.724138 0.025090 0.095491