7 0.025602 0.193151 0.051205 0.139726
1 0.025602 0.371233 0.051205 0.139726
27 0.016064 0.695890 0.032129 0.087671
25 0.151606 0.454795 0.200803 0.082192
22 0.068775 0.582192 0.035141 0.084932
11 0.076807 0.716438 0.051205 0.139726
10 0.302711 0.215068 0.051205 0.139726
21 0.293675 0.342466 0.033133 0.087671
19 0.348896 0.071233 0.041165 0.087671
26 0.346386 0.182192 0.036145 0.106849
24 0.344378 0.321918 0.032129 0.090411
9 0.353916 0.469863 0.051205 0.139726
29 0.346386 0.627397 0.036145 0.109589
3 0.405120 0.217808 0.051205 0.139726
6 0.405120 0.371233 0.051205 0.139726
28 0.397088 0.693151 0.035141 0.098630
13 0.405120 0.858904 0.051205 0.139726
32 0.672189 0.050685 0.133534 0.073973
34 0.621988 0.171233 0.033133 0.101370
2 0.631024 0.346575 0.051205 0.139726
16 0.622992 0.512329 0.035141 0.087671
4 0.631024 0.672603 0.051205 0.139726
33 0.757530 0.087671 0.037149 0.104110
0 0.764558 0.234247 0.051205 0.139726
35 0.758032 0.558904 0.038153 0.087671
23 0.758032 0.702740 0.038153 0.095890
30 0.811245 0.098630 0.042169 0.115068
14 0.815763 0.280822 0.051205 0.139726
8 0.815763 0.469863 0.051205 0.139726
31 0.822791 0.620548 0.065261 0.073973
12 0.815763 0.749315 0.051205 0.139726
15 0.813253 0.921918 0.046185 0.101370
18 0.876004 0.076712 0.041165 0.104110
17 0.877008 0.194521 0.043173 0.098630
20 0.876506 0.346575 0.042169 0.101370
5 0.881024 0.675342 0.051205 0.139726