12 0.022829 0.104054 0.045658 0.137838
15 0.020591 0.428378 0.041182 0.100000
18 0.018353 0.913514 0.036705 0.102703
26 0.061773 0.066216 0.032229 0.105405
7 0.068487 0.201351 0.045658 0.137838
32 0.105192 0.328378 0.119069 0.072973
10 0.068487 0.455405 0.045658 0.137838
35 0.062668 0.613514 0.034020 0.086486
13 0.187556 0.441892 0.045658 0.137838
16 0.379141 0.070270 0.031334 0.086486
24 0.377798 0.185135 0.028648 0.089189
11 0.386303 0.336486 0.045658 0.137838
33 0.380036 0.481081 0.033124 0.102703
23 0.509400 0.071622 0.034020 0.094595
27 0.506714 0.200000 0.028648 0.086486
17 0.511638 0.340541 0.038496 0.097297
29 0.508505 0.575676 0.032229 0.108108
0 0.553715 0.082432 0.045658 0.137838
30 0.549687 0.351351 0.037601 0.113514
31 0.559982 0.498649 0.058192 0.072973
25 0.620412 0.789189 0.179051 0.081081
3 0.732766 0.098649 0.045658 0.137838
2 0.732766 0.290541 0.045658 0.137838
34 0.724709 0.428378 0.029543 0.100000
22 0.725604 0.550000 0.031334 0.083784
21 0.724709 0.670270 0.029543 0.086486
9 0.732766 0.795946 0.045658 0.137838
6 0.778424 0.082432 0.045658 0.137838
28 0.771262 0.218919 0.031334 0.097297
20 0.774396 0.341892 0.037601 0.100000
1 0.778424 0.504054 0.045658 0.137838
8 0.778424 0.679730 0.045658 0.137838
19 0.773948 0.829730 0.036705 0.086486
5 0.824082 0.271622 0.045658 0.137838
4 0.824082 0.425676 0.045658 0.137838
14 0.824082 0.720270 0.045658 0.137838