32 0.080900 0.063202 0.161800 0.075843
9 0.031022 0.209270 0.062044 0.143258
0 0.031022 0.661517 0.062044 0.143258
10 0.031022 0.821629 0.062044 0.143258
5 0.192822 0.445225 0.062044 0.143258
2 0.192822 0.644663 0.062044 0.143258
27 0.181265 0.811798 0.038929 0.089888
7 0.254866 0.282303 0.062044 0.143258
21 0.243917 0.455056 0.040146 0.089888
26 0.245742 0.591292 0.043796 0.109551
31 0.263382 0.894663 0.079075 0.075843
16 0.324209 0.185393 0.042579 0.089888
29 0.324818 0.463483 0.043796 0.112360
13 0.509124 0.108146 0.062044 0.143258
25 0.599757 0.278090 0.243309 0.084270
20 0.503650 0.425562 0.051095 0.103933
19 0.503041 0.564607 0.049878 0.089888
22 0.499392 0.793539 0.042579 0.087079
1 0.782847 0.094101 0.062044 0.143258
30 0.777372 0.238764 0.051095 0.117978
15 0.779805 0.375000 0.055961 0.103933
28 0.773114 0.497191 0.042579 0.101124
12 0.782847 0.639045 0.062044 0.143258
14 0.844891 0.091292 0.062044 0.143258
3 0.844891 0.282303 0.062044 0.143258
4 0.844891 0.464888 0.062044 0.143258
11 0.844891 0.740169 0.062044 0.143258
33 0.836375 0.915730 0.045012 0.106742
35 0.899027 0.351124 0.046229 0.089888
23 0.899027 0.473315 0.046229 0.098315
17 0.902068 0.609551 0.052311 0.101124
34 0.895985 0.726124 0.040146 0.103933
18 0.962895 0.087079 0.049878 0.106742
8 0.968978 0.554775 0.062044 0.143258
6 0.968978 0.731742 0.062044 0.143258
24 0.957421 0.872191 0.038929 0.092697