15 0.029374 0.077027 0.058748 0.100000
16 0.022350 0.286486 0.044700 0.086486
25 0.127714 0.402703 0.255428 0.081081
27 0.020434 0.513514 0.040868 0.086486
30 0.026820 0.664865 0.053640 0.113514
13 0.287995 0.109459 0.065134 0.137838
3 0.287995 0.266216 0.065134 0.137838
10 0.287995 0.433784 0.065134 0.137838
34 0.276501 0.733784 0.042146 0.100000
18 0.346743 0.070270 0.052363 0.102703
0 0.353129 0.390541 0.065134 0.137838
31 0.362069 0.539189 0.083014 0.072973
32 0.405492 0.633784 0.169860 0.072973
29 0.343550 0.759459 0.045977 0.108108
1 0.522989 0.250000 0.065134 0.137838
23 0.514687 0.398649 0.048531 0.094595
2 0.522989 0.714865 0.065134 0.137838
14 0.588123 0.104054 0.065134 0.137838
11 0.588123 0.274324 0.065134 0.137838
19 0.581737 0.581081 0.052363 0.086486
24 0.575990 0.685135 0.040868 0.089189
12 0.588123 0.850000 0.065134 0.137838
26 0.643678 0.079730 0.045977 0.105405
35 0.644955 0.210811 0.048531 0.086486
4 0.653257 0.344595 0.065134 0.137838
20 0.712644 0.085135 0.053640 0.100000
17 0.713282 0.210811 0.054917 0.097297
9 0.718391 0.541892 0.065134 0.137838
21 0.706897 0.689189 0.042146 0.086486
7 0.902299 0.247297 0.065134 0.137838
5 0.902299 0.398649 0.065134 0.137838
28 0.892082 0.537838 0.044700 0.097297
22 0.892082 0.679730 0.044700 0.083784
6 0.967433 0.109459 0.065134 0.137838
33 0.958493 0.432432 0.047254 0.102703
8 0.967433 0.844595 0.065134 0.137838