30 0.018634 0.087209 0.037267 0.122093
32 0.059006 0.315407 0.118012 0.078488
24 0.014197 0.600291 0.028394 0.095930
26 0.015972 0.751453 0.031943 0.113372
14 0.222272 0.088663 0.045253 0.148256
0 0.222272 0.411337 0.045253 0.148256
23 0.216504 0.565407 0.033718 0.101744
12 0.222272 0.719477 0.045253 0.148256
29 0.260870 0.084302 0.031943 0.116279
20 0.263531 0.414244 0.037267 0.107558
1 0.267524 0.588663 0.045253 0.148256
34 0.259539 0.864826 0.029281 0.107558
28 0.305679 0.069767 0.031056 0.104651
4 0.312777 0.408430 0.045253 0.148256
19 0.308341 0.572674 0.036380 0.093023
22 0.305679 0.702035 0.031056 0.090116
9 0.312777 0.867733 0.045253 0.148256
25 0.424135 0.084302 0.177462 0.087209
31 0.364241 0.199128 0.057675 0.078488
18 0.353594 0.325581 0.036380 0.110465
16 0.350932 0.607558 0.031056 0.093023
21 0.350044 0.720930 0.029281 0.093023
13 0.535492 0.382267 0.045253 0.148256
15 0.533274 0.527616 0.040816 0.107558
3 0.535492 0.710756 0.045253 0.148256
33 0.529281 0.892442 0.032831 0.110465
27 0.726708 0.081395 0.028394 0.093023
10 0.735138 0.248547 0.045253 0.148256
5 0.735138 0.422965 0.045253 0.148256
35 0.729370 0.584302 0.033718 0.093023
8 0.735138 0.757267 0.045253 0.148256
6 0.780390 0.088663 0.045253 0.148256
17 0.776841 0.267442 0.038154 0.104651
11 0.780390 0.562500 0.045253 0.148256
2 0.977374 0.103198 0.045253 0.148256
7 0.977374 0.809593 0.045253 0.148256