28 0.014344 0.090652 0.028689 0.101983
1 0.020902 0.236544 0.041803 0.144476
23 0.015574 0.412181 0.031148 0.099150
25 0.081967 0.529745 0.163934 0.084986
10 0.020902 0.684136 0.041803 0.144476
35 0.015574 0.818697 0.031148 0.090652
6 0.184836 0.114731 0.041803 0.144476
19 0.180738 0.495751 0.033607 0.090652
29 0.178689 0.787535 0.029508 0.113314
12 0.369262 0.094901 0.041803 0.144476
13 0.369262 0.259207 0.041803 0.144476
20 0.365574 0.698300 0.034426 0.104816
2 0.551230 0.094901 0.041803 0.144476
17 0.547951 0.447592 0.035246 0.101983
5 0.551230 0.783286 0.041803 0.144476
32 0.584836 0.916431 0.109016 0.076487
8 0.660246 0.089235 0.041803 0.144476
16 0.653689 0.390935 0.028689 0.090652
22 0.653689 0.652975 0.028689 0.087819
0 0.660246 0.805949 0.041803 0.144476
4 0.842213 0.242210 0.041803 0.144476
34 0.834836 0.423513 0.027049 0.104816
7 0.842213 0.604816 0.041803 0.144476
9 0.842213 0.783286 0.041803 0.144476
27 0.876230 0.271955 0.026230 0.090652
26 0.877869 0.395184 0.029508 0.110482
30 0.880328 0.898017 0.034426 0.118980
3 0.925820 0.100567 0.041803 0.144476
31 0.931557 0.239377 0.053279 0.076487
15 0.923770 0.347025 0.037705 0.104816
11 0.925820 0.635977 0.041803 0.144476
18 0.921721 0.804533 0.033607 0.107649
21 0.971721 0.062323 0.027049 0.090652
14 0.979098 0.205382 0.041803 0.144476
33 0.973361 0.376771 0.030328 0.107649
24 0.971311 0.661473 0.026230 0.093484