10 0.026074 0.100829 0.052147 0.140884
21 0.016871 0.256906 0.033742 0.088398
35 0.019427 0.381215 0.038855 0.088398
13 0.026074 0.664365 0.052147 0.140884
24 0.068507 0.258287 0.032720 0.091160
20 0.073620 0.401934 0.042945 0.102210
29 0.070552 0.552486 0.036810 0.110497
4 0.078221 0.714088 0.052147 0.140884
26 0.070552 0.860497 0.036810 0.107735
1 0.130368 0.087017 0.052147 0.140884
8 0.130368 0.252762 0.052147 0.140884
9 0.130368 0.595304 0.052147 0.140884
17 0.126278 0.770718 0.043967 0.099448
5 0.130368 0.904696 0.052147 0.140884
6 0.182515 0.087017 0.052147 0.140884
3 0.182515 0.252762 0.052147 0.140884
33 0.175358 0.403315 0.037832 0.104972
28 0.174335 0.654696 0.035787 0.099448
18 0.177403 0.795580 0.041922 0.104972
2 0.234663 0.095304 0.052147 0.140884
25 0.310838 0.613260 0.204499 0.082873
15 0.462168 0.216851 0.047035 0.102210
16 0.456544 0.337017 0.035787 0.088398
32 0.506646 0.437845 0.135992 0.074586
19 0.459611 0.574586 0.041922 0.088398
31 0.471881 0.680939 0.066462 0.074586
12 0.691718 0.098066 0.052147 0.140884
23 0.685072 0.269337 0.038855 0.096685
27 0.682004 0.417127 0.032720 0.088398
0 0.743865 0.111878 0.052147 0.140884
7 0.743865 0.269337 0.052147 0.140884
14 0.743865 0.446133 0.052147 0.140884
11 0.973926 0.098066 0.052147 0.140884
30 0.969325 0.422652 0.042945 0.116022
34 0.964724 0.551105 0.033742 0.102210
22 0.965746 0.678177 0.035787 0.085635