11 0.021926 0.101050 0.043852 0.133858
27 0.013758 0.671916 0.027515 0.083990
13 0.215391 0.093176 0.043852 0.133858
5 0.215391 0.261155 0.043852 0.133858
8 0.215391 0.426509 0.043852 0.133858
22 0.208512 0.678478 0.030095 0.081365
2 0.406277 0.095801 0.043852 0.133858
28 0.399398 0.427822 0.030095 0.094488
12 0.450129 0.098425 0.043852 0.133858
34 0.442390 0.266404 0.028375 0.097113
31 0.456148 0.363517 0.055890 0.070866
9 0.450129 0.484252 0.043852 0.133858
30 0.446260 0.656168 0.036113 0.110236
26 0.443680 0.791339 0.030954 0.102362
33 0.500000 0.220472 0.031814 0.099738
16 0.499140 0.343832 0.030095 0.083990
29 0.499570 0.490814 0.030954 0.104987
18 0.501720 0.608924 0.035254 0.099738
6 0.549871 0.095801 0.043852 0.133858
1 0.549871 0.250656 0.043852 0.133858
14 0.549871 0.434383 0.043852 0.133858
19 0.545572 0.566929 0.035254 0.083990
0 0.549871 0.707349 0.043852 0.133858
7 0.549871 0.893701 0.043852 0.133858
24 0.585555 0.077428 0.027515 0.086614
3 0.593723 0.300525 0.043852 0.133858
20 0.589854 0.439633 0.036113 0.097113
32 0.628977 0.565617 0.114359 0.070866
35 0.588134 0.664042 0.032674 0.083990
17 0.783749 0.065617 0.036973 0.094488
21 0.779450 0.204724 0.028375 0.083990
23 0.781599 0.518373 0.032674 0.091864
4 0.831040 0.279528 0.043852 0.133858
15 0.828891 0.408136 0.039553 0.097113
10 0.831040 0.667979 0.043852 0.133858
25 0.895099 0.813648 0.171969 0.078740