20 0.028926 0.087838 0.057851 0.100000
34 0.022727 0.220270 0.045455 0.100000
10 0.035124 0.382432 0.070248 0.137838
9 0.035124 0.568919 0.070248 0.137838
21 0.022727 0.894595 0.045455 0.086486
33 0.095730 0.086486 0.050964 0.102703
31 0.115014 0.187838 0.089532 0.072973
15 0.101928 0.306757 0.063361 0.100000
3 0.105372 0.650000 0.070248 0.137838
27 0.181818 0.056757 0.044077 0.086486
12 0.194904 0.206757 0.070248 0.137838
24 0.181818 0.374324 0.044077 0.089189
29 0.184573 0.527027 0.049587 0.108108
7 0.194904 0.677027 0.070248 0.137838
30 0.188705 0.829730 0.057851 0.113514
25 0.367769 0.054054 0.275482 0.081081
14 0.265152 0.193243 0.070248 0.137838
6 0.265152 0.377027 0.070248 0.137838
11 0.265152 0.550000 0.070248 0.137838
35 0.561983 0.067568 0.052342 0.086486
18 0.564050 0.178378 0.056474 0.102703
17 0.565427 0.859459 0.059229 0.097297
28 0.630165 0.081081 0.048209 0.097297
8 0.641185 0.222973 0.070248 0.137838
1 0.641185 0.412162 0.070248 0.137838
4 0.641185 0.744595 0.070248 0.137838
26 0.630854 0.898649 0.049587 0.105405
13 0.711433 0.101351 0.070248 0.137838
2 0.711433 0.428378 0.070248 0.137838
23 0.702479 0.582432 0.052342 0.094595
16 0.700413 0.913514 0.048209 0.086486
0 0.781680 0.106757 0.070248 0.137838
32 0.838154 0.493243 0.183196 0.072973
19 0.957989 0.170270 0.056474 0.086486
5 0.964876 0.320270 0.070248 0.137838
22 0.953857 0.466216 0.048209 0.083784