6 0.019073 0.106838 0.038145 0.145299
23 0.014211 0.246439 0.028422 0.099715
35 0.014211 0.378917 0.028422 0.091168
29 0.013463 0.529915 0.026926 0.113960
2 0.019073 0.707977 0.038145 0.145299
8 0.019073 0.867521 0.038145 0.145299
14 0.057218 0.095442 0.038145 0.145299
0 0.057218 0.257835 0.038145 0.145299
16 0.051234 0.433048 0.026178 0.091168
34 0.050486 0.571225 0.024682 0.105413
20 0.053852 0.693732 0.031414 0.105413
5 0.095363 0.086895 0.038145 0.145299
33 0.090127 0.424501 0.027674 0.108262
11 0.095363 0.776353 0.038145 0.145299
12 0.133508 0.377493 0.038145 0.145299
17 0.130516 0.552707 0.032162 0.102564
10 0.133508 0.699430 0.038145 0.145299
21 0.126776 0.837607 0.024682 0.091168
28 0.295812 0.239316 0.026178 0.102564
31 0.307031 0.371795 0.048616 0.076923
22 0.295812 0.474359 0.026178 0.088319
18 0.298055 0.592593 0.030666 0.108262
19 0.298055 0.717949 0.030666 0.091168
30 0.347046 0.185185 0.031414 0.119658
24 0.343306 0.804843 0.023934 0.094017
9 0.518699 0.351852 0.038145 0.145299
15 0.516829 0.730769 0.034405 0.105413
27 0.677636 0.282051 0.023934 0.091168
4 0.684742 0.417379 0.038145 0.145299
25 0.740464 0.581197 0.149589 0.085470
26 0.679132 0.722222 0.026926 0.111111
3 0.853029 0.089744 0.038145 0.145299
7 0.853029 0.257835 0.038145 0.145299
1 0.853029 0.545584 0.038145 0.145299
13 0.853029 0.747863 0.038145 0.145299
32 0.883695 0.910256 0.099476 0.076923