35 0.026989 0.078591 0.053977 0.086721
6 0.036222 0.529810 0.072443 0.138211
19 0.101562 0.065041 0.058239 0.086721
7 0.108665 0.372629 0.072443 0.138211
8 0.108665 0.714092 0.072443 0.138211
31 0.118608 0.857724 0.092330 0.073171
21 0.188210 0.075881 0.046875 0.086721
12 0.200994 0.228997 0.072443 0.138211
2 0.200994 0.415989 0.072443 0.138211
23 0.191761 0.586721 0.053977 0.094851
13 0.200994 0.825203 0.072443 0.138211
3 0.273438 0.082656 0.072443 0.138211
11 0.273438 0.264228 0.072443 0.138211
32 0.331676 0.570461 0.188920 0.073171
33 0.263494 0.699187 0.052557 0.102981
28 0.450994 0.073171 0.049716 0.097561
34 0.449574 0.210027 0.046875 0.100271
20 0.455966 0.323848 0.059659 0.100271
1 0.462358 0.472900 0.072443 0.138211
10 0.534801 0.085366 0.072443 0.138211
24 0.521307 0.237127 0.045455 0.089431
25 0.640625 0.349593 0.284091 0.081301
22 0.523438 0.448509 0.049716 0.084011
4 0.534801 0.575881 0.072443 0.138211
15 0.531250 0.738482 0.065341 0.100271
29 0.808239 0.208672 0.051136 0.108401
5 0.818892 0.681572 0.072443 0.138211
18 0.884233 0.092141 0.058239 0.102981
9 0.891335 0.258808 0.072443 0.138211
30 0.884943 0.406504 0.059659 0.113821
14 0.891335 0.573171 0.072443 0.138211
17 0.885653 0.704607 0.061080 0.097561
26 0.953125 0.088076 0.051136 0.105691
16 0.952415 0.365854 0.049716 0.086721
27 0.950284 0.482385 0.045455 0.086721
0 0.963778 0.611111 0.072443 0.138211