27 0.014898 0.256410 0.029795 0.091168
21 0.015363 0.404558 0.030726 0.091168
20 0.019553 0.551282 0.039106 0.105413
35 0.017691 0.675214 0.035382 0.091168
1 0.023743 0.850427 0.047486 0.145299
22 0.063780 0.058405 0.032588 0.088319
34 0.062849 0.212251 0.030726 0.105413
0 0.071229 0.377493 0.047486 0.145299
26 0.064246 0.522792 0.033520 0.111111
3 0.071229 0.873219 0.047486 0.145299
31 0.125233 0.052707 0.060521 0.076923
16 0.111266 0.190883 0.032588 0.091168
5 0.118715 0.500000 0.047486 0.145299
25 0.248603 0.185185 0.186220 0.085470
12 0.179236 0.351852 0.047486 0.145299
17 0.175512 0.792023 0.040037 0.102564
29 0.381750 0.091168 0.033520 0.113960
4 0.388734 0.240741 0.047486 0.145299
8 0.388734 0.408832 0.047486 0.145299
19 0.384078 0.552707 0.038175 0.091168
11 0.595438 0.095442 0.047486 0.145299
6 0.595438 0.289174 0.047486 0.145299
24 0.586592 0.662393 0.029795 0.094017
28 0.797486 0.068376 0.032588 0.102564
9 0.804935 0.237892 0.047486 0.145299
14 0.804935 0.599715 0.047486 0.145299
32 0.843110 0.745014 0.123836 0.076923
23 0.922719 0.266382 0.035382 0.099715
7 0.928771 0.585470 0.047486 0.145299
18 0.924115 0.735043 0.038175 0.108262
10 0.928771 0.890313 0.047486 0.145299
30 0.972067 0.088319 0.039106 0.119658
2 0.976257 0.277778 0.047486 0.145299
15 0.973929 0.554131 0.042831 0.105413
33 0.969739 0.680912 0.034451 0.108262
13 0.976257 0.833333 0.047486 0.145299