14 0.026674 0.191761 0.053347 0.144886
1 0.026674 0.390625 0.053347 0.144886
24 0.016736 0.566761 0.033473 0.093750
2 0.026674 0.742898 0.053347 0.144886
22 0.018305 0.887784 0.036611 0.088068
4 0.080021 0.109375 0.053347 0.144886
27 0.070084 0.448864 0.033473 0.090909
33 0.072699 0.582386 0.038703 0.107955
11 0.080021 0.742898 0.053347 0.144886
34 0.123954 0.080966 0.034519 0.105114
35 0.126569 0.204545 0.039749 0.090909
17 0.129184 0.357955 0.044979 0.102273
28 0.125000 0.477273 0.036611 0.102273
16 0.125000 0.630682 0.036611 0.090909
12 0.186715 0.092330 0.053347 0.144886
21 0.177301 0.255682 0.034519 0.090909
29 0.178870 0.400568 0.037657 0.113636
3 0.186715 0.580966 0.053347 0.144886
23 0.179916 0.717330 0.039749 0.099432
13 0.240063 0.098011 0.053347 0.144886
6 0.240063 0.259943 0.053347 0.144886
15 0.237448 0.421875 0.048117 0.105114
19 0.234833 0.721591 0.042887 0.090909
25 0.371339 0.082386 0.209205 0.085227
20 0.288703 0.407670 0.043933 0.105114
30 0.288703 0.562500 0.043933 0.119318
31 0.300732 0.677557 0.067992 0.076705
26 0.285565 0.796875 0.037657 0.110795
32 0.545502 0.080966 0.139121 0.076705
8 0.502615 0.518466 0.053347 0.144886
5 0.737971 0.268466 0.053347 0.144886
0 0.737971 0.546875 0.053347 0.144886
10 0.737971 0.714489 0.053347 0.144886
9 0.973326 0.089489 0.053347 0.144886
7 0.973326 0.274148 0.053347 0.144886
18 0.968096 0.420455 0.042887 0.107955