32 0.053543 0.056011 0.107085 0.073770
6 0.020531 0.206284 0.041063 0.139344
12 0.020531 0.394809 0.041063 0.139344
35 0.015298 0.538251 0.030596 0.087432
5 0.136473 0.099727 0.041063 0.139344
14 0.136473 0.271858 0.041063 0.139344
7 0.136473 0.558743 0.041063 0.139344
30 0.311594 0.095628 0.033816 0.114754
26 0.309179 0.250000 0.028986 0.106557
29 0.309179 0.409836 0.028986 0.109290
19 0.311192 0.521858 0.033011 0.087432
25 0.416264 0.196721 0.161031 0.081967
23 0.351047 0.495902 0.030596 0.095628
31 0.361916 0.607923 0.052335 0.073770
10 0.537440 0.088798 0.041063 0.139344
8 0.537440 0.383880 0.041063 0.139344
2 0.537440 0.539617 0.041063 0.139344
9 0.537440 0.717213 0.041063 0.139344
0 0.537440 0.911202 0.041063 0.139344
20 0.574879 0.069672 0.033816 0.101093
28 0.572061 0.191257 0.028180 0.098361
24 0.570853 0.337432 0.025765 0.090164
21 0.571256 0.666667 0.026570 0.087432
27 0.570853 0.778689 0.025765 0.087432
13 0.619565 0.083333 0.041063 0.139344
22 0.613124 0.564208 0.028180 0.084699
16 0.613124 0.688525 0.028180 0.087432
34 0.612319 0.807377 0.026570 0.101093
33 0.654992 0.071038 0.029791 0.103825
11 0.660628 0.217213 0.041063 0.139344
17 0.657407 0.368852 0.034622 0.098361
18 0.656602 0.669399 0.033011 0.103825
4 0.839372 0.105191 0.041063 0.139344
3 0.839372 0.277322 0.041063 0.139344
15 0.837359 0.515027 0.037037 0.101093
1 0.839372 0.681694 0.041063 0.139344