8 0.028428 0.266582 0.056856 0.130102
32 0.074136 0.577806 0.148272 0.068878
5 0.028428 0.702806 0.056856 0.130102
2 0.028428 0.883929 0.056856 0.130102
25 0.259755 0.227041 0.222965 0.076531
22 0.167781 0.330357 0.039019 0.079082
10 0.176700 0.468112 0.056856 0.130102
4 0.176700 0.644133 0.056856 0.130102
11 0.424192 0.095663 0.056856 0.130102
6 0.424192 0.391582 0.056856 0.130102
29 0.415831 0.528061 0.040134 0.102041
15 0.421405 0.677296 0.051282 0.094388
17 0.667224 0.232143 0.047938 0.091837
0 0.671683 0.360969 0.056856 0.130102
35 0.664437 0.505102 0.042363 0.081633
23 0.664437 0.605867 0.042363 0.089286
21 0.661650 0.739796 0.036789 0.081633
12 0.728540 0.103316 0.056856 0.130102
14 0.728540 0.256378 0.056856 0.130102
13 0.728540 0.409439 0.056856 0.130102
27 0.717949 0.563776 0.035674 0.081633
18 0.779822 0.066327 0.045708 0.096939
16 0.776477 0.176020 0.039019 0.081633
9 0.785396 0.302296 0.056856 0.130102
20 0.780379 0.618622 0.046823 0.094388
24 0.831661 0.057398 0.035674 0.084184
31 0.850056 0.179847 0.072464 0.068878
7 0.842252 0.297194 0.056856 0.130102
19 0.836678 0.454082 0.045708 0.081633
28 0.905797 0.066327 0.039019 0.091837
34 0.904682 0.345663 0.036789 0.094388
3 0.914716 0.483418 0.056856 0.130102
1 0.914716 0.654337 0.056856 0.130102
33 0.963768 0.086735 0.041249 0.096939
30 0.966555 0.224490 0.046823 0.107143
26 0.963211 0.713010 0.040134 0.099490