21 0.016993 0.078591 0.033986 0.086721
23 0.019567 0.380759 0.039135 0.094851
31 0.033471 0.643631 0.066941 0.073171
33 0.019053 0.777778 0.038105 0.102981
20 0.088568 0.242547 0.043254 0.100271
24 0.083419 0.386179 0.032956 0.089431
18 0.088054 0.533875 0.042225 0.102981
4 0.093203 0.686992 0.052523 0.138211
7 0.145726 0.093496 0.052523 0.138211
1 0.145726 0.256098 0.052523 0.138211
17 0.141607 0.425474 0.044284 0.097561
9 0.145726 0.578591 0.052523 0.138211
34 0.136457 0.733062 0.033986 0.100271
3 0.198249 0.207317 0.052523 0.138211
22 0.190010 0.600271 0.036045 0.084011
10 0.198249 0.724932 0.052523 0.138211
8 0.429969 0.107046 0.052523 0.138211
35 0.423275 0.246612 0.039135 0.086721
27 0.420185 0.357724 0.032956 0.086721
32 0.472194 0.451220 0.136972 0.073171
11 0.429969 0.605691 0.052523 0.138211
13 0.429969 0.787263 0.052523 0.138211
28 0.558702 0.089431 0.036045 0.097561
26 0.559217 0.207317 0.037075 0.105691
29 0.559217 0.341463 0.037075 0.108401
2 0.566941 0.489160 0.052523 0.138211
16 0.558702 0.655827 0.036045 0.086721
14 0.619464 0.245257 0.052523 0.138211
5 0.619464 0.421409 0.052523 0.138211
0 0.619464 0.684282 0.052523 0.138211
19 0.762616 0.056911 0.042225 0.086721
12 0.767765 0.402439 0.052523 0.138211
25 0.844490 0.544715 0.205973 0.081301
30 0.969104 0.200542 0.043254 0.113821
15 0.971164 0.489160 0.047374 0.100271
6 0.973738 0.646341 0.052523 0.138211