32 0.083438 0.050129 0.166876 0.069409
34 0.020703 0.168380 0.041405 0.095116
0 0.031995 0.294344 0.063990 0.131105
19 0.025721 0.413882 0.051443 0.082262
8 0.198871 0.268638 0.063990 0.131105
13 0.198871 0.412596 0.063990 0.131105
29 0.189460 0.550129 0.045169 0.102828
20 0.193225 0.674807 0.052698 0.095116
22 0.188833 0.780206 0.043915 0.079692
23 0.254705 0.078406 0.047679 0.089974
31 0.271644 0.170951 0.081556 0.069409
11 0.262861 0.314910 0.063990 0.131105
9 0.262861 0.469152 0.063990 0.131105
1 0.344417 0.096401 0.063990 0.131105
16 0.334379 0.236504 0.043915 0.082262
27 0.332497 0.344473 0.040151 0.082262
25 0.618570 0.071979 0.250941 0.077121
7 0.525094 0.564267 0.063990 0.131105
12 0.525094 0.731362 0.063990 0.131105
26 0.766625 0.083548 0.045169 0.100257
17 0.771016 0.226221 0.053952 0.092545
3 0.776035 0.839332 0.063990 0.131105
2 0.840025 0.240360 0.063990 0.131105
15 0.836888 0.366324 0.057716 0.095116
10 0.840025 0.523136 0.063990 0.131105
18 0.833752 0.742931 0.051443 0.097686
30 0.898369 0.077121 0.052698 0.107969
28 0.893977 0.221080 0.043915 0.092545
4 0.904015 0.366324 0.063990 0.131105
24 0.892095 0.517995 0.040151 0.084833
5 0.904015 0.667095 0.063990 0.131105
21 0.956713 0.074550 0.041405 0.082262
14 0.968005 0.232648 0.063990 0.131105
6 0.968005 0.541131 0.063990 0.131105
35 0.959849 0.665810 0.047679 0.082262
33 0.959222 0.807198 0.046424 0.097686