21 0.016854 0.358757 0.033708 0.090395
20 0.021450 0.481638 0.042901 0.104520
27 0.016343 0.593220 0.032686 0.090395
14 0.173136 0.456215 0.052094 0.144068
13 0.173136 0.637006 0.052094 0.144068
9 0.173136 0.800847 0.052094 0.144068
8 0.225230 0.210452 0.052094 0.144068
4 0.225230 0.391243 0.052094 0.144068
6 0.225230 0.572034 0.052094 0.144068
12 0.225230 0.730226 0.052094 0.144068
7 0.225230 0.891243 0.052094 0.144068
26 0.269663 0.091808 0.036772 0.110169
5 0.277324 0.272599 0.052094 0.144068
18 0.272217 0.440678 0.041879 0.107345
35 0.270684 0.740113 0.038815 0.090395
11 0.277324 0.899718 0.052094 0.144068
10 0.329418 0.097458 0.052094 0.144068
31 0.336568 0.224576 0.066394 0.076271
33 0.322268 0.367232 0.037794 0.107345
0 0.329418 0.507062 0.052094 0.144068
24 0.319714 0.676554 0.032686 0.093220
1 0.395812 0.281073 0.052094 0.144068
28 0.387640 0.449153 0.035751 0.101695
22 0.387640 0.670904 0.035751 0.087571
30 0.443309 0.098870 0.042901 0.118644
16 0.439734 0.344633 0.035751 0.090395
29 0.440245 0.480226 0.036772 0.112994
15 0.445352 0.795198 0.046987 0.104520
2 0.674668 0.086158 0.052094 0.144068
17 0.670582 0.237288 0.043922 0.101695
32 0.716547 0.354520 0.135853 0.076271
34 0.665475 0.761299 0.033708 0.104520
23 0.815117 0.063559 0.038815 0.098870
19 0.816650 0.358757 0.041879 0.090395
25 0.897855 0.672316 0.204290 0.084746
3 0.821757 0.814972 0.052094 0.144068