32 0.076000 0.270308 0.152000 0.075630
9 0.029143 0.421569 0.058286 0.142857
2 0.029143 0.757703 0.058286 0.142857
19 0.023429 0.887955 0.046857 0.089636
3 0.181143 0.088235 0.058286 0.142857
14 0.181143 0.273109 0.058286 0.142857
12 0.181143 0.564426 0.058286 0.142857
22 0.172000 0.704482 0.040000 0.086835
0 0.239429 0.085434 0.058286 0.142857
5 0.239429 0.259104 0.058286 0.142857
11 0.239429 0.418768 0.058286 0.142857
13 0.239429 0.600840 0.058286 0.142857
24 0.228571 0.749300 0.036571 0.092437
18 0.233714 0.873950 0.046857 0.106443
10 0.297714 0.093838 0.058286 0.142857
27 0.286857 0.238095 0.036571 0.089636
25 0.382857 0.378151 0.228571 0.084034
34 0.287429 0.502801 0.037714 0.103641
6 0.297714 0.673669 0.058286 0.142857
28 0.517143 0.089636 0.040000 0.100840
21 0.516000 0.434174 0.037714 0.089636
29 0.517714 0.557423 0.041143 0.112045
15 0.581714 0.077031 0.052571 0.103641
17 0.580000 0.193277 0.049143 0.100840
1 0.584571 0.337535 0.058286 0.142857
20 0.579429 0.673669 0.048000 0.103641
30 0.637714 0.442577 0.048000 0.117647
7 0.642857 0.617647 0.058286 0.142857
23 0.635429 0.754902 0.043429 0.098039
31 0.650857 0.880952 0.074286 0.075630
26 0.708571 0.079832 0.041143 0.109244
8 0.717143 0.261905 0.058286 0.142857
35 0.709714 0.417367 0.043429 0.089636
4 0.717143 0.903361 0.058286 0.142857
33 0.767429 0.198880 0.042286 0.106443
16 0.766286 0.694678 0.040000 0.089636