25 0.080841 0.052770 0.161681 0.079156
9 0.020614 0.288918 0.041229 0.134565
26 0.014551 0.428760 0.029103 0.102902
24 0.194826 0.238786 0.025869 0.087071
19 0.198464 0.601583 0.033145 0.084433
16 0.196039 0.717678 0.028294 0.084433
2 0.381973 0.191293 0.041229 0.134565
31 0.387631 0.320580 0.052546 0.071240
23 0.376718 0.808707 0.030719 0.092348
7 0.563864 0.104222 0.041229 0.134565
5 0.563864 0.259894 0.041229 0.134565
14 0.563864 0.412929 0.041229 0.134565
32 0.713420 0.156992 0.107518 0.071240
29 0.674212 0.258575 0.029103 0.105541
12 0.680275 0.410290 0.041229 0.134565
30 0.676637 0.585752 0.033953 0.110818
21 0.852466 0.071240 0.026677 0.084433
17 0.856508 0.192612 0.034762 0.094987
22 0.853274 0.328496 0.028294 0.081794
35 0.854487 0.443272 0.030719 0.084433
15 0.857720 0.571240 0.037187 0.097625
27 0.852061 0.712401 0.025869 0.084433
18 0.892886 0.071240 0.033145 0.100264
20 0.893290 0.375989 0.033953 0.097625
3 0.896928 0.531662 0.041229 0.134565
10 0.896928 0.703166 0.041229 0.134565
1 0.896928 0.887863 0.041229 0.134565
11 0.938157 0.083113 0.041229 0.134565
34 0.930881 0.244063 0.026677 0.097625
8 0.938157 0.724274 0.041229 0.134565
4 0.938157 0.906332 0.041229 0.134565
13 0.979386 0.098945 0.041229 0.134565
33 0.973727 0.237467 0.029911 0.100264
6 0.979386 0.375989 0.041229 0.134565
0 0.979386 0.534301 0.041229 0.134565
28 0.972918 0.664908 0.028294 0.094987