0 0.022870 0.097222 0.045740 0.128788
15 0.020628 0.238636 0.041256 0.093434
2 0.022870 0.377525 0.045740 0.128788
7 0.022870 0.549242 0.045740 0.128788
3 0.022870 0.723485 0.045740 0.128788
9 0.022870 0.897727 0.045740 0.128788
6 0.068610 0.102273 0.045740 0.128788
35 0.062780 0.244949 0.034081 0.080808
10 0.068610 0.614899 0.045740 0.128788
34 0.259641 0.281566 0.029596 0.093434
28 0.260538 0.409091 0.031390 0.090909
26 0.260987 0.539141 0.032287 0.098485
23 0.261883 0.672980 0.034081 0.088384
27 0.293274 0.242424 0.028700 0.080808
12 0.301794 0.369949 0.045740 0.128788
32 0.338565 0.650253 0.119283 0.068182
13 0.421076 0.200758 0.045740 0.128788
8 0.421076 0.354798 0.045740 0.128788
21 0.413004 0.500000 0.029596 0.080808
16 0.413901 0.593434 0.031390 0.080808
25 0.689686 0.073232 0.179372 0.075758
22 0.615695 0.329545 0.031390 0.078283
18 0.618386 0.441919 0.036771 0.095960
19 0.797758 0.058081 0.036771 0.080808
11 0.802242 0.284091 0.045740 0.128788
31 0.808520 0.420455 0.058296 0.068182
1 0.802242 0.536616 0.045740 0.128788
33 0.795964 0.686869 0.033184 0.095960
17 0.927803 0.080808 0.038565 0.090909
30 0.927354 0.196970 0.037668 0.106061
4 0.931390 0.443182 0.045740 0.128788
20 0.927354 0.587121 0.037668 0.093434
14 0.931390 0.715909 0.045740 0.128788
24 0.968610 0.238636 0.028700 0.083333
5 0.977130 0.369949 0.045740 0.128788
29 0.970404 0.820707 0.032287 0.101010