32 0.076000 0.073643 0.152000 0.069767
13 0.029143 0.202842 0.058286 0.131783
28 0.020000 0.330749 0.040000 0.093023
0 0.029143 0.476744 0.058286 0.131783
9 0.029143 0.634367 0.058286 0.131783
12 0.181143 0.086563 0.058286 0.131783
20 0.176000 0.215762 0.048000 0.095607
5 0.181143 0.528424 0.058286 0.131783
26 0.172571 0.841085 0.041143 0.100775
2 0.239429 0.104651 0.058286 0.131783
25 0.324571 0.718346 0.228571 0.077519
1 0.239429 0.846253 0.058286 0.131783
16 0.458857 0.074935 0.040000 0.082687
8 0.468000 0.337209 0.058286 0.131783
27 0.457143 0.666667 0.036571 0.082687
22 0.517143 0.068475 0.040000 0.080103
29 0.517714 0.206718 0.041143 0.103359
33 0.518286 0.335917 0.042286 0.098191
14 0.526286 0.748062 0.058286 0.131783
11 0.584571 0.094315 0.058286 0.131783
15 0.581714 0.254522 0.052571 0.095607
10 0.584571 0.383721 0.058286 0.131783
3 0.584571 0.564599 0.058286 0.131783
4 0.584571 0.732558 0.058286 0.131783
21 0.632571 0.077519 0.037714 0.082687
30 0.637714 0.188630 0.048000 0.108527
23 0.635429 0.332041 0.043429 0.090439
6 0.642857 0.629199 0.058286 0.131783
24 0.690286 0.078811 0.036571 0.085271
7 0.701143 0.218346 0.058286 0.131783
17 0.696571 0.369509 0.049143 0.093023
35 0.693714 0.503876 0.043429 0.082687
18 0.949143 0.074935 0.046857 0.098191
34 0.944571 0.282946 0.037714 0.095607
19 0.949143 0.421189 0.046857 0.082687
31 0.962857 0.549096 0.074286 0.069767