35 0.019567 0.186992 0.039135 0.086721
8 0.026262 0.478320 0.052523 0.138211
4 0.026262 0.654472 0.052523 0.138211
7 0.026262 0.841463 0.052523 0.138211
18 0.073635 0.089431 0.042225 0.102981
32 0.121009 0.199187 0.136972 0.073171
14 0.078785 0.345528 0.052523 0.138211
12 0.078785 0.513550 0.052523 0.138211
22 0.070546 0.676152 0.036045 0.084011
27 0.069001 0.802168 0.032956 0.086721
13 0.215757 0.096206 0.052523 0.138211
24 0.205973 0.253388 0.032956 0.089431
1 0.215757 0.508130 0.052523 0.138211
3 0.447477 0.104336 0.052523 0.138211
25 0.524202 0.260163 0.205973 0.081301
15 0.444902 0.594851 0.047374 0.100271
31 0.660659 0.050136 0.066941 0.073171
21 0.644181 0.157182 0.033986 0.086721
16 0.645211 0.281843 0.036045 0.086721
20 0.648816 0.421409 0.043254 0.100271
34 0.644181 0.708672 0.033986 0.100271
0 0.720391 0.437669 0.052523 0.138211
9 0.720391 0.608401 0.052523 0.138211
11 0.720391 0.787263 0.052523 0.138211
30 0.768280 0.276423 0.043254 0.113821
5 0.772915 0.437669 0.052523 0.138211
17 0.768795 0.775068 0.044284 0.097561
28 0.764676 0.913279 0.036045 0.097561
29 0.817714 0.086721 0.037075 0.108401
2 0.825438 0.234417 0.052523 0.138211
23 0.818744 0.527100 0.039135 0.094851
19 0.820288 0.661247 0.042225 0.086721
10 0.825438 0.803523 0.052523 0.138211
6 0.877961 0.253388 0.052523 0.138211
33 0.870752 0.387534 0.038105 0.102981
26 0.870237 0.792683 0.037075 0.105691