18 0.023349 0.093923 0.046697 0.104972
29 0.020501 0.519337 0.041002 0.110497
24 0.076310 0.075967 0.036446 0.091160
7 0.087130 0.230663 0.058087 0.140884
3 0.087130 0.410221 0.058087 0.140884
17 0.082574 0.662983 0.048975 0.099448
8 0.087130 0.810773 0.058087 0.140884
22 0.334282 0.064917 0.039863 0.085635
15 0.340547 0.470994 0.052392 0.102210
0 0.343394 0.609116 0.058087 0.140884
6 0.401481 0.092541 0.058087 0.140884
26 0.392938 0.418508 0.041002 0.107735
27 0.390661 0.569061 0.036446 0.088398
14 0.401481 0.716851 0.058087 0.140884
13 0.401481 0.882597 0.058087 0.140884
35 0.452164 0.069061 0.043280 0.088398
19 0.453872 0.198895 0.046697 0.088398
23 0.452164 0.700276 0.043280 0.096685
25 0.602506 0.074586 0.227790 0.082873
5 0.517654 0.227901 0.058087 0.140884
16 0.508542 0.359116 0.039863 0.088398
33 0.509681 0.480663 0.042141 0.104972
12 0.745444 0.092541 0.058087 0.140884
30 0.740319 0.237569 0.047836 0.116022
21 0.735194 0.477901 0.037585 0.088398
11 0.745444 0.639503 0.058087 0.140884
9 0.745444 0.805249 0.058087 0.140884
10 0.803531 0.100829 0.058087 0.140884
1 0.803531 0.285912 0.058087 0.140884
34 0.793280 0.603591 0.037585 0.102210
32 0.850228 0.733425 0.151481 0.074586
2 0.803531 0.868785 0.058087 0.140884
20 0.949886 0.070442 0.047836 0.102210
31 0.962984 0.205801 0.074032 0.074586
28 0.945900 0.334254 0.039863 0.099448
4 0.955011 0.661602 0.058087 0.140884