10 0.022116 0.096206 0.044232 0.138211
19 0.017780 0.243902 0.035559 0.086721
7 0.022116 0.573171 0.044232 0.138211
14 0.022116 0.760163 0.044232 0.138211
31 0.028187 0.920054 0.056375 0.073171
9 0.078491 0.104336 0.044232 0.138211
2 0.078491 0.272358 0.044232 0.138211
17 0.075022 0.525745 0.037294 0.097561
4 0.078491 0.684282 0.044232 0.138211
0 0.078491 0.849593 0.044232 0.138211
34 0.114918 0.239837 0.028621 0.100271
28 0.115785 0.373984 0.030356 0.097561
24 0.114484 0.521680 0.027754 0.089431
8 0.315265 0.088076 0.044232 0.138211
16 0.308326 0.246612 0.030356 0.086721
33 0.309193 0.487805 0.032090 0.102981
26 0.503903 0.069106 0.031223 0.105691
23 0.504770 0.199187 0.032958 0.094851
3 0.510408 0.340108 0.044232 0.138211
35 0.504770 0.685637 0.032958 0.086721
32 0.590199 0.066396 0.115351 0.073171
27 0.546401 0.165312 0.027754 0.086721
5 0.554640 0.310298 0.044232 0.138211
21 0.546834 0.552846 0.028621 0.086721
29 0.673027 0.086721 0.031223 0.108401
13 0.679532 0.256098 0.044232 0.138211
1 0.679532 0.443089 0.044232 0.138211
11 0.679532 0.613821 0.044232 0.138211
20 0.675629 0.787263 0.036427 0.100271
25 0.744146 0.910569 0.173461 0.081301
6 0.852992 0.107046 0.044232 0.138211
12 0.852992 0.443089 0.044232 0.138211
18 0.892888 0.073171 0.035559 0.102981
30 0.893322 0.308943 0.036427 0.113821
15 0.895056 0.462060 0.039896 0.100271
22 0.890286 0.754743 0.030356 0.084011