18 0.019340 0.066313 0.038679 0.100796
6 0.024057 0.404509 0.048113 0.135279
20 0.019811 0.738727 0.039623 0.098143
3 0.024057 0.881963 0.048113 0.135279
21 0.063679 0.076923 0.031132 0.084881
15 0.069811 0.295756 0.043396 0.098143
30 0.067925 0.437666 0.039623 0.111406
16 0.064623 0.557029 0.033019 0.084881
24 0.275472 0.240053 0.030189 0.087533
14 0.284434 0.385942 0.048113 0.135279
27 0.275472 0.633952 0.030189 0.084881
9 0.420283 0.269231 0.048113 0.135279
19 0.415566 0.432361 0.038679 0.084881
10 0.629717 0.091512 0.048113 0.135279
34 0.621226 0.229443 0.031132 0.098143
32 0.668396 0.348806 0.125472 0.071618
1 0.629717 0.465517 0.048113 0.135279
25 0.700000 0.620690 0.188679 0.079576
29 0.811321 0.074271 0.033962 0.106101
5 0.818396 0.224138 0.048113 0.135279
13 0.818396 0.409814 0.048113 0.135279
4 0.818396 0.563660 0.048113 0.135279
12 0.818396 0.741379 0.048113 0.135279
31 0.825000 0.879310 0.061321 0.071618
28 0.872170 0.079576 0.033019 0.095491
35 0.873585 0.209549 0.035849 0.084881
8 0.879717 0.362069 0.048113 0.135279
7 0.879717 0.706897 0.048113 0.135279
17 0.924057 0.076923 0.040566 0.095491
22 0.920283 0.216180 0.033019 0.082228
11 0.927830 0.903183 0.048113 0.135279
23 0.969811 0.083554 0.035849 0.092838
0 0.975943 0.218833 0.048113 0.135279
2 0.975943 0.529178 0.048113 0.135279
26 0.968868 0.664456 0.033962 0.103448
33 0.969340 0.779841 0.034906 0.100796