9 0.024309 0.088076 0.048618 0.138211
29 0.017159 0.428184 0.034318 0.108401
13 0.024309 0.781843 0.048618 0.138211
4 0.235939 0.104336 0.048618 0.138211
3 0.235939 0.288618 0.048618 0.138211
1 0.235939 0.467480 0.048618 0.138211
27 0.226883 0.910569 0.030505 0.086721
24 0.275500 0.074526 0.030505 0.089431
5 0.284557 0.207317 0.048618 0.138211
15 0.282173 0.369919 0.043851 0.100271
20 0.280267 0.483740 0.040038 0.100271
35 0.278360 0.596206 0.036225 0.086721
7 0.284557 0.727642 0.048618 0.138211
6 0.333174 0.104336 0.048618 0.138211
2 0.333174 0.294038 0.048618 0.138211
32 0.372259 0.453930 0.126787 0.073171
14 0.333174 0.586721 0.048618 0.138211
22 0.452336 0.058266 0.033365 0.084011
16 0.452336 0.162602 0.033365 0.086721
11 0.459962 0.321138 0.048618 0.138211
10 0.459962 0.575881 0.048618 0.138211
19 0.669685 0.075881 0.039085 0.086721
25 0.745472 0.439024 0.190658 0.081301
23 0.668255 0.581301 0.036225 0.094851
12 0.674452 0.714092 0.048618 0.138211
28 0.857483 0.252033 0.033365 0.097561
8 0.865110 0.616531 0.048618 0.138211
0 0.913727 0.109756 0.048618 0.138211
21 0.905148 0.249322 0.031459 0.086721
33 0.907054 0.365854 0.035272 0.102981
26 0.906578 0.508130 0.034318 0.105691
30 0.909438 0.772358 0.040038 0.113821
17 0.958532 0.075881 0.040991 0.097561
34 0.953765 0.348238 0.031459 0.100271
31 0.969018 0.453930 0.061964 0.073171
18 0.957579 0.691057 0.039085 0.102981