4 0.017394 0.087989 0.034789 0.142458
25 0.068213 0.251397 0.136426 0.083799
17 0.014666 0.368715 0.029332 0.100559
21 0.011255 0.491620 0.022510 0.089385
1 0.017394 0.641061 0.034789 0.142458
14 0.017394 0.822626 0.034789 0.142458
19 0.150409 0.086592 0.027967 0.089385
8 0.153820 0.219274 0.034789 0.142458
33 0.149045 0.388268 0.025239 0.106145
23 0.149386 0.537709 0.025921 0.097765
10 0.153820 0.752793 0.034789 0.142458
29 0.302183 0.265363 0.024557 0.111732
24 0.300819 0.386872 0.021828 0.092179
18 0.303888 0.513966 0.027967 0.106145
6 0.307299 0.677374 0.034789 0.142458
28 0.301842 0.832402 0.023874 0.100559
26 0.336971 0.074022 0.024557 0.108939
9 0.342087 0.250000 0.034789 0.142458
5 0.342087 0.610335 0.034789 0.142458
15 0.491814 0.185754 0.031378 0.103352
34 0.487381 0.339385 0.022510 0.103352
16 0.488063 0.575419 0.023874 0.089385
3 0.493520 0.744413 0.034789 0.142458
13 0.644952 0.286313 0.034789 0.142458
27 0.638472 0.569832 0.021828 0.089385
32 0.824352 0.074022 0.090723 0.075419
7 0.796385 0.398045 0.034789 0.142458
31 0.801160 0.546089 0.044338 0.075419
30 0.793315 0.673184 0.028649 0.117318
11 0.947817 0.110335 0.034789 0.142458
0 0.947817 0.300279 0.034789 0.142458
35 0.943383 0.558659 0.025921 0.089385
22 0.942360 0.680168 0.023874 0.086592
12 0.982606 0.096369 0.034789 0.142458
2 0.982606 0.453911 0.034789 0.142458
20 0.979536 0.917598 0.028649 0.103352