2 0.027869 0.092798 0.055738 0.141274
26 0.019672 0.247922 0.039344 0.108033
19 0.022404 0.598338 0.044809 0.088643
6 0.185246 0.250693 0.055738 0.141274
1 0.185246 0.422438 0.055738 0.141274
18 0.179781 0.565097 0.044809 0.105263
14 0.185246 0.727147 0.055738 0.141274
23 0.178142 0.896122 0.041530 0.096953
27 0.230601 0.060942 0.034973 0.088643
17 0.236612 0.171745 0.046995 0.099723
35 0.233880 0.282548 0.041530 0.088643
34 0.231148 0.552632 0.036066 0.102493
7 0.296721 0.092798 0.055738 0.141274
21 0.286885 0.224377 0.036066 0.088643
25 0.378142 0.346260 0.218579 0.083102
3 0.542623 0.087258 0.055738 0.141274
20 0.537705 0.247922 0.045902 0.102493
15 0.539891 0.391967 0.050273 0.102493
8 0.542623 0.549861 0.055738 0.141274
0 0.542623 0.746537 0.055738 0.141274
33 0.534973 0.914127 0.040437 0.105263
28 0.589617 0.166205 0.038251 0.099723
10 0.598361 0.303324 0.055738 0.141274
5 0.598361 0.483380 0.055738 0.141274
13 0.654098 0.087258 0.055738 0.141274
16 0.645355 0.249307 0.038251 0.088643
32 0.698907 0.552632 0.145355 0.074792
24 0.643716 0.649584 0.034973 0.091413
29 0.791257 0.177285 0.039344 0.110803
9 0.799454 0.538781 0.055738 0.141274
22 0.948087 0.084488 0.038251 0.085873
11 0.956831 0.225762 0.055738 0.141274
30 0.951913 0.371191 0.045902 0.116343
4 0.956831 0.555402 0.055738 0.141274
31 0.964481 0.713296 0.071038 0.074792
12 0.956831 0.876731 0.055738 0.141274