8 0.024286 0.279944 0.048571 0.142061
28 0.016667 0.426184 0.033333 0.100279
13 0.024286 0.603064 0.048571 0.142061
6 0.024286 0.792479 0.048571 0.142061
23 0.018095 0.928969 0.036190 0.097493
15 0.070476 0.087744 0.043810 0.103064
17 0.069048 0.381616 0.040952 0.100279
3 0.072857 0.550139 0.048571 0.142061
21 0.064286 0.693593 0.031429 0.089136
12 0.121429 0.182451 0.048571 0.142061
1 0.121429 0.349582 0.048571 0.142061
2 0.121429 0.522284 0.048571 0.142061
20 0.117143 0.675487 0.040000 0.103064
0 0.335714 0.104457 0.048571 0.142061
18 0.330952 0.247911 0.039048 0.105850
4 0.335714 0.580780 0.048571 0.142061
34 0.327143 0.720056 0.031429 0.103064
10 0.384286 0.190808 0.048571 0.142061
9 0.384286 0.363510 0.048571 0.142061
31 0.390952 0.525070 0.061905 0.075209
32 0.423333 0.803621 0.126667 0.075209
11 0.510952 0.447075 0.048571 0.142061
22 0.503333 0.575209 0.033333 0.086351
30 0.506667 0.718663 0.040000 0.116992
7 0.648095 0.084958 0.048571 0.142061
24 0.639048 0.243733 0.030476 0.091922
25 0.719048 0.350975 0.190476 0.083565
16 0.640476 0.484680 0.033333 0.089136
27 0.639048 0.593315 0.030476 0.089136
5 0.648095 0.739554 0.048571 0.142061
14 0.838571 0.096100 0.048571 0.142061
26 0.831429 0.254875 0.034286 0.108635
35 0.832381 0.367688 0.036190 0.089136
19 0.882381 0.342618 0.039048 0.089136
33 0.880476 0.473538 0.035238 0.105850
29 0.880000 0.610028 0.034286 0.111421