25 0.088652 0.571429 0.177305 0.082418
3 0.022606 0.883242 0.045213 0.140110
9 0.199911 0.094780 0.045213 0.140110
16 0.192819 0.244505 0.031028 0.087912
32 0.236259 0.344780 0.117908 0.074176
17 0.314273 0.071429 0.038121 0.098901
21 0.309840 0.219780 0.029255 0.087912
28 0.310727 0.343407 0.031028 0.098901
10 0.317819 0.482143 0.045213 0.140110
19 0.313387 0.648352 0.036348 0.087912
24 0.354610 0.465659 0.028369 0.090659
26 0.356383 0.619505 0.031915 0.107143
33 0.356826 0.766484 0.032801 0.104396
30 0.359043 0.917582 0.037234 0.115385
0 0.408245 0.094780 0.045213 0.140110
15 0.406028 0.251374 0.040780 0.101648
7 0.408245 0.559066 0.045213 0.140110
8 0.408245 0.723901 0.045213 0.140110
20 0.404255 0.861264 0.037234 0.101648
35 0.447695 0.076923 0.033688 0.087912
14 0.453457 0.479396 0.045213 0.140110
6 0.453457 0.633242 0.045213 0.140110
11 0.453457 0.828297 0.045213 0.140110
4 0.581117 0.100275 0.045213 0.140110
29 0.574468 0.241758 0.031915 0.109890
13 0.581117 0.383242 0.045213 0.140110
12 0.581117 0.660714 0.045213 0.140110
18 0.776152 0.074176 0.036348 0.104396
2 0.780585 0.523352 0.045213 0.140110
31 0.786791 0.679945 0.057624 0.074176
34 0.772606 0.809066 0.029255 0.101648
27 0.968972 0.063187 0.028369 0.087912
1 0.977394 0.199176 0.045213 0.140110
23 0.971631 0.358516 0.033688 0.096154
5 0.977394 0.526099 0.045213 0.140110
22 0.970301 0.657967 0.031028 0.085165