25 0.103093 0.077922 0.206186 0.077922
20 0.021649 0.325974 0.043299 0.096104
5 0.026289 0.484416 0.052577 0.132468
16 0.018041 0.612987 0.036082 0.083117
8 0.232474 0.079221 0.052577 0.132468
32 0.274742 0.203896 0.137113 0.070130
21 0.223196 0.316883 0.034021 0.083117
35 0.225773 0.509091 0.039175 0.083117
7 0.464433 0.266234 0.052577 0.132468
23 0.457732 0.411688 0.039175 0.090909
33 0.457216 0.542857 0.038144 0.098701
34 0.455155 0.653247 0.034021 0.096104
31 0.471649 0.775325 0.067010 0.070130
4 0.531443 0.084416 0.052577 0.132468
6 0.531443 0.268831 0.052577 0.132468
10 0.531443 0.448052 0.052577 0.132468
18 0.526289 0.836364 0.042268 0.098701
27 0.753608 0.075325 0.032990 0.083117
29 0.755670 0.220779 0.037113 0.103896
3 0.763402 0.383117 0.052577 0.132468
13 0.763402 0.700000 0.052577 0.132468
12 0.763402 0.881818 0.052577 0.132468
2 0.815979 0.354545 0.052577 0.132468
28 0.807732 0.506494 0.036082 0.093506
30 0.811340 0.644156 0.043299 0.109091
22 0.860309 0.074026 0.036082 0.080519
15 0.865979 0.549351 0.047423 0.096104
9 0.921134 0.089610 0.052577 0.132468
19 0.915979 0.381818 0.042268 0.083117
26 0.913402 0.502597 0.037113 0.101299
14 0.921134 0.762338 0.052577 0.132468
17 0.969588 0.075325 0.044330 0.093506
11 0.973711 0.232468 0.052577 0.132468
1 0.973711 0.525974 0.052577 0.132468
24 0.963918 0.679221 0.032990 0.085714
0 0.973711 0.824675 0.052577 0.132468