18 0.018369 0.081794 0.036738 0.100264
22 0.015681 0.209763 0.031362 0.081794
23 0.017025 0.336412 0.034050 0.092348
25 0.089606 0.437995 0.179211 0.079156
13 0.022849 0.565963 0.045699 0.134565
16 0.015681 0.693931 0.031362 0.084433
4 0.202061 0.558047 0.045699 0.134565
24 0.193548 0.689974 0.028674 0.087071
10 0.202061 0.827177 0.045699 0.134565
2 0.400986 0.088391 0.045699 0.134565
1 0.400986 0.444591 0.045699 0.134565
5 0.400986 0.626649 0.045699 0.134565
17 0.397401 0.931398 0.038530 0.094987
33 0.440412 0.237467 0.033154 0.100264
7 0.446685 0.515831 0.045699 0.134565
8 0.446685 0.679420 0.045699 0.134565
12 0.492384 0.106860 0.045699 0.134565
11 0.492384 0.259894 0.045699 0.134565
9 0.492384 0.423483 0.045699 0.134565
15 0.490143 0.581794 0.041219 0.097625
14 0.621416 0.096306 0.045699 0.134565
28 0.614247 0.224274 0.031362 0.094987
21 0.613351 0.353562 0.029570 0.084433
31 0.627688 0.455145 0.058244 0.071240
32 0.658154 0.573879 0.119176 0.071240
29 0.614695 0.715040 0.032258 0.105541
19 0.736111 0.242744 0.036738 0.084433
3 0.740591 0.386544 0.045699 0.134565
6 0.740591 0.544855 0.045699 0.134565
20 0.736559 0.687335 0.037634 0.097625
26 0.779570 0.085752 0.032258 0.102902
0 0.786290 0.534301 0.045699 0.134565
30 0.981183 0.205805 0.037634 0.110818
35 0.979391 0.329815 0.034050 0.084433
27 0.976703 0.445910 0.028674 0.084433
34 0.977151 0.571240 0.029570 0.097625