34 0.015881 0.085014 0.031761 0.106628
7 0.024543 0.364553 0.049086 0.146974
11 0.024543 0.548991 0.049086 0.146974
8 0.024543 0.710375 0.049086 0.146974
13 0.238210 0.096542 0.049086 0.146974
20 0.233879 0.246398 0.040423 0.106628
6 0.238210 0.427954 0.049086 0.146974
1 0.238210 0.912104 0.049086 0.146974
31 0.383542 0.231988 0.062560 0.077810
5 0.376805 0.546110 0.049086 0.146974
32 0.416266 0.672911 0.128008 0.077810
27 0.495669 0.072046 0.030799 0.092219
19 0.500000 0.340058 0.039461 0.092219
23 0.498556 0.451009 0.036574 0.100865
35 0.498556 0.561960 0.036574 0.092219
17 0.500962 0.694524 0.041386 0.103746
10 0.546198 0.206052 0.049086 0.146974
29 0.538980 0.475504 0.034649 0.115274
4 0.546198 0.652738 0.049086 0.146974
14 0.595284 0.229107 0.049086 0.146974
28 0.587584 0.409222 0.033686 0.103746
26 0.588065 0.531700 0.034649 0.112392
16 0.587584 0.688761 0.033686 0.092219
0 0.595284 0.825648 0.049086 0.146974
21 0.635707 0.080692 0.031761 0.092219
22 0.636670 0.211816 0.033686 0.089337
18 0.639557 0.328530 0.039461 0.109510
3 0.644370 0.485591 0.049086 0.146974
12 0.644370 0.658501 0.049086 0.146974
9 0.644370 0.842939 0.049086 0.146974
24 0.684312 0.070605 0.030799 0.095101
25 0.765159 0.184438 0.192493 0.086455
2 0.693455 0.344380 0.049086 0.146974
15 0.691049 0.511527 0.044273 0.106628
33 0.879211 0.345821 0.035611 0.109510
30 0.881617 0.487032 0.040423 0.121037