30 0.018389 0.271955 0.036778 0.118980
21 0.014448 0.413598 0.028897 0.090652
9 0.022329 0.582153 0.044658 0.144476
25 0.087566 0.937677 0.175131 0.084986
35 0.191769 0.186969 0.033275 0.090652
6 0.197461 0.480170 0.044658 0.144476
34 0.189580 0.624646 0.028897 0.104816
29 0.190893 0.750708 0.031524 0.113314
14 0.391856 0.100567 0.044658 0.144476
31 0.397986 0.415014 0.056918 0.076487
19 0.387478 0.524079 0.035902 0.090652
18 0.387478 0.657224 0.035902 0.107649
5 0.448774 0.103399 0.044658 0.144476
2 0.448774 0.270538 0.044658 0.144476
33 0.442644 0.422096 0.032399 0.107649
15 0.446585 0.746459 0.040280 0.104816
20 0.444834 0.873938 0.036778 0.104816
22 0.486427 0.324363 0.030648 0.087819
10 0.619527 0.086402 0.044658 0.144476
23 0.613835 0.250708 0.033275 0.099150
4 0.619527 0.395184 0.044658 0.144476
17 0.616025 0.555241 0.037653 0.101983
12 0.664186 0.103399 0.044658 0.144476
28 0.657180 0.246459 0.030648 0.101983
13 0.664186 0.423513 0.044658 0.144476
26 0.657618 0.573654 0.031524 0.110482
16 0.657180 0.716714 0.030648 0.090652
27 0.655867 0.841360 0.028021 0.090652
0 0.708844 0.100567 0.044658 0.144476
7 0.708844 0.276204 0.044658 0.144476
24 0.700525 0.443343 0.028021 0.093484
8 0.708844 0.596317 0.044658 0.144476
32 0.744746 0.729462 0.116462 0.076487
1 0.708844 0.859773 0.044658 0.144476
11 0.825306 0.109065 0.044658 0.144476
3 0.825306 0.638810 0.044658 0.144476