9 0.024034 0.182667 0.048068 0.136000
3 0.024034 0.372000 0.048068 0.136000
32 0.062677 0.508000 0.125353 0.072000
15 0.021678 0.641333 0.043355 0.098667
8 0.024034 0.785333 0.048068 0.136000
23 0.143261 0.070667 0.035815 0.093333
14 0.149387 0.222667 0.048068 0.136000
22 0.141847 0.369333 0.032988 0.082667
10 0.149387 0.526667 0.048068 0.136000
28 0.141847 0.690667 0.032988 0.096000
5 0.197455 0.089333 0.048068 0.136000
34 0.188973 0.246667 0.031103 0.098667
30 0.241282 0.349333 0.039585 0.112000
25 0.315740 0.458667 0.188501 0.080000
18 0.240811 0.581333 0.038643 0.101333
24 0.425071 0.084000 0.030160 0.088000
2 0.434025 0.406667 0.048068 0.136000
20 0.429783 0.542667 0.039585 0.098667
17 0.430254 0.776000 0.040528 0.096000
1 0.643261 0.086667 0.048068 0.136000
27 0.634307 0.392000 0.030160 0.085333
21 0.634779 0.682667 0.031103 0.085333
12 0.778982 0.084000 0.048068 0.136000
29 0.771913 0.237333 0.033930 0.106667
11 0.778982 0.380000 0.048068 0.136000
0 0.778982 0.548000 0.048068 0.136000
13 0.778982 0.721333 0.048068 0.136000
7 0.827050 0.094667 0.048068 0.136000
4 0.827050 0.273333 0.048068 0.136000
26 0.819981 0.438667 0.033930 0.104000
35 0.820924 0.661333 0.035815 0.085333
19 0.958058 0.082667 0.038643 0.085333
6 0.962771 0.212000 0.048068 0.136000
31 0.969369 0.345333 0.061263 0.072000
16 0.955231 0.589333 0.032988 0.085333
33 0.956173 0.730667 0.034873 0.101333