32 0.061918 0.051105 0.123836 0.074586
35 0.017691 0.176796 0.035382 0.088398
4 0.023743 0.479282 0.047486 0.140884
1 0.023743 0.653315 0.047486 0.140884
34 0.015363 0.824586 0.030726 0.102210
18 0.142924 0.069061 0.038175 0.104972
33 0.141061 0.220994 0.034451 0.104972
8 0.147579 0.752762 0.047486 0.140884
16 0.140130 0.900552 0.032588 0.088398
17 0.191341 0.069061 0.040037 0.099448
29 0.188082 0.196133 0.033520 0.110497
13 0.195065 0.556630 0.047486 0.140884
2 0.195065 0.730663 0.047486 0.140884
15 0.402235 0.064917 0.042831 0.102210
12 0.404562 0.377072 0.047486 0.140884
10 0.404562 0.534530 0.047486 0.140884
26 0.397579 0.675414 0.033520 0.107735
14 0.452048 0.100829 0.047486 0.140884
5 0.452048 0.294199 0.047486 0.140884
6 0.452048 0.645028 0.047486 0.140884
22 0.444600 0.805249 0.032588 0.085635
21 0.443669 0.917127 0.030726 0.088398
7 0.499534 0.109116 0.047486 0.140884
23 0.493482 0.274862 0.035382 0.096685
31 0.506052 0.377072 0.060521 0.074586
28 0.492086 0.704420 0.032588 0.099448
24 0.551210 0.258287 0.029795 0.091160
20 0.555866 0.501381 0.039106 0.102210
25 0.629423 0.646409 0.186220 0.082873
30 0.765363 0.099448 0.039106 0.116022
9 0.769553 0.241713 0.047486 0.140884
3 0.769553 0.424033 0.047486 0.140884
11 0.769553 0.799724 0.047486 0.140884
27 0.808194 0.074586 0.029795 0.088398
0 0.817039 0.457182 0.047486 0.140884
19 0.812384 0.596685 0.038175 0.088398