26 0.018127 0.083777 0.036254 0.103723
35 0.019134 0.199468 0.038268 0.085106
29 0.018127 0.484043 0.036254 0.106383
20 0.021148 0.605053 0.042296 0.098404
4 0.077039 0.086436 0.051360 0.135638
6 0.077039 0.267287 0.051360 0.135638
27 0.067472 0.390957 0.032226 0.085106
9 0.077039 0.546543 0.051360 0.135638
24 0.067472 0.684840 0.032226 0.087766
2 0.128399 0.269947 0.051360 0.135638
7 0.128399 0.437500 0.051360 0.135638
1 0.128399 0.623670 0.051360 0.135638
11 0.128399 0.881649 0.051360 0.135638
28 0.343907 0.151596 0.035247 0.095745
33 0.344914 0.295213 0.037261 0.101064
0 0.351964 0.450798 0.051360 0.135638
3 0.351964 0.764628 0.051360 0.135638
5 0.496979 0.094415 0.051360 0.135638
25 0.572004 0.231383 0.201410 0.079787
14 0.496979 0.557181 0.051360 0.135638
23 0.490433 0.692819 0.038268 0.093085
10 0.723565 0.083777 0.051360 0.135638
32 0.764854 0.546543 0.133938 0.071809
19 0.718530 0.672872 0.041289 0.085106
12 0.723565 0.809840 0.051360 0.135638
22 0.849446 0.062500 0.035247 0.082447
21 0.848439 0.159574 0.033233 0.085106
8 0.857503 0.469415 0.051360 0.135638
16 0.849446 0.625000 0.035247 0.085106
13 0.908862 0.267287 0.051360 0.135638
15 0.906344 0.400266 0.046324 0.098404
31 0.915911 0.517287 0.065458 0.071809
30 0.969789 0.077128 0.042296 0.111702
34 0.965257 0.206117 0.033233 0.098404
18 0.969285 0.332447 0.041289 0.101064
17 0.970292 0.726064 0.043303 0.095745