27 0.011619 0.207547 0.023239 0.086253
21 0.011983 0.345013 0.023965 0.086253
25 0.072622 0.444744 0.145243 0.080863
19 0.014887 0.582210 0.029775 0.086253
29 0.158315 0.088949 0.026144 0.107817
3 0.163762 0.249326 0.037037 0.137466
34 0.157226 0.402965 0.023965 0.099730
1 0.163762 0.553908 0.037037 0.137466
7 0.163762 0.729111 0.037037 0.137466
28 0.157952 0.876011 0.025418 0.097035
30 0.197531 0.245283 0.030501 0.113208
8 0.200799 0.718329 0.037037 0.137466
32 0.391794 0.071429 0.096587 0.072776
15 0.360203 0.184636 0.033406 0.099730
2 0.362019 0.357143 0.037037 0.137466
24 0.355120 0.483827 0.023239 0.088949
17 0.359114 0.603774 0.031227 0.097035
31 0.367102 0.704852 0.047204 0.072776
16 0.452796 0.061995 0.025418 0.086253
11 0.458606 0.227763 0.037037 0.137466
18 0.454975 0.735849 0.029775 0.102426
23 0.617284 0.082210 0.027596 0.094340
22 0.616195 0.340970 0.025418 0.083558
20 0.618736 0.456873 0.030501 0.099730
5 0.622004 0.629380 0.037037 0.137466
6 0.783224 0.090296 0.037037 0.137466
4 0.783224 0.427224 0.037037 0.137466
33 0.778141 0.568733 0.026870 0.102426
14 0.820261 0.090296 0.037037 0.137466
12 0.820261 0.599730 0.037037 0.137466
9 0.981481 0.090296 0.037037 0.137466
13 0.981481 0.252022 0.037037 0.137466
26 0.976035 0.405660 0.026144 0.105121
0 0.981481 0.551213 0.037037 0.137466
35 0.976761 0.714286 0.027596 0.086253
10 0.981481 0.866577 0.037037 0.137466