18 0.021244 0.075419 0.042487 0.106145
31 0.033679 0.358939 0.067358 0.075419
13 0.026425 0.504190 0.052850 0.142458
26 0.018653 0.682961 0.037306 0.108939
9 0.026425 0.858939 0.052850 0.142458
28 0.248187 0.075419 0.036269 0.100559
12 0.256477 0.222067 0.052850 0.142458
30 0.251813 0.407821 0.043523 0.117318
11 0.256477 0.554469 0.052850 0.142458
10 0.256477 0.733240 0.052850 0.142458
25 0.333679 0.893855 0.207254 0.083799
23 0.456995 0.085196 0.039378 0.097765
4 0.463731 0.261173 0.052850 0.142458
16 0.455440 0.410615 0.036269 0.089385
21 0.454404 0.701117 0.034197 0.089385
15 0.513990 0.439944 0.047668 0.103352
0 0.516580 0.579609 0.052850 0.142458
8 0.516580 0.752793 0.052850 0.142458
35 0.509845 0.885475 0.039378 0.089385
17 0.565285 0.089385 0.044560 0.100559
6 0.569430 0.593575 0.052850 0.142458
33 0.562176 0.759777 0.038342 0.106145
3 0.622280 0.420391 0.052850 0.142458
5 0.622280 0.590782 0.052850 0.142458
14 0.622280 0.755587 0.052850 0.142458
27 0.612435 0.927374 0.033161 0.089385
22 0.666839 0.062849 0.036269 0.086592
24 0.665285 0.358939 0.033161 0.092179
2 0.675130 0.532123 0.052850 0.142458
1 0.675130 0.800279 0.052850 0.142458
32 0.866839 0.445531 0.137824 0.075419
29 0.816580 0.558659 0.037306 0.111732
19 0.968394 0.083799 0.042487 0.089385
7 0.973575 0.395251 0.052850 0.142458
34 0.964249 0.744413 0.034197 0.103352
20 0.968912 0.870112 0.043523 0.103352