31 0.040778 0.050258 0.081556 0.069588
9 0.031995 0.184278 0.063990 0.131443
15 0.028858 0.344072 0.057716 0.095361
30 0.026349 0.641753 0.052698 0.108247
1 0.031995 0.797680 0.063990 0.131443
21 0.102258 0.069588 0.041405 0.082474
18 0.107277 0.448454 0.051443 0.097938
22 0.103513 0.583763 0.043915 0.079897
10 0.294228 0.099227 0.063990 0.131443
11 0.294228 0.259021 0.063990 0.131443
28 0.284191 0.409794 0.043915 0.092784
33 0.285445 0.554124 0.046424 0.097938
29 0.284818 0.682990 0.045169 0.103093
34 0.282936 0.818299 0.041405 0.095361
17 0.353199 0.067010 0.053952 0.092784
7 0.358218 0.194588 0.063990 0.131443
2 0.358218 0.375000 0.063990 0.131443
23 0.350063 0.519330 0.047679 0.090206
35 0.350063 0.618557 0.047679 0.082474
12 0.358218 0.769330 0.063990 0.131443
5 0.422208 0.259021 0.063990 0.131443
19 0.415935 0.412371 0.051443 0.082474
16 0.412171 0.543814 0.043915 0.082474
4 0.422208 0.702320 0.063990 0.131443
32 0.537641 0.354381 0.166876 0.069588
24 0.474279 0.470361 0.040151 0.085052
26 0.643664 0.063144 0.045169 0.100515
0 0.653074 0.385309 0.063990 0.131443
13 0.653074 0.545103 0.063990 0.131443
27 0.641154 0.680412 0.040151 0.082474
14 0.717064 0.078608 0.063990 0.131443
6 0.717064 0.261598 0.063990 0.131443
8 0.717064 0.444588 0.063990 0.131443
20 0.775408 0.166237 0.052698 0.095361
25 0.874529 0.605670 0.250941 0.077320
3 0.781054 0.746134 0.063990 0.131443