33 0.021412 0.252101 0.042824 0.106443
35 0.021991 0.568627 0.043981 0.089636
29 0.020833 0.789916 0.041667 0.112045
10 0.088542 0.508403 0.059028 0.142857
18 0.082755 0.683473 0.047454 0.106443
34 0.338542 0.068627 0.038194 0.103641
5 0.348958 0.233894 0.059028 0.142857
7 0.348958 0.592437 0.059028 0.142857
4 0.407986 0.284314 0.059028 0.142857
15 0.405093 0.838936 0.053241 0.103641
14 0.467014 0.105042 0.059028 0.142857
21 0.456597 0.436975 0.038194 0.089636
6 0.467014 0.592437 0.059028 0.142857
28 0.457755 0.753501 0.040509 0.100840
24 0.456019 0.897759 0.037037 0.092437
1 0.526042 0.205882 0.059028 0.142857
22 0.516782 0.348739 0.040509 0.086835
2 0.526042 0.483193 0.059028 0.142857
0 0.526042 0.648459 0.059028 0.142857
27 0.515046 0.817927 0.037037 0.089636
19 0.579282 0.075630 0.047454 0.089636
8 0.585069 0.222689 0.059028 0.142857
32 0.632523 0.373950 0.153935 0.075630
30 0.579861 0.504202 0.048611 0.117647
13 0.585069 0.659664 0.059028 0.142857
9 0.585069 0.830532 0.059028 0.142857
12 0.739005 0.085434 0.059028 0.142857
25 0.825231 0.224090 0.231481 0.084034
20 0.733796 0.337535 0.048611 0.103641
31 0.747106 0.441176 0.075231 0.075630
11 0.739005 0.592437 0.059028 0.142857
17 0.734375 0.742297 0.049769 0.100840
3 0.970486 0.102241 0.059028 0.142857
23 0.962963 0.236695 0.043981 0.098039
16 0.961227 0.366947 0.040509 0.089636
26 0.961806 0.488796 0.041667 0.109244