5 0.039413 0.086895 0.078825 0.145299
12 0.039413 0.269231 0.078825 0.145299
34 0.025502 0.445869 0.051005 0.105413
14 0.039413 0.767806 0.078825 0.145299
28 0.027048 0.925926 0.054096 0.102564
15 0.114374 0.078348 0.071097 0.105413
1 0.118238 0.443020 0.078825 0.145299
35 0.108192 0.598291 0.058733 0.091168
17 0.112056 0.866097 0.066461 0.102564
20 0.190108 0.075499 0.064915 0.105413
16 0.184699 0.216524 0.054096 0.091168
19 0.189335 0.341880 0.063369 0.091168
13 0.197063 0.656695 0.078825 0.145299
10 0.275889 0.257835 0.078825 0.145299
22 0.263524 0.403134 0.054096 0.088319
2 0.275889 0.858974 0.078825 0.145299
7 0.354714 0.300570 0.078825 0.145299
30 0.347759 0.478632 0.064915 0.119658
18 0.346986 0.618234 0.063369 0.108262
26 0.343122 0.756410 0.055641 0.111111
8 0.433539 0.089744 0.078825 0.145299
27 0.418856 0.264957 0.049459 0.091168
24 0.418856 0.411681 0.049459 0.094017
11 0.433539 0.750712 0.078825 0.145299
33 0.422720 0.908832 0.057187 0.108262
32 0.575734 0.055556 0.205564 0.076923
25 0.627512 0.168091 0.309119 0.085470
23 0.502318 0.297721 0.058733 0.099715
31 0.870943 0.052707 0.100464 0.076923
4 0.860124 0.200855 0.078825 0.145299
0 0.860124 0.713675 0.078825 0.145299
3 0.860124 0.878917 0.078825 0.145299
21 0.946677 0.185185 0.051005 0.091168
6 0.960587 0.349003 0.078825 0.145299
9 0.960587 0.745014 0.078825 0.145299
29 0.948995 0.900285 0.055641 0.113960