30 0.017213 0.094183 0.034426 0.116343
29 0.014754 0.246537 0.029508 0.110803
34 0.013525 0.369806 0.027049 0.102493
4 0.020902 0.530471 0.041803 0.141274
7 0.020902 0.710526 0.041803 0.141274
20 0.017213 0.873961 0.034426 0.102493
1 0.062705 0.101108 0.041803 0.141274
14 0.062705 0.278393 0.041803 0.141274
8 0.062705 0.627424 0.041803 0.141274
24 0.054918 0.774238 0.026230 0.091413
27 0.054918 0.889197 0.026230 0.088643
17 0.101230 0.088643 0.035246 0.099723
26 0.098361 0.566482 0.029508 0.108033
16 0.282377 0.066482 0.028689 0.088643
28 0.282377 0.346260 0.028689 0.099723
10 0.288934 0.674515 0.041803 0.141274
11 0.288934 0.835180 0.041803 0.141274
19 0.326639 0.232687 0.033607 0.088643
23 0.325410 0.361496 0.031148 0.096953
0 0.330738 0.513850 0.041803 0.141274
25 0.391803 0.659280 0.163934 0.083102
18 0.326639 0.806094 0.033607 0.105263
13 0.494672 0.098338 0.041803 0.141274
21 0.487295 0.407202 0.027049 0.088643
9 0.494672 0.563712 0.041803 0.141274
6 0.494672 0.873961 0.041803 0.141274
31 0.682377 0.059557 0.053279 0.074792
15 0.674590 0.283934 0.037705 0.102493
3 0.676639 0.458449 0.041803 0.141274
12 0.676639 0.649584 0.041803 0.141274
32 0.763525 0.073407 0.109016 0.074792
35 0.724590 0.349030 0.031148 0.088643
2 0.838934 0.087258 0.041803 0.141274
22 0.832377 0.358726 0.028689 0.085873
33 0.833197 0.484765 0.030328 0.105263
5 0.838934 0.754848 0.041803 0.141274