18 0.018174 0.085960 0.036348 0.108883
12 0.022606 0.242120 0.045213 0.146132
13 0.022606 0.405444 0.045213 0.146132
1 0.022606 0.580229 0.045213 0.146132
4 0.222074 0.087393 0.045213 0.146132
14 0.222074 0.482808 0.045213 0.146132
2 0.222074 0.843840 0.045213 0.146132
35 0.413121 0.088825 0.033688 0.091691
23 0.413121 0.551576 0.033688 0.100287
21 0.410904 0.704871 0.029255 0.091691
5 0.464096 0.090258 0.045213 0.146132
31 0.470301 0.216332 0.057624 0.077364
15 0.461879 0.325215 0.040780 0.106017
25 0.530142 0.458453 0.177305 0.085960
24 0.455674 0.580229 0.028369 0.094556
8 0.641401 0.104585 0.045213 0.146132
19 0.636968 0.246418 0.036348 0.091691
7 0.641401 0.416905 0.045213 0.146132
10 0.641401 0.614613 0.045213 0.146132
27 0.632979 0.756447 0.028369 0.091691
0 0.686613 0.095989 0.045213 0.146132
11 0.686613 0.273639 0.045213 0.146132
26 0.679965 0.416905 0.031915 0.111748
29 0.679965 0.581662 0.031915 0.114613
34 0.723848 0.075931 0.029255 0.106017
30 0.727837 0.246418 0.037234 0.120344
32 0.768174 0.396848 0.117908 0.077364
6 0.731826 0.522923 0.045213 0.146132
17 0.728280 0.699140 0.038121 0.103152
16 0.724734 0.819484 0.031028 0.091691
22 0.842642 0.061605 0.031028 0.088825
28 0.842642 0.212034 0.031028 0.103152
3 0.977394 0.087393 0.045213 0.146132
9 0.977394 0.270774 0.045213 0.146132
33 0.971188 0.429799 0.032801 0.108883
20 0.973404 0.906877 0.037234 0.106017