27 0.022191 0.066496 0.044383 0.081841
22 0.024272 0.180307 0.048544 0.079284
18 0.028433 0.317136 0.056865 0.097187
10 0.035368 0.446292 0.070735 0.130435
26 0.024965 0.581841 0.049931 0.099744
7 0.035368 0.745524 0.070735 0.130435
14 0.106103 0.093350 0.070735 0.130435
28 0.095007 0.250639 0.048544 0.092072
0 0.106103 0.379795 0.070735 0.130435
6 0.106103 0.546036 0.070735 0.130435
21 0.164355 0.076726 0.045770 0.081841
33 0.167129 0.217391 0.051318 0.097187
34 0.164355 0.328645 0.045770 0.094629
15 0.173370 0.456522 0.063800 0.094629
29 0.166436 0.595908 0.049931 0.102302
17 0.171290 0.721228 0.059639 0.092072
30 0.234397 0.081841 0.058252 0.107417
13 0.240638 0.405371 0.070735 0.130435
4 0.240638 0.563939 0.070735 0.130435
11 0.240638 0.742967 0.070735 0.130435
24 0.227462 0.896419 0.044383 0.084399
35 0.302358 0.074169 0.052705 0.081841
5 0.311373 0.341432 0.070735 0.130435
16 0.300277 0.483376 0.048544 0.081841
32 0.368239 0.737852 0.184466 0.069054
12 0.495839 0.101023 0.070735 0.130435
20 0.489598 0.415601 0.058252 0.094629
3 0.495839 0.551151 0.070735 0.130435
23 0.486824 0.707161 0.052705 0.089514
2 0.566574 0.180307 0.070735 0.130435
19 0.559639 0.427110 0.056865 0.081841
25 0.669903 0.641944 0.277393 0.076726
8 0.874480 0.735294 0.070735 0.130435
1 0.874480 0.916880 0.070735 0.130435
31 0.954924 0.241688 0.090153 0.069054
9 0.945215 0.520460 0.070735 0.130435