26 0.014754 0.345297 0.029508 0.096535
35 0.015574 0.457921 0.031148 0.079208
28 0.014344 0.564356 0.028689 0.089109
30 0.199180 0.074257 0.034426 0.103960
21 0.195492 0.373762 0.027049 0.079208
12 0.202869 0.496287 0.041803 0.126238
14 0.202869 0.657178 0.041803 0.126238
9 0.202869 0.795792 0.041803 0.126238
25 0.305738 0.131188 0.163934 0.074257
34 0.237295 0.231436 0.027049 0.091584
24 0.236885 0.347772 0.026230 0.081683
4 0.244672 0.471535 0.041803 0.126238
15 0.406557 0.159653 0.037705 0.091584
23 0.403279 0.271040 0.031148 0.086634
31 0.414344 0.360149 0.053279 0.066832
20 0.404918 0.558168 0.034426 0.091584
18 0.457787 0.066832 0.033607 0.094059
10 0.461885 0.194307 0.041803 0.126238
13 0.461885 0.350248 0.041803 0.126238
11 0.461885 0.506188 0.041803 0.126238
32 0.537295 0.068069 0.109016 0.066832
17 0.500410 0.183168 0.035246 0.089109
2 0.503689 0.305693 0.041803 0.126238
16 0.497131 0.425743 0.028689 0.079208
1 0.612705 0.082921 0.041803 0.126238
8 0.612705 0.231436 0.041803 0.126238
22 0.606148 0.357673 0.028689 0.076733
19 0.608607 0.465347 0.033607 0.079208
29 0.790984 0.069307 0.029508 0.099010
27 0.789344 0.445545 0.026230 0.079208
33 0.791393 0.576733 0.030328 0.094059
6 0.979098 0.246287 0.041803 0.126238
7 0.979098 0.422030 0.041803 0.126238
3 0.979098 0.587871 0.041803 0.126238
0 0.979098 0.728960 0.041803 0.126238
5 0.979098 0.899752 0.041803 0.126238