20 0.016720 0.077657 0.033439 0.100817
18 0.016322 0.207084 0.032643 0.103542
32 0.052946 0.508174 0.105892 0.073569
25 0.079618 0.629428 0.159236 0.081744
28 0.193073 0.084469 0.027866 0.098093
10 0.199443 0.238420 0.040605 0.138965
2 0.199443 0.404632 0.040605 0.138965
15 0.197452 0.570845 0.036624 0.100817
16 0.233678 0.070845 0.027866 0.087193
9 0.240048 0.238420 0.040605 0.138965
8 0.240048 0.391008 0.040605 0.138965
7 0.240048 0.565395 0.040605 0.138965
35 0.234873 0.724796 0.030255 0.087193
0 0.240048 0.878747 0.040605 0.138965
6 0.280653 0.083106 0.040605 0.138965
33 0.275080 0.324251 0.029459 0.103542
3 0.280653 0.486376 0.040605 0.138965
31 0.465366 0.074932 0.051752 0.073569
12 0.459793 0.622616 0.040605 0.138965
4 0.459793 0.813351 0.040605 0.138965
13 0.511545 0.205722 0.040605 0.138965
23 0.506369 0.371935 0.030255 0.095368
19 0.507564 0.487738 0.032643 0.087193
34 0.504379 0.739782 0.026274 0.100817
5 0.688296 0.391008 0.040605 0.138965
26 0.682325 0.538147 0.028662 0.106267
1 0.688296 0.715259 0.040605 0.138965
27 0.857484 0.076294 0.025478 0.087193
14 0.865048 0.227520 0.040605 0.138965
24 0.857484 0.380109 0.025478 0.089918
17 0.861863 0.528610 0.034236 0.098093
22 0.858678 0.663488 0.027866 0.084469
30 0.861465 0.787466 0.033439 0.114441
21 0.898487 0.076294 0.026274 0.087193
29 0.899682 0.550409 0.028662 0.108992
11 0.905653 0.728883 0.040605 0.138965