25 0.093721 0.152355 0.187441 0.083102
13 0.023899 0.281163 0.047798 0.141274
5 0.023899 0.439058 0.047798 0.141274
10 0.023899 0.596953 0.047798 0.141274
27 0.014995 0.750693 0.029991 0.088643
29 0.227741 0.249307 0.033739 0.110803
32 0.273196 0.508310 0.124649 0.074792
19 0.230084 0.634349 0.038425 0.088643
33 0.352858 0.263158 0.034677 0.105263
7 0.359419 0.411357 0.047798 0.141274
26 0.352390 0.563712 0.033739 0.108033
21 0.350984 0.698061 0.030928 0.088643
9 0.359419 0.865651 0.047798 0.141274
22 0.399719 0.184211 0.032802 0.085873
34 0.398782 0.311634 0.030928 0.102493
18 0.537488 0.088643 0.038425 0.105263
17 0.538425 0.235457 0.040300 0.099723
24 0.533271 0.378116 0.029991 0.091413
16 0.534677 0.628809 0.032802 0.088643
4 0.582474 0.092798 0.047798 0.141274
3 0.582474 0.707756 0.047798 0.141274
14 0.793346 0.184211 0.047798 0.141274
31 0.799906 0.319945 0.060918 0.074792
15 0.791003 0.458449 0.043112 0.102493
11 0.793346 0.632964 0.047798 0.141274
8 0.928304 0.087258 0.047798 0.141274
6 0.928304 0.256233 0.047798 0.141274
35 0.922212 0.407202 0.035614 0.088643
12 0.928304 0.538781 0.047798 0.141274
2 0.928304 0.707756 0.047798 0.141274
0 0.928304 0.873961 0.047798 0.141274
20 0.971884 0.078947 0.039363 0.102493
30 0.971884 0.243767 0.039363 0.116343
28 0.968604 0.398892 0.032802 0.099723
1 0.976101 0.572022 0.047798 0.141274
23 0.970009 0.716066 0.035614 0.096953