21 0.017170 0.066474 0.034339 0.092486
32 0.069199 0.203757 0.138398 0.078035
10 0.260666 0.290462 0.053070 0.147399
8 0.260666 0.481214 0.053070 0.147399
11 0.260666 0.657514 0.053070 0.147399
14 0.260666 0.851156 0.053070 0.147399
17 0.309573 0.069364 0.044745 0.104046
13 0.313736 0.250000 0.053070 0.147399
12 0.313736 0.518786 0.053070 0.147399
25 0.625390 0.069364 0.208117 0.086705
29 0.540062 0.228324 0.037461 0.115607
35 0.541103 0.372832 0.039542 0.092486
26 0.540062 0.492775 0.037461 0.112717
9 0.547867 0.654624 0.053070 0.147399
2 0.755983 0.117052 0.053070 0.147399
5 0.755983 0.322254 0.053070 0.147399
16 0.747659 0.690751 0.036420 0.092486
4 0.809053 0.099711 0.053070 0.147399
15 0.806452 0.252890 0.047867 0.106936
31 0.816337 0.562139 0.067638 0.078035
0 0.809053 0.718208 0.053070 0.147399
6 0.809053 0.882948 0.053070 0.147399
18 0.871488 0.216763 0.042664 0.109827
23 0.869927 0.365607 0.039542 0.101156
33 0.869407 0.500000 0.038502 0.109827
7 0.876691 0.671965 0.053070 0.147399
28 0.868366 0.815029 0.036420 0.104046
22 0.921436 0.070809 0.036420 0.089595
3 0.929761 0.218208 0.053070 0.147399
1 0.929761 0.513006 0.053070 0.147399
20 0.925078 0.802023 0.043704 0.106936
19 0.977627 0.089595 0.042664 0.092486
34 0.973465 0.247110 0.034339 0.106936
27 0.972945 0.404624 0.033299 0.092486
24 0.972945 0.550578 0.033299 0.095376
30 0.978148 0.676301 0.043704 0.121387