30 0.023596 0.087324 0.047191 0.118310
21 0.018539 0.332394 0.037079 0.090141
27 0.017978 0.721127 0.035955 0.090141
1 0.190449 0.105634 0.057303 0.143662
32 0.236517 0.260563 0.149438 0.076056
26 0.182022 0.770423 0.040449 0.109859
29 0.182022 0.918310 0.040449 0.112676
22 0.330899 0.066197 0.039326 0.087324
15 0.337079 0.192958 0.051685 0.104225
5 0.339888 0.373239 0.057303 0.143662
6 0.339888 0.550704 0.057303 0.143662
9 0.339888 0.716901 0.057303 0.143662
17 0.335393 0.870423 0.048315 0.101408
25 0.480899 0.073239 0.224719 0.084507
3 0.397191 0.223944 0.057303 0.143662
33 0.389326 0.377465 0.041573 0.107042
13 0.397191 0.528169 0.057303 0.143662
4 0.397191 0.719718 0.057303 0.143662
7 0.621910 0.111268 0.057303 0.143662
34 0.611798 0.263380 0.037079 0.104225
14 0.621910 0.418310 0.057303 0.143662
19 0.616292 0.585915 0.046067 0.090141
35 0.614607 0.704225 0.042697 0.090141
28 0.670225 0.354930 0.039326 0.101408
11 0.679213 0.530986 0.057303 0.143662
8 0.679213 0.694366 0.057303 0.143662
10 0.841011 0.601408 0.057303 0.143662
24 0.830337 0.742254 0.035955 0.092958
16 0.889326 0.059155 0.039326 0.090141
31 0.906180 0.181690 0.073034 0.076056
2 0.898315 0.508451 0.057303 0.143662
0 0.898315 0.829577 0.057303 0.143662
12 0.971348 0.094366 0.057303 0.143662
23 0.964045 0.426761 0.042697 0.098592
20 0.966292 0.739437 0.047191 0.104225
18 0.965730 0.873239 0.046067 0.107042