10 0.024240 0.091755 0.048479 0.135638
4 0.024240 0.253989 0.048479 0.135638
31 0.030894 0.389628 0.061787 0.071809
2 0.024240 0.703457 0.048479 0.135638
35 0.018061 0.840426 0.036122 0.085106
26 0.078897 0.091755 0.034221 0.103723
15 0.083650 0.230053 0.043726 0.098404
30 0.081749 0.380319 0.039924 0.111702
34 0.077471 0.519947 0.031369 0.098404
8 0.086027 0.679521 0.048479 0.135638
27 0.076996 0.805851 0.030418 0.085106
22 0.126901 0.078457 0.033270 0.082447
32 0.173479 0.171543 0.126426 0.071809
19 0.129753 0.452128 0.038973 0.085106
29 0.127376 0.574468 0.034221 0.106383
13 0.134506 0.735372 0.048479 0.135638
23 0.254753 0.073138 0.036122 0.093085
18 0.256179 0.196809 0.038973 0.101064
7 0.260932 0.341755 0.048479 0.135638
21 0.300856 0.215426 0.031369 0.085106
20 0.305133 0.450798 0.039924 0.098404
5 0.309411 0.605053 0.048479 0.135638
25 0.380228 0.765957 0.190114 0.079787
16 0.491920 0.316489 0.033270 0.085106
17 0.495722 0.585106 0.040875 0.095745
11 0.499525 0.738032 0.048479 0.135638
28 0.540399 0.172872 0.033270 0.095745
14 0.548004 0.336436 0.048479 0.135638
0 0.548004 0.503989 0.048479 0.135638
12 0.548004 0.663564 0.048479 0.135638
9 0.761882 0.107713 0.048479 0.135638
3 0.761882 0.288564 0.048479 0.135638
6 0.761882 0.679521 0.048479 0.135638
24 0.966730 0.065160 0.030418 0.087766
33 0.969106 0.529255 0.035171 0.101064
1 0.975760 0.700798 0.048479 0.135638