35 0.022067 0.079576 0.044135 0.084881
34 0.019164 0.187003 0.038328 0.098143
6 0.029617 0.346154 0.059233 0.135279
27 0.018583 0.496021 0.037166 0.084881
25 0.116144 0.591512 0.232288 0.079576
4 0.261905 0.099469 0.059233 0.135279
17 0.257259 0.265252 0.049942 0.095491
12 0.261905 0.393899 0.059233 0.135279
15 0.318235 0.064987 0.053426 0.098143
8 0.321138 0.208223 0.059233 0.135279
2 0.321138 0.385942 0.059233 0.135279
26 0.312427 0.529178 0.041812 0.103448
19 0.315331 0.676393 0.047619 0.084881
22 0.371080 0.242706 0.040650 0.082228
7 0.380372 0.661804 0.059233 0.135279
21 0.369919 0.801061 0.038328 0.084881
16 0.430314 0.061008 0.040650 0.084881
10 0.439605 0.192308 0.059233 0.135279
5 0.439605 0.380637 0.059233 0.135279
9 0.439605 0.545093 0.059233 0.135279
13 0.439605 0.717507 0.059233 0.135279
28 0.430314 0.883289 0.040650 0.095491
0 0.498839 0.094164 0.059233 0.135279
33 0.490708 0.456233 0.042973 0.100796
31 0.506969 0.574271 0.075494 0.071618
29 0.747967 0.273210 0.041812 0.106101
1 0.756678 0.590186 0.059233 0.135279
20 0.751452 0.921751 0.048780 0.098143
30 0.810685 0.087533 0.048780 0.111406
18 0.810105 0.222812 0.047619 0.100796
14 0.815912 0.354111 0.059233 0.135279
24 0.804878 0.507958 0.037166 0.087533
23 0.808362 0.619363 0.044135 0.092838
11 0.875145 0.269231 0.059233 0.135279
3 0.875145 0.446950 0.059233 0.135279
32 0.922764 0.725464 0.154472 0.071618