33 0.019372 0.205556 0.038743 0.105556
32 0.069634 0.315278 0.139267 0.075000
11 0.026702 0.459722 0.053403 0.141667
19 0.021466 0.727778 0.042932 0.088889
31 0.266492 0.073611 0.068063 0.075000
13 0.259162 0.212500 0.053403 0.141667
16 0.250785 0.358333 0.036649 0.088889
6 0.259162 0.520833 0.053403 0.141667
9 0.259162 0.693056 0.053403 0.141667
15 0.324607 0.090278 0.048168 0.102778
26 0.319372 0.729167 0.037696 0.108333
17 0.376440 0.072222 0.045026 0.100000
3 0.380628 0.231944 0.053403 0.141667
7 0.380628 0.559722 0.053403 0.141667
28 0.372251 0.730556 0.036649 0.100000
1 0.380628 0.895833 0.053403 0.141667
2 0.434031 0.193056 0.053403 0.141667
23 0.427225 0.362500 0.039791 0.097222
0 0.434031 0.523611 0.053403 0.141667
18 0.428796 0.672222 0.042932 0.105556
4 0.434031 0.845833 0.053403 0.141667
8 0.666492 0.290278 0.053403 0.141667
12 0.666492 0.568056 0.053403 0.141667
22 0.658115 0.895833 0.036649 0.086111
27 0.709948 0.252778 0.033508 0.088889
20 0.715183 0.387500 0.043979 0.102778
14 0.719895 0.562500 0.053403 0.141667
24 0.709948 0.851389 0.033508 0.091667
5 0.773298 0.084722 0.053403 0.141667
35 0.766492 0.241667 0.039791 0.088889
29 0.765445 0.372222 0.037696 0.111111
10 0.773298 0.512500 0.053403 0.141667
25 0.851309 0.658333 0.209424 0.083333
34 0.973298 0.068056 0.034555 0.102778
21 0.973298 0.205556 0.034555 0.088889
30 0.978010 0.544444 0.043979 0.116667