21 0.014486 0.078880 0.028973 0.081425
2 0.022388 0.316794 0.044776 0.129771
35 0.016681 0.552163 0.033363 0.081425
19 0.212906 0.236641 0.035996 0.081425
31 0.223442 0.342239 0.057068 0.068702
14 0.217296 0.548346 0.044776 0.129771
22 0.407814 0.166667 0.030729 0.078880
4 0.414838 0.319338 0.044776 0.129771
17 0.411326 0.455471 0.037752 0.091603
8 0.414838 0.617048 0.044776 0.129771
16 0.407814 0.758270 0.030729 0.081425
28 0.534241 0.063613 0.030729 0.091603
13 0.541264 0.362595 0.044776 0.129771
11 0.541264 0.525445 0.044776 0.129771
6 0.541264 0.683206 0.044776 0.129771
5 0.541264 0.838422 0.044776 0.129771
10 0.586040 0.268448 0.044776 0.129771
7 0.586040 0.423664 0.044776 0.129771
30 0.582090 0.913486 0.036874 0.106870
32 0.666813 0.416031 0.116769 0.068702
1 0.630817 0.548346 0.044776 0.129771
26 0.750658 0.069975 0.031607 0.099237
12 0.757243 0.215013 0.044776 0.129771
9 0.757243 0.365140 0.044776 0.129771
3 0.757243 0.545802 0.044776 0.129771
23 0.751536 0.693384 0.033363 0.089059
0 0.802019 0.103053 0.044776 0.129771
33 0.795874 0.259542 0.032485 0.096692
27 0.793679 0.384224 0.028095 0.081425
29 0.795435 0.508906 0.031607 0.101781
24 0.838455 0.067430 0.028095 0.083969
34 0.838894 0.202290 0.028973 0.094148
20 0.842845 0.332061 0.036874 0.094148
25 0.912204 0.442748 0.175593 0.076336
15 0.844601 0.571247 0.040386 0.094148
18 0.842406 0.712468 0.035996 0.096692