3 0.031022 0.513158 0.062044 0.149123
15 0.090024 0.217836 0.055961 0.108187
25 0.183698 0.362573 0.243309 0.087719
17 0.088200 0.476608 0.052311 0.105263
29 0.083942 0.625731 0.043796 0.116959
5 0.093066 0.808480 0.062044 0.149123
12 0.366788 0.211988 0.062044 0.149123
26 0.357664 0.384503 0.043796 0.114035
10 0.366788 0.539474 0.062044 0.149123
33 0.358273 0.695906 0.045012 0.111111
24 0.417275 0.068713 0.038929 0.096491
1 0.428832 0.326023 0.062044 0.149123
31 0.437348 0.492690 0.079075 0.078947
16 0.419100 0.783626 0.042579 0.093567
18 0.501825 0.073099 0.049878 0.111111
9 0.507908 0.252924 0.062044 0.149123
2 0.507908 0.419591 0.062044 0.149123
23 0.500000 0.597953 0.046229 0.102339
8 0.507908 0.752924 0.062044 0.149123
27 0.496350 0.932749 0.038929 0.093567
30 0.564477 0.201754 0.051095 0.122807
20 0.564477 0.536550 0.051095 0.108187
14 0.569951 0.694444 0.062044 0.149123
11 0.745134 0.097953 0.062044 0.149123
35 0.737226 0.248538 0.046229 0.093567
22 0.735401 0.668129 0.042579 0.090643
4 0.745134 0.811404 0.062044 0.149123
13 0.807178 0.089181 0.062044 0.149123
21 0.796229 0.257310 0.040146 0.093567
0 0.807178 0.711988 0.062044 0.149123
28 0.797445 0.871345 0.042579 0.105263
7 0.869221 0.282164 0.062044 0.149123
19 0.863139 0.441520 0.049878 0.093567
6 0.869221 0.592105 0.062044 0.149123
32 0.919100 0.732456 0.161800 0.078947
34 0.858273 0.872807 0.040146 0.108187