3 0.024034 0.323964 0.048068 0.150888
25 0.094251 0.500000 0.188501 0.088757
15 0.021678 0.649408 0.043355 0.109467
8 0.212535 0.107988 0.048068 0.150888
18 0.207823 0.260355 0.038643 0.112426
29 0.205467 0.393491 0.033930 0.118343
13 0.212535 0.575444 0.048068 0.150888
4 0.260603 0.096154 0.048068 0.150888
24 0.251649 0.252959 0.030160 0.097633
34 0.252121 0.377219 0.031103 0.109467
14 0.260603 0.528107 0.048068 0.150888
33 0.254006 0.713018 0.034873 0.112426
23 0.254477 0.835799 0.035815 0.103550
12 0.308671 0.119822 0.048068 0.150888
17 0.304901 0.269231 0.040528 0.106509
1 0.308671 0.652367 0.048068 0.150888
16 0.301131 0.914201 0.032988 0.094675
10 0.517908 0.102071 0.048068 0.150888
31 0.524505 0.235207 0.061263 0.079882
6 0.517908 0.389053 0.048068 0.150888
22 0.510368 0.720414 0.032988 0.091716
21 0.570688 0.076923 0.031103 0.094675
2 0.579171 0.214497 0.048068 0.150888
11 0.579171 0.394970 0.048068 0.150888
19 0.574458 0.535503 0.038643 0.094675
30 0.622997 0.349112 0.039585 0.124260
9 0.627238 0.519231 0.048068 0.150888
0 0.627238 0.726331 0.048068 0.150888
27 0.618285 0.872781 0.030160 0.094675
26 0.755891 0.084320 0.033930 0.115385
35 0.756833 0.227811 0.035815 0.094675
28 0.755419 0.360947 0.032988 0.106509
20 0.758718 0.696746 0.039585 0.109467
32 0.801602 0.806213 0.125353 0.079882
7 0.888313 0.427515 0.048068 0.150888
5 0.888313 0.599112 0.048068 0.150888