6 0.022329 0.214286 0.044658 0.142857
3 0.022329 0.410364 0.044658 0.142857
7 0.022329 0.570028 0.044658 0.142857
32 0.058231 0.813725 0.116462 0.075630
9 0.148424 0.113445 0.044658 0.142857
5 0.148424 0.273109 0.044658 0.142857
35 0.142732 0.431373 0.033275 0.089636
28 0.141419 0.540616 0.030648 0.100840
2 0.148424 0.710084 0.044658 0.142857
20 0.189142 0.091036 0.036778 0.103641
4 0.193082 0.592437 0.044658 0.142857
22 0.186077 0.760504 0.030648 0.086835
29 0.231173 0.072829 0.031524 0.112045
30 0.233800 0.210084 0.036778 0.117647
21 0.229860 0.352941 0.028897 0.089636
24 0.229422 0.670868 0.028021 0.092437
1 0.282399 0.105042 0.044658 0.142857
11 0.282399 0.457983 0.044658 0.142857
25 0.347636 0.607843 0.175131 0.084034
15 0.280210 0.732493 0.040280 0.103641
19 0.278021 0.871148 0.035902 0.089636
27 0.449212 0.064426 0.028021 0.089636
8 0.457531 0.219888 0.044658 0.142857
14 0.457531 0.379552 0.044658 0.142857
10 0.457531 0.558824 0.044658 0.142857
12 0.654553 0.245098 0.044658 0.142857
16 0.647548 0.585434 0.030648 0.089636
0 0.654553 0.715686 0.044658 0.142857
31 0.705342 0.063025 0.056918 0.075630
17 0.695709 0.204482 0.037653 0.100840
23 0.693520 0.435574 0.033275 0.098039
33 0.693082 0.577031 0.032399 0.106443
18 0.694834 0.703081 0.035902 0.106443
34 0.817426 0.362745 0.028897 0.103641
26 0.818739 0.514006 0.031524 0.109244
13 0.825306 0.777311 0.044658 0.142857