33 0.014090 0.088949 0.028180 0.102426
34 0.012567 0.216981 0.025133 0.099730
28 0.013328 0.614555 0.026657 0.097035
2 0.190784 0.101078 0.038842 0.137466
32 0.222011 0.227763 0.101295 0.072776
4 0.190784 0.537736 0.038842 0.137466
18 0.186976 0.698113 0.031226 0.102426
21 0.353008 0.223720 0.025133 0.086253
11 0.359863 0.370620 0.038842 0.137466
25 0.416603 0.684636 0.152323 0.080863
22 0.506093 0.066038 0.026657 0.083558
1 0.512186 0.222372 0.038842 0.137466
24 0.504950 0.567385 0.024372 0.088949
0 0.512186 0.723720 0.038842 0.137466
8 0.512186 0.888140 0.038842 0.137466
19 0.547220 0.067385 0.031226 0.086253
9 0.551028 0.214286 0.038842 0.137466
29 0.545316 0.390836 0.027418 0.107817
20 0.547601 0.548518 0.031988 0.099730
17 0.547982 0.673854 0.032749 0.097035
16 0.583778 0.083558 0.026657 0.086253
15 0.587966 0.198113 0.035034 0.099730
3 0.589871 0.330189 0.038842 0.137466
35 0.584920 0.571429 0.028941 0.086253
13 0.589871 0.723720 0.038842 0.137466
7 0.699543 0.270889 0.038842 0.137466
6 0.699543 0.424528 0.038842 0.137466
23 0.694593 0.594340 0.028941 0.094340
27 0.863671 0.245283 0.024372 0.086253
12 0.870906 0.378706 0.038842 0.137466
26 0.865194 0.516173 0.027418 0.105121
5 0.870906 0.691375 0.038842 0.137466
30 0.906321 0.072776 0.031988 0.113208
31 0.915080 0.219677 0.049505 0.072776
14 0.909749 0.478437 0.038842 0.137466
10 0.909749 0.650943 0.038842 0.137466