29 0.022585 0.088643 0.045169 0.110803
33 0.023212 0.240997 0.046424 0.105263
19 0.025721 0.518006 0.051443 0.088643
26 0.022585 0.796399 0.045169 0.108033
2 0.095985 0.087258 0.063990 0.141274
24 0.084065 0.250693 0.040151 0.091413
32 0.147428 0.375346 0.166876 0.074792
14 0.095985 0.524931 0.063990 0.141274
4 0.095985 0.682825 0.063990 0.141274
15 0.092848 0.846260 0.057716 0.102493
12 0.262861 0.430748 0.063990 0.141274
25 0.356336 0.595568 0.250941 0.083102
7 0.262861 0.743767 0.063990 0.141274
10 0.513802 0.286704 0.063990 0.141274
6 0.513802 0.441828 0.063990 0.141274
0 0.513802 0.621884 0.063990 0.141274
1 0.513802 0.804709 0.063990 0.141274
3 0.577792 0.112188 0.063990 0.141274
30 0.572146 0.653740 0.052698 0.116343
16 0.748432 0.083102 0.043915 0.088643
35 0.750314 0.207756 0.047679 0.088643
13 0.758469 0.344875 0.063990 0.141274
11 0.758469 0.724377 0.063990 0.141274
5 0.758469 0.898892 0.063990 0.141274
34 0.811167 0.228532 0.041405 0.102493
18 0.816186 0.382271 0.051443 0.105263
21 0.811167 0.509695 0.041405 0.088643
8 0.822459 0.668975 0.063990 0.141274
9 0.886449 0.095568 0.063990 0.141274
31 0.895232 0.236842 0.081556 0.074792
20 0.880803 0.372576 0.052698 0.102493
22 0.876412 0.505540 0.043915 0.085873
23 0.959849 0.073407 0.047679 0.096953
17 0.962986 0.188366 0.053952 0.099723
28 0.957967 0.523546 0.043915 0.099723
27 0.956085 0.653740 0.040151 0.088643