4 0.022368 0.097772 0.044737 0.126238
18 0.017982 0.230198 0.035965 0.094059
34 0.014474 0.523515 0.028947 0.091584
0 0.022368 0.674505 0.044737 0.126238
35 0.016667 0.789604 0.033333 0.079208
32 0.103070 0.063119 0.116667 0.066832
31 0.073246 0.300743 0.057018 0.066832
22 0.060088 0.422030 0.030702 0.076733
9 0.067105 0.553218 0.044737 0.126238
17 0.180263 0.076733 0.037719 0.089109
29 0.177193 0.198020 0.031579 0.099010
1 0.183772 0.360149 0.044737 0.126238
8 0.183772 0.516089 0.044737 0.126238
15 0.181579 0.639851 0.040351 0.091584
16 0.221491 0.051980 0.030702 0.079208
7 0.228509 0.201733 0.044737 0.126238
23 0.222807 0.350248 0.033333 0.086634
11 0.228509 0.560644 0.044737 0.126238
20 0.224561 0.719059 0.036842 0.091584
10 0.354825 0.263614 0.044737 0.126238
3 0.354825 0.590347 0.044737 0.126238
26 0.348246 0.751238 0.031579 0.096535
13 0.354825 0.887376 0.044737 0.126238
5 0.399561 0.389851 0.044737 0.126238
25 0.464912 0.509901 0.175439 0.074257
21 0.391667 0.769802 0.028947 0.079208
6 0.575000 0.179455 0.044737 0.126238
12 0.575000 0.471535 0.044737 0.126238
24 0.692982 0.053218 0.028070 0.081683
19 0.696930 0.148515 0.035965 0.079208
28 0.694298 0.269802 0.030702 0.089109
30 0.697368 0.381188 0.036842 0.103960
33 0.821491 0.069307 0.032456 0.094059
27 0.819298 0.193069 0.028070 0.079208
14 0.827632 0.327970 0.044737 0.126238
2 0.827632 0.597772 0.044737 0.126238