31 0.036071 0.057584 0.072142 0.075843
29 0.019978 0.174157 0.039956 0.112360
7 0.028302 0.498596 0.056604 0.143258
30 0.023307 0.668539 0.046615 0.117978
12 0.188124 0.096910 0.056604 0.143258
14 0.188124 0.265449 0.056604 0.143258
27 0.177580 0.438202 0.035516 0.089888
16 0.179245 0.558989 0.038846 0.089888
15 0.185350 0.703652 0.051054 0.103933
35 0.180910 0.825843 0.042175 0.089888
11 0.244728 0.099719 0.056604 0.143258
20 0.239734 0.257022 0.046615 0.103933
25 0.327414 0.488764 0.221976 0.084270
21 0.484462 0.084270 0.036626 0.089888
26 0.486127 0.203652 0.039956 0.109551
8 0.494451 0.459270 0.056604 0.143258
33 0.486681 0.598315 0.041065 0.106742
3 0.494451 0.779494 0.056604 0.143258
2 0.551054 0.195225 0.056604 0.143258
28 0.542175 0.348315 0.038846 0.101124
24 0.540511 0.490169 0.035516 0.092697
18 0.545505 0.643258 0.045505 0.106742
9 0.551054 0.796348 0.056604 0.143258
10 0.710877 0.470506 0.056604 0.143258
5 0.710877 0.771067 0.056604 0.143258
6 0.767481 0.279494 0.056604 0.143258
17 0.763041 0.418539 0.047725 0.101124
22 0.758602 0.535112 0.038846 0.087079
0 0.767481 0.692416 0.056604 0.143258
23 0.816870 0.271067 0.042175 0.098315
34 0.814095 0.582865 0.036626 0.103933
19 0.818535 0.733146 0.045505 0.089888
4 0.880688 0.287921 0.056604 0.143258
13 0.880688 0.596910 0.056604 0.143258
32 0.926193 0.740169 0.147614 0.075843
1 0.880688 0.903090 0.056604 0.143258