10 0.028781 0.091969 0.057562 0.132124
35 0.021445 0.414508 0.042889 0.082902
12 0.028781 0.571244 0.057562 0.132124
0 0.028781 0.718912 0.057562 0.132124
22 0.019752 0.863990 0.039503 0.080311
28 0.077314 0.064767 0.039503 0.093264
21 0.076185 0.194301 0.037246 0.082902
20 0.081264 0.413212 0.047404 0.095855
30 0.081264 0.549223 0.047404 0.108808
11 0.086343 0.721503 0.057562 0.132124
5 0.336907 0.102332 0.057562 0.132124
24 0.326185 0.239637 0.036117 0.085492
23 0.329571 0.353627 0.042889 0.090674
1 0.336907 0.483161 0.057562 0.132124
13 0.394470 0.260363 0.057562 0.132124
26 0.386005 0.915803 0.040632 0.101036
33 0.444131 0.430052 0.041761 0.098446
34 0.441874 0.550518 0.037246 0.095855
27 0.441309 0.668394 0.036117 0.082902
16 0.500564 0.064767 0.039503 0.082902
32 0.555869 0.164508 0.150113 0.069948
7 0.509594 0.560881 0.057562 0.132124
18 0.666479 0.088083 0.046275 0.098446
17 0.667607 0.373057 0.048533 0.093264
31 0.680023 0.503886 0.073363 0.069948
15 0.669300 0.625648 0.051919 0.095855
6 0.672122 0.773316 0.057562 0.132124
14 0.745485 0.226684 0.057562 0.132124
4 0.745485 0.402850 0.057562 0.132124
2 0.745485 0.584197 0.057562 0.132124
25 0.829571 0.722798 0.225734 0.077720
29 0.962754 0.085492 0.040632 0.103627
9 0.971219 0.218912 0.057562 0.132124
3 0.971219 0.374352 0.057562 0.132124
8 0.971219 0.522021 0.057562 0.132124
19 0.965576 0.834197 0.046275 0.082902