018 cutout 2453,16
033 约束 2510,1354
030 平移 2509,1140
023 Reactangular Pattern 2511,1223
031 开始 166,16
006 选择 2511,135
031 开始 56,15
029 实体混合 2509,508
005 开槽 2509,472
000 凸台 2510,254
026 sheet metal parameters 2507,1026
031 开始 261,58
008 倒圆角 2510,639
031 开始 520,58
004 孔 2509,400
031 开始 455,58
031 开始 135,58
034 镜像 2506,1185
010 盒体 2510,749
019 Extrusion 2512,964
019 Extrusion 2206,1451
029 实体混合 2512,519
031 开始 42,54
003 旋转槽 2510,362
032 机械设计 1080,1498
018 cutout 2511,292
002 旋转体 2511,325
031 开始 44,184
031 开始 390,58
