28 0.028131 0.090116 0.056261 0.093023
31 0.055354 0.204942 0.110708 0.066860
5 0.042650 0.364826 0.085299 0.136628
8 0.042650 0.521802 0.085299 0.136628
4 0.042650 0.672965 0.085299 0.136628
21 0.026316 0.825581 0.052632 0.081395
3 0.160617 0.082849 0.085299 0.136628
24 0.143376 0.225291 0.050817 0.084302
25 0.295826 0.340116 0.355717 0.075581
34 0.144283 0.454942 0.052632 0.095930
10 0.160617 0.588663 0.085299 0.136628
15 0.156080 0.757267 0.076225 0.095930
32 0.598004 0.050872 0.234120 0.066860
16 0.509074 0.148256 0.056261 0.081395
12 0.523593 0.303779 0.085299 0.136628
23 0.511797 0.446221 0.061706 0.090116
14 0.523593 0.594477 0.085299 0.136628
7 0.523593 0.751453 0.085299 0.136628
9 0.764973 0.109012 0.085299 0.136628
20 0.756806 0.274709 0.068966 0.095930
30 0.756806 0.409884 0.068966 0.110465
33 0.752269 0.566860 0.059891 0.098837
18 0.755898 0.700581 0.067151 0.098837
26 0.751361 0.818314 0.058076 0.101744
0 0.857532 0.085756 0.085299 0.136628
29 0.843920 0.244186 0.058076 0.104651
6 0.857532 0.405523 0.085299 0.136628
27 0.840290 0.537791 0.050817 0.081395
11 0.857532 0.687500 0.085299 0.136628
13 0.857532 0.879360 0.085299 0.136628
2 0.950091 0.094477 0.085299 0.136628
17 0.942831 0.235465 0.070780 0.093023
19 0.941016 0.357558 0.067151 0.081395
1 0.950091 0.489826 0.085299 0.136628
22 0.935572 0.614826 0.056261 0.078488
35 0.938294 0.729651 0.061706 0.081395