31 0.055354 0.046218 0.110708 0.064426
29 0.029038 0.184874 0.058076 0.100840
9 0.042650 0.334734 0.085299 0.131653
15 0.038113 0.460784 0.076225 0.092437
27 0.025408 0.591036 0.050817 0.078431
7 0.042650 0.710084 0.085299 0.131653
23 0.148820 0.085434 0.061706 0.086835
34 0.144283 0.208683 0.052632 0.092437
32 0.235027 0.301120 0.234120 0.064426
19 0.151543 0.386555 0.067151 0.078431
35 0.148820 0.495798 0.061706 0.078431
28 0.146098 0.635854 0.056261 0.089636
10 0.401996 0.085434 0.085299 0.131653
11 0.401996 0.270308 0.085299 0.131653
0 0.401996 0.443978 0.085299 0.131653
6 0.401996 0.626050 0.085299 0.131653
18 0.392922 0.784314 0.067151 0.095238
20 0.393829 0.911765 0.068966 0.092437
33 0.481851 0.064426 0.059891 0.095238
17 0.487296 0.212885 0.070780 0.089636
26 0.480944 0.320728 0.058076 0.098039
30 0.486388 0.450980 0.068966 0.106443
22 0.480036 0.586835 0.056261 0.075630
1 0.494555 0.710084 0.085299 0.131653
14 0.587114 0.091036 0.085299 0.131653
24 0.569873 0.211485 0.050817 0.081232
21 0.570780 0.316527 0.052632 0.078431
2 0.587114 0.455182 0.085299 0.131653
5 0.587114 0.617647 0.085299 0.131653
8 0.587114 0.768908 0.085299 0.131653
12 0.679673 0.093838 0.085299 0.131653
3 0.679673 0.278711 0.085299 0.131653
4 0.679673 0.457983 0.085299 0.131653
25 0.814882 0.577031 0.355717 0.072829
16 0.665154 0.677871 0.056261 0.078431
13 0.679673 0.802521 0.085299 0.131653