12 0.042650 0.093195 0.085299 0.139053
22 0.028131 0.261834 0.056261 0.079882
16 0.028131 0.366864 0.056261 0.082840
15 0.038113 0.474852 0.076225 0.097633
6 0.042650 0.640533 0.085299 0.139053
30 0.034483 0.810651 0.068966 0.112426
2 0.135209 0.102071 0.085299 0.139053
18 0.126134 0.278107 0.067151 0.100592
13 0.135209 0.436391 0.085299 0.139053
23 0.123412 0.593195 0.061706 0.091716
32 0.209619 0.711538 0.234120 0.068047
4 0.135209 0.847633 0.085299 0.139053
0 0.376588 0.110947 0.085299 0.139053
28 0.362069 0.257396 0.056261 0.094675
7 0.376588 0.409763 0.085299 0.139053
31 0.389292 0.557692 0.110708 0.068047
34 0.360254 0.655325 0.052632 0.097633
35 0.364791 0.789941 0.061706 0.082840
27 0.477314 0.065089 0.050817 0.082840
19 0.485481 0.207101 0.067151 0.082840
33 0.481851 0.343195 0.059891 0.100592
25 0.629764 0.488166 0.355717 0.076923
5 0.494555 0.622781 0.085299 0.139053
3 0.494555 0.809172 0.085299 0.139053
11 0.857532 0.093195 0.085299 0.139053
29 0.843920 0.251479 0.058076 0.106509
9 0.857532 0.412722 0.085299 0.139053
14 0.857532 0.587278 0.085299 0.139053
10 0.857532 0.755917 0.085299 0.139053
21 0.841198 0.914201 0.052632 0.082840
8 0.950091 0.099112 0.085299 0.139053
26 0.936479 0.276627 0.058076 0.103550
24 0.932849 0.389053 0.050817 0.085799
1 0.950091 0.542899 0.085299 0.139053
17 0.942831 0.698225 0.070780 0.094675
20 0.941924 0.809172 0.068966 0.097633