31 0.055354 0.056923 0.110708 0.070769
35 0.030853 0.163077 0.061706 0.086154
8 0.042650 0.306154 0.085299 0.144615
13 0.042650 0.503077 0.085299 0.144615
24 0.025408 0.653846 0.050817 0.089231
23 0.030853 0.764615 0.061706 0.095385
30 0.152450 0.073846 0.068966 0.116923
5 0.160617 0.226154 0.085299 0.144615
6 0.160617 0.389231 0.085299 0.144615
3 0.160617 0.583077 0.085299 0.144615
28 0.146098 0.732308 0.056261 0.098462
7 0.160617 0.906154 0.085299 0.144615
0 0.253176 0.096923 0.085299 0.144615
14 0.253176 0.281538 0.085299 0.144615
29 0.239564 0.458462 0.058076 0.110769
27 0.235935 0.572308 0.050817 0.086154
26 0.239564 0.712308 0.058076 0.107692
2 0.253176 0.853846 0.085299 0.144615
32 0.420145 0.056923 0.234120 0.070769
18 0.336661 0.163077 0.067151 0.104615
15 0.341198 0.303077 0.076225 0.101538
11 0.345735 0.481538 0.085299 0.144615
34 0.329401 0.641538 0.052632 0.101538
22 0.331216 0.758462 0.056261 0.083077
10 0.587114 0.118462 0.085299 0.144615
21 0.570780 0.295385 0.052632 0.086154
1 0.587114 0.450769 0.085299 0.144615
33 0.574410 0.590769 0.059891 0.104615
20 0.578947 0.736923 0.068966 0.101538
25 0.722323 0.849231 0.355717 0.080000
16 0.935572 0.080000 0.056261 0.086154
9 0.950091 0.238462 0.085299 0.144615
19 0.941016 0.369231 0.067151 0.086154
12 0.950091 0.512308 0.085299 0.144615
17 0.942831 0.664615 0.070780 0.098462
4 0.950091 0.820000 0.085299 0.144615