8 0.042650 0.084071 0.085299 0.138643
4 0.042650 0.278761 0.085299 0.138643
16 0.028131 0.410029 0.056261 0.082596
2 0.042650 0.547198 0.085299 0.138643
35 0.030853 0.710914 0.061706 0.082596
31 0.055354 0.827434 0.110708 0.067847
23 0.148820 0.089971 0.061706 0.091445
20 0.152450 0.222714 0.068966 0.097345
29 0.147005 0.368732 0.058076 0.106195
0 0.160617 0.544248 0.085299 0.138643
17 0.153358 0.719764 0.070780 0.094395
14 0.160617 0.883481 0.085299 0.138643
1 0.253176 0.113569 0.085299 0.138643
10 0.253176 0.311209 0.085299 0.138643
34 0.236842 0.455752 0.052632 0.097345
19 0.244102 0.589971 0.067151 0.082596
9 0.253176 0.733038 0.085299 0.138643
33 0.240472 0.896755 0.059891 0.100295
22 0.331216 0.054572 0.056261 0.079646
26 0.332123 0.187316 0.058076 0.103245
5 0.345735 0.343658 0.085299 0.138643
7 0.345735 0.500000 0.085299 0.138643
3 0.345735 0.682891 0.085299 0.138643
11 0.345735 0.874631 0.085299 0.138643
15 0.433757 0.087021 0.076225 0.097345
6 0.438294 0.243363 0.085299 0.138643
32 0.512704 0.384956 0.234120 0.067847
21 0.421960 0.495575 0.052632 0.082596
18 0.429220 0.631268 0.067151 0.100295
30 0.430127 0.793510 0.068966 0.112094
24 0.662432 0.069322 0.050817 0.085546
12 0.679673 0.231563 0.085299 0.138643
25 0.814882 0.392330 0.355717 0.076696
27 0.662432 0.513274 0.050817 0.082596
13 0.679673 0.679941 0.085299 0.138643
28 0.665154 0.820059 0.056261 0.094395