18 0.034451 0.088146 0.068901 0.103343
26 0.029795 0.247720 0.059590 0.106383
10 0.043762 0.433131 0.087523 0.142857
24 0.026071 0.572948 0.052142 0.088146
34 0.027002 0.697568 0.054004 0.100304
22 0.028864 0.828267 0.057728 0.082067
0 0.138734 0.086626 0.087523 0.142857
1 0.138734 0.256839 0.087523 0.142857
25 0.277467 0.416413 0.364991 0.079027
31 0.151769 0.506079 0.113594 0.069909
16 0.123836 0.635258 0.057728 0.085106
14 0.138734 0.770517 0.087523 0.142857
20 0.502793 0.083587 0.070764 0.100304
35 0.499069 0.194529 0.063315 0.085106
17 0.503724 0.303951 0.072626 0.097264
9 0.511173 0.445289 0.087523 0.142857
6 0.511173 0.633739 0.087523 0.142857
8 0.511173 0.825228 0.087523 0.142857
12 0.606145 0.098784 0.087523 0.142857
15 0.601490 0.275076 0.078212 0.100304
7 0.606145 0.439210 0.087523 0.142857
30 0.597765 0.595745 0.070764 0.115502
29 0.592179 0.762918 0.059590 0.109422
3 0.606145 0.913374 0.087523 0.142857
21 0.684358 0.072948 0.054004 0.085106
27 0.683426 0.188450 0.052142 0.085106
4 0.701117 0.329787 0.087523 0.142857
13 0.701117 0.490881 0.087523 0.142857
33 0.688082 0.632219 0.061453 0.103343
11 0.701117 0.773556 0.087523 0.142857
5 0.796089 0.098784 0.087523 0.142857
19 0.786778 0.270517 0.068901 0.085106
28 0.781192 0.413374 0.057728 0.097264
2 0.796089 0.569909 0.087523 0.142857
32 0.872439 0.727964 0.240223 0.069909
23 0.783985 0.870821 0.063315 0.094225