5 0.050107 0.087798 0.100213 0.139881
15 0.044776 0.242560 0.089552 0.098214
13 0.050107 0.418155 0.100213 0.139881
21 0.030917 0.586310 0.061834 0.083333
0 0.050107 0.712798 0.100213 0.139881
7 0.050107 0.903274 0.100213 0.139881
22 0.141791 0.061012 0.066098 0.080357
31 0.173774 0.150298 0.130064 0.068452
10 0.158849 0.302083 0.100213 0.139881
33 0.143923 0.440476 0.070362 0.101190
24 0.138593 0.581845 0.059701 0.086310
1 0.158849 0.739583 0.100213 0.139881
35 0.283582 0.074405 0.072495 0.083333
16 0.280384 0.208333 0.066098 0.083333
8 0.297441 0.361607 0.100213 0.139881
30 0.287846 0.517857 0.081023 0.113095
14 0.297441 0.659226 0.100213 0.139881
6 0.297441 0.816964 0.100213 0.139881
32 0.493603 0.063988 0.275053 0.068452
26 0.390192 0.203869 0.068230 0.104167
27 0.385928 0.342262 0.059701 0.083333
25 0.565032 0.473214 0.417910 0.077381
34 0.386994 0.605655 0.061834 0.098214
18 0.395522 0.741071 0.078891 0.101190
20 0.823028 0.084821 0.081023 0.098214
3 0.832623 0.227679 0.100213 0.139881
9 0.832623 0.418155 0.100213 0.139881
23 0.818763 0.555060 0.072495 0.092262
2 0.832623 0.703869 0.100213 0.139881
28 0.815565 0.872024 0.066098 0.095238
4 0.941365 0.084821 0.100213 0.139881
12 0.941365 0.269345 0.100213 0.139881
11 0.941365 0.427083 0.100213 0.139881
29 0.925373 0.565476 0.068230 0.107143
17 0.932836 0.684524 0.083156 0.095238
19 0.930704 0.791667 0.078891 0.083333