1 0.042650 0.115741 0.085299 0.145062
16 0.028131 0.256173 0.056261 0.086420
9 0.042650 0.418210 0.085299 0.145062
20 0.034483 0.584877 0.068966 0.101852
23 0.030853 0.705247 0.061706 0.095679
6 0.042650 0.875000 0.085299 0.145062
3 0.135209 0.109568 0.085299 0.145062
5 0.135209 0.279321 0.085299 0.145062
22 0.120690 0.421296 0.056261 0.083333
32 0.209619 0.557099 0.234120 0.070988
26 0.121597 0.671296 0.058076 0.108025
30 0.127042 0.808642 0.068966 0.117284
2 0.376588 0.118827 0.085299 0.145062
35 0.364791 0.268519 0.061706 0.086420
7 0.376588 0.427469 0.085299 0.145062
15 0.372051 0.569444 0.076225 0.101852
4 0.376588 0.711420 0.085299 0.145062
28 0.362069 0.854938 0.056261 0.098765
21 0.452813 0.077160 0.052632 0.086420
34 0.452813 0.208333 0.052632 0.101852
8 0.469147 0.387346 0.085299 0.145062
10 0.469147 0.578704 0.085299 0.145062
24 0.451906 0.711420 0.050817 0.089506
11 0.469147 0.847222 0.085299 0.145062
14 0.561706 0.109568 0.085299 0.145062
0 0.561706 0.279321 0.085299 0.145062
29 0.548094 0.453704 0.058076 0.111111
13 0.561706 0.640432 0.085299 0.145062
33 0.549002 0.799383 0.059891 0.104938
25 0.696915 0.913580 0.355717 0.080247
27 0.907441 0.080247 0.050817 0.086420
12 0.924682 0.236111 0.085299 0.145062
17 0.917423 0.410494 0.070780 0.098765
19 0.915608 0.564815 0.067151 0.086420
31 0.937387 0.686728 0.110708 0.070988
18 0.915608 0.833333 0.067151 0.104938