14 0.043762 0.095029 0.087523 0.137427
23 0.031657 0.232456 0.063315 0.090643
32 0.120112 0.358187 0.240223 0.067251
31 0.056797 0.451754 0.113594 0.067251
9 0.043762 0.595029 0.087523 0.137427
29 0.029795 0.736842 0.059590 0.105263
15 0.286778 0.092105 0.078212 0.096491
0 0.291434 0.229532 0.087523 0.137427
27 0.273743 0.380117 0.052142 0.081871
10 0.291434 0.530702 0.087523 0.137427
33 0.278399 0.707602 0.061453 0.099415
5 0.291434 0.872807 0.087523 0.137427
17 0.378957 0.087719 0.072626 0.093567
21 0.369646 0.210526 0.054004 0.081871
11 0.386406 0.372807 0.087523 0.137427
28 0.371508 0.505848 0.057728 0.093567
12 0.386406 0.659357 0.087523 0.137427
24 0.368715 0.808480 0.052142 0.084795
2 0.481378 0.109649 0.087523 0.137427
1 0.481378 0.273392 0.087523 0.137427
25 0.620112 0.438596 0.364991 0.076023
6 0.481378 0.592105 0.087523 0.137427
22 0.466480 0.741228 0.057728 0.078947
7 0.481378 0.899123 0.087523 0.137427
34 0.837058 0.062865 0.054004 0.096491
26 0.839851 0.176901 0.059590 0.102339
19 0.844507 0.321637 0.068901 0.081871
18 0.844507 0.459064 0.068901 0.099415
4 0.853818 0.600877 0.087523 0.137427
35 0.841713 0.769006 0.063315 0.081871
8 0.948790 0.097953 0.087523 0.137427
16 0.933892 0.239766 0.057728 0.081871
13 0.948790 0.404971 0.087523 0.137427
3 0.948790 0.574561 0.087523 0.137427
20 0.940410 0.738304 0.070764 0.096491
30 0.940410 0.880117 0.070764 0.111111