1 0.042650 0.105030 0.085299 0.139053
20 0.034483 0.270710 0.068966 0.097633
23 0.030853 0.392012 0.061706 0.091716
30 0.034483 0.553254 0.068966 0.112426
33 0.029946 0.680473 0.059891 0.100592
27 0.025408 0.828402 0.050817 0.082840
22 0.120690 0.078402 0.056261 0.079882
31 0.147913 0.190828 0.110708 0.068047
12 0.135209 0.326923 0.085299 0.139053
10 0.135209 0.501479 0.085299 0.139053
6 0.135209 0.655325 0.085299 0.139053
24 0.117967 0.788462 0.050817 0.085799
35 0.241379 0.076923 0.061706 0.082840
15 0.248639 0.190828 0.076225 0.097633
7 0.253176 0.356509 0.085299 0.139053
14 0.253176 0.519231 0.085299 0.139053
0 0.253176 0.717456 0.085299 0.139053
28 0.238657 0.893491 0.056261 0.094675
25 0.480944 0.082840 0.355717 0.076923
11 0.345735 0.208580 0.085299 0.139053
18 0.336661 0.387574 0.067151 0.100592
5 0.345735 0.557692 0.085299 0.139053
2 0.345735 0.744083 0.085299 0.139053
16 0.331216 0.899408 0.056261 0.082840
17 0.701452 0.068047 0.070780 0.094675
29 0.695100 0.221893 0.058076 0.106509
4 0.708711 0.397929 0.085299 0.139053
34 0.692377 0.566568 0.052632 0.097633
26 0.695100 0.687870 0.058076 0.103550
32 0.783122 0.832840 0.234120 0.068047
3 0.950091 0.110947 0.085299 0.139053
19 0.941016 0.266272 0.067151 0.082840
21 0.933757 0.363905 0.052632 0.082840
13 0.950091 0.531065 0.085299 0.139053
9 0.950091 0.684911 0.085299 0.139053
8 0.950091 0.865385 0.085299 0.139053