28 0.028131 0.082353 0.056261 0.094118
10 0.042650 0.233824 0.085299 0.138235
12 0.042650 0.398529 0.085299 0.138235
34 0.026316 0.572059 0.052632 0.097059
7 0.042650 0.727941 0.085299 0.138235
22 0.028131 0.892647 0.056261 0.079412
16 0.120690 0.061765 0.056261 0.082353
23 0.123412 0.195588 0.061706 0.091176
35 0.123412 0.341176 0.061706 0.082353
31 0.147913 0.436765 0.110708 0.067647
30 0.127042 0.561765 0.068966 0.111765
4 0.135209 0.713235 0.085299 0.138235
17 0.245917 0.091176 0.070780 0.094118
25 0.388385 0.235294 0.355717 0.076471
6 0.253176 0.372059 0.085299 0.138235
33 0.240472 0.544118 0.059891 0.100000
1 0.253176 0.683824 0.085299 0.138235
13 0.253176 0.872059 0.085299 0.138235
32 0.690563 0.072059 0.234120 0.067647
20 0.607985 0.198529 0.068966 0.097059
15 0.611615 0.351471 0.076225 0.097059
24 0.598911 0.477941 0.050817 0.085294
27 0.598911 0.588235 0.050817 0.082353
5 0.616152 0.751471 0.085299 0.138235
21 0.841198 0.061765 0.052632 0.082353
2 0.857532 0.225000 0.085299 0.138235
0 0.857532 0.407353 0.085299 0.138235
3 0.857532 0.577941 0.085299 0.138235
14 0.857532 0.769118 0.085299 0.138235
18 0.848457 0.908824 0.067151 0.100000
26 0.936479 0.066176 0.058076 0.102941
8 0.950091 0.225000 0.085299 0.138235
11 0.950091 0.377941 0.085299 0.138235
9 0.950091 0.539706 0.085299 0.138235
19 0.941016 0.670588 0.067151 0.082353
29 0.936479 0.797059 0.058076 0.105882