35 0.036247 0.058309 0.072495 0.081633
27 0.029851 0.169096 0.059701 0.081633
2 0.050107 0.301749 0.100213 0.137026
13 0.050107 0.465015 0.100213 0.137026
12 0.050107 0.639942 0.100213 0.137026
1 0.050107 0.797376 0.100213 0.137026
4 0.158849 0.109329 0.100213 0.137026
34 0.139659 0.269679 0.061834 0.096210
30 0.149254 0.422741 0.081023 0.110787
5 0.158849 0.602041 0.100213 0.137026
10 0.158849 0.785714 0.100213 0.137026
21 0.139659 0.909621 0.061834 0.081633
33 0.252665 0.067055 0.070362 0.099125
6 0.267591 0.223032 0.100213 0.137026
0 0.267591 0.409621 0.100213 0.137026
24 0.247335 0.543732 0.059701 0.084548
28 0.250533 0.679300 0.066098 0.093294
3 0.267591 0.835277 0.100213 0.137026
18 0.365672 0.093294 0.078891 0.099125
23 0.362473 0.214286 0.072495 0.090379
31 0.391258 0.316327 0.130064 0.067055
7 0.376333 0.444606 0.100213 0.137026
17 0.367804 0.615160 0.083156 0.093294
11 0.376333 0.774052 0.100213 0.137026
8 0.514925 0.088921 0.100213 0.137026
22 0.497868 0.249271 0.066098 0.078717
19 0.504264 0.361516 0.078891 0.081633
14 0.514925 0.505831 0.100213 0.137026
20 0.505330 0.642857 0.081023 0.096210
29 0.498934 0.760933 0.068230 0.104956
16 0.606610 0.078717 0.066098 0.081633
15 0.618337 0.190962 0.089552 0.096210
26 0.607676 0.322157 0.068230 0.102041
32 0.711087 0.456268 0.275053 0.067055
25 0.782516 0.577259 0.417910 0.075802
9 0.623667 0.736152 0.100213 0.137026