35 0.031657 0.069252 0.063315 0.077562
28 0.028864 0.182825 0.057728 0.088643
1 0.043762 0.308864 0.087523 0.130194
19 0.034451 0.457064 0.068901 0.077562
24 0.026071 0.572022 0.052142 0.080332
33 0.030726 0.673130 0.061453 0.094183
9 0.138734 0.081717 0.087523 0.130194
32 0.215084 0.234072 0.240223 0.063712
17 0.131285 0.351801 0.072626 0.088643
11 0.138734 0.477839 0.087523 0.130194
4 0.138734 0.657895 0.087523 0.130194
6 0.138734 0.810249 0.087523 0.130194
21 0.369646 0.055402 0.054004 0.077562
31 0.399441 0.153740 0.113594 0.063712
34 0.369646 0.264543 0.054004 0.091413
15 0.381750 0.394737 0.078212 0.091413
3 0.386406 0.560942 0.087523 0.130194
25 0.525140 0.711911 0.364991 0.072022
27 0.741155 0.072022 0.052142 0.077562
18 0.749534 0.185596 0.068901 0.094183
22 0.743948 0.295014 0.057728 0.074792
2 0.758845 0.419668 0.087523 0.130194
23 0.746741 0.541551 0.063315 0.085873
0 0.758845 0.693906 0.087523 0.130194
13 0.853818 0.081717 0.087523 0.130194
8 0.853818 0.250693 0.087523 0.130194
7 0.853818 0.400277 0.087523 0.130194
14 0.853818 0.585873 0.087523 0.130194
16 0.838920 0.725762 0.057728 0.077562
12 0.853818 0.885042 0.087523 0.130194
20 0.940410 0.078947 0.070764 0.091413
29 0.934823 0.188366 0.059590 0.099723
10 0.948790 0.355956 0.087523 0.130194
30 0.940410 0.498615 0.070764 0.105263
26 0.934823 0.646814 0.059590 0.096953
5 0.948790 0.799169 0.087523 0.130194