6 0.044508 0.091808 0.089015 0.132768
10 0.044508 0.278249 0.089015 0.132768
34 0.027462 0.436441 0.054924 0.093220
11 0.044508 0.600282 0.089015 0.132768
3 0.044508 0.775424 0.089015 0.132768
21 0.027462 0.909605 0.054924 0.079096
5 0.141098 0.097458 0.089015 0.132768
35 0.128788 0.242938 0.064394 0.079096
29 0.126894 0.358757 0.060606 0.101695
17 0.133523 0.494350 0.073864 0.090395
0 0.141098 0.659605 0.089015 0.132768
7 0.141098 0.834746 0.089015 0.132768
23 0.225379 0.080508 0.064394 0.087571
30 0.229167 0.223164 0.071970 0.107345
28 0.222538 0.341808 0.058712 0.090395
27 0.219697 0.440678 0.053030 0.079096
26 0.223485 0.583333 0.060606 0.098870
18 0.228220 0.734463 0.070076 0.096045
13 0.317235 0.100282 0.089015 0.132768
16 0.302083 0.254237 0.058712 0.079096
14 0.317235 0.408192 0.089015 0.132768
4 0.317235 0.597458 0.089015 0.132768
19 0.307765 0.740113 0.070076 0.079096
32 0.394886 0.854520 0.244318 0.064972
12 0.569129 0.108757 0.089015 0.132768
8 0.569129 0.286723 0.089015 0.132768
9 0.569129 0.467514 0.089015 0.132768
22 0.553977 0.600282 0.058712 0.076271
1 0.569129 0.744350 0.089015 0.132768
2 0.569129 0.911017 0.089015 0.132768
25 0.806818 0.076271 0.371212 0.073446
24 0.647727 0.185028 0.053030 0.081921
15 0.660985 0.303672 0.079545 0.093220
33 0.652462 0.437853 0.062500 0.096045
20 0.657197 0.563559 0.071970 0.093220
31 0.678977 0.673729 0.115530 0.064972