34 0.030917 0.077744 0.061834 0.100610
29 0.034115 0.222561 0.068230 0.109756
23 0.036247 0.385671 0.072495 0.094512
10 0.050107 0.541159 0.100213 0.143293
17 0.041578 0.682927 0.083156 0.097561
13 0.050107 0.827744 0.100213 0.143293
32 0.246269 0.080793 0.275053 0.070122
25 0.317697 0.216463 0.417910 0.079268
8 0.158849 0.376524 0.100213 0.143293
33 0.143923 0.560976 0.070362 0.103659
26 0.142857 0.681402 0.068230 0.106707
16 0.141791 0.832317 0.066098 0.085366
1 0.585288 0.108232 0.100213 0.143293
18 0.574627 0.259146 0.078891 0.103659
31 0.600213 0.397866 0.130064 0.070122
21 0.566098 0.493902 0.061834 0.085366
0 0.585288 0.657012 0.100213 0.143293
2 0.585288 0.821646 0.100213 0.143293
4 0.723881 0.086890 0.100213 0.143293
35 0.710021 0.250000 0.072495 0.085366
27 0.703625 0.356707 0.059701 0.085366
11 0.723881 0.525915 0.100213 0.143293
6 0.723881 0.693598 0.100213 0.143293
15 0.718550 0.873476 0.089552 0.100610
22 0.815565 0.068598 0.066098 0.082317
7 0.832623 0.214939 0.100213 0.143293
5 0.832623 0.376524 0.100213 0.143293
9 0.832623 0.565549 0.100213 0.143293
30 0.823028 0.722561 0.081023 0.115854
24 0.812367 0.864329 0.059701 0.088415
12 0.941365 0.092988 0.100213 0.143293
20 0.931770 0.275915 0.081023 0.100610
3 0.941365 0.458841 0.100213 0.143293
14 0.941365 0.647866 0.100213 0.143293
19 0.930704 0.814024 0.078891 0.085366
28 0.924307 0.932927 0.066098 0.097561