20 0.040512 0.067164 0.081023 0.098507
5 0.050107 0.204478 0.100213 0.140299
0 0.050107 0.398507 0.100213 0.140299
13 0.050107 0.583582 0.100213 0.140299
10 0.050107 0.738806 0.100213 0.140299
33 0.035181 0.901493 0.070362 0.101493
26 0.142857 0.088060 0.068230 0.104478
31 0.173774 0.207463 0.130064 0.068657
14 0.158849 0.359701 0.100213 0.140299
2 0.158849 0.547761 0.100213 0.140299
9 0.158849 0.714925 0.100213 0.140299
4 0.158849 0.873134 0.100213 0.140299
28 0.280384 0.089552 0.066098 0.095522
21 0.278252 0.197015 0.061834 0.083582
8 0.297441 0.347761 0.100213 0.140299
19 0.286780 0.483582 0.078891 0.083582
30 0.287846 0.641791 0.081023 0.113433
3 0.297441 0.816418 0.100213 0.140299
1 0.406183 0.085075 0.100213 0.140299
27 0.385928 0.232836 0.059701 0.083582
34 0.386994 0.374627 0.061834 0.098507
35 0.392324 0.522388 0.072495 0.083582
15 0.400853 0.670149 0.089552 0.098507
23 0.392324 0.825373 0.072495 0.092537
11 0.514925 0.105970 0.100213 0.140299
7 0.514925 0.285075 0.100213 0.140299
6 0.514925 0.458209 0.100213 0.140299
25 0.673774 0.594030 0.417910 0.077612
24 0.494670 0.720896 0.059701 0.086567
32 0.602345 0.831343 0.275053 0.068657
16 0.924307 0.056716 0.066098 0.083582
17 0.932836 0.200000 0.083156 0.095522
29 0.925373 0.355224 0.068230 0.107463
12 0.941365 0.517910 0.100213 0.140299
18 0.930704 0.677612 0.078891 0.101493
22 0.924307 0.792537 0.066098 0.080597