7 0.042650 0.105655 0.085299 0.139881
24 0.025408 0.236607 0.050817 0.086310
14 0.042650 0.403274 0.085299 0.139881
6 0.042650 0.584821 0.085299 0.139881
15 0.038113 0.751488 0.076225 0.098214
26 0.029038 0.885417 0.058076 0.104167
18 0.126134 0.071429 0.067151 0.101190
32 0.209619 0.212798 0.234120 0.068452
8 0.135209 0.370536 0.085299 0.139881
35 0.123412 0.532738 0.061706 0.083333
12 0.135209 0.659226 0.085299 0.139881
23 0.123412 0.796131 0.061706 0.092262
13 0.376588 0.108631 0.085299 0.139881
17 0.369328 0.252976 0.070780 0.095238
22 0.362069 0.358631 0.056261 0.080357
33 0.363884 0.479167 0.059891 0.101190
29 0.362976 0.642857 0.058076 0.107143
28 0.362069 0.761905 0.056261 0.095238
20 0.460980 0.081845 0.068966 0.098214
2 0.469147 0.254464 0.085299 0.139881
30 0.460980 0.401786 0.068966 0.113095
9 0.469147 0.566964 0.085299 0.139881
11 0.469147 0.733631 0.085299 0.139881
1 0.469147 0.900298 0.085299 0.139881
4 0.561706 0.096726 0.085299 0.139881
10 0.561706 0.293155 0.085299 0.139881
16 0.547187 0.461310 0.056261 0.083333
31 0.574410 0.587798 0.110708 0.068452
19 0.552632 0.717262 0.067151 0.083333
34 0.545372 0.834821 0.052632 0.098214
3 0.679673 0.105655 0.085299 0.139881
5 0.679673 0.299107 0.085299 0.139881
27 0.662432 0.431548 0.050817 0.083333
21 0.663339 0.562500 0.052632 0.083333
25 0.814882 0.669643 0.355717 0.077381
0 0.679673 0.813988 0.085299 0.139881