5 0.050107 0.094901 0.100213 0.133144
35 0.036247 0.215297 0.072495 0.079320
8 0.050107 0.349858 0.100213 0.133144
19 0.039446 0.512748 0.078891 0.079320
11 0.050107 0.667139 0.100213 0.133144
12 0.050107 0.854108 0.100213 0.133144
6 0.158849 0.092068 0.100213 0.133144
22 0.141791 0.236544 0.066098 0.076487
26 0.142857 0.361190 0.068230 0.099150
14 0.158849 0.528329 0.100213 0.133144
2 0.158849 0.712465 0.100213 0.133144
4 0.158849 0.902266 0.100213 0.133144
18 0.256930 0.062323 0.078891 0.096317
9 0.267591 0.205382 0.100213 0.133144
29 0.251599 0.348442 0.068230 0.101983
32 0.355011 0.451841 0.275053 0.065156
16 0.250533 0.538244 0.066098 0.079320
25 0.426439 0.651558 0.417910 0.073654
23 0.680171 0.069405 0.072495 0.087819
28 0.676972 0.184136 0.066098 0.090652
30 0.684435 0.308782 0.081023 0.107649
10 0.694030 0.480170 0.100213 0.133144
1 0.694030 0.658640 0.100213 0.133144
3 0.694030 0.834278 0.100213 0.133144
20 0.793177 0.080737 0.081023 0.093484
17 0.794243 0.201133 0.083156 0.090652
31 0.817697 0.310198 0.130064 0.065156
34 0.783582 0.417847 0.061834 0.093484
33 0.787846 0.529745 0.070362 0.096317
21 0.783582 0.657224 0.061834 0.079320
27 0.921109 0.076487 0.059701 0.079320
15 0.936034 0.179887 0.089552 0.093484
24 0.921109 0.313031 0.059701 0.082153
7 0.941365 0.437677 0.100213 0.133144
0 0.941365 0.618980 0.100213 0.133144
13 0.941365 0.777620 0.100213 0.133144