33 0.035181 0.065672 0.070362 0.101493
17 0.041578 0.208955 0.083156 0.095522
16 0.033049 0.358209 0.066098 0.083582
32 0.137527 0.491045 0.275053 0.068657
26 0.034115 0.637313 0.068230 0.104478
25 0.208955 0.776119 0.417910 0.077612
22 0.459488 0.079104 0.066098 0.080597
12 0.476546 0.237313 0.100213 0.140299
14 0.476546 0.431343 0.100213 0.140299
19 0.465885 0.561194 0.078891 0.083582
1 0.476546 0.720896 0.100213 0.140299
10 0.476546 0.911940 0.100213 0.140299
29 0.569296 0.089552 0.068230 0.107463
31 0.600213 0.225373 0.130064 0.068657
0 0.585288 0.353731 0.100213 0.140299
23 0.571429 0.514925 0.072495 0.092537
21 0.566098 0.650746 0.061834 0.083582
18 0.574627 0.779104 0.078891 0.101493
15 0.718550 0.079104 0.089552 0.098507
6 0.723881 0.231343 0.100213 0.140299
30 0.714286 0.405970 0.081023 0.113433
2 0.723881 0.592537 0.100213 0.140299
34 0.704691 0.744776 0.061834 0.098507
9 0.723881 0.882090 0.100213 0.140299
28 0.815565 0.077612 0.066098 0.095522
3 0.832623 0.234328 0.100213 0.140299
8 0.832623 0.419403 0.100213 0.140299
27 0.812367 0.552239 0.059701 0.083582
11 0.832623 0.694030 0.100213 0.140299
24 0.812367 0.828358 0.059701 0.086567
4 0.941365 0.094030 0.100213 0.140299
7 0.941365 0.255224 0.100213 0.140299
35 0.927505 0.400000 0.072495 0.083582
20 0.931770 0.526866 0.081023 0.098507
5 0.941365 0.661194 0.100213 0.140299
13 0.941365 0.834328 0.100213 0.140299