20 0.034483 0.066761 0.068966 0.093750
11 0.042650 0.231534 0.085299 0.133523
0 0.042650 0.404830 0.085299 0.133523
3 0.042650 0.555398 0.085299 0.133523
7 0.042650 0.731534 0.085299 0.133523
1 0.042650 0.887784 0.085299 0.133523
23 0.123412 0.075284 0.061706 0.088068
10 0.135209 0.205966 0.085299 0.133523
35 0.123412 0.338068 0.061706 0.079545
8 0.135209 0.487216 0.085299 0.133523
25 0.270417 0.639205 0.355717 0.073864
14 0.135209 0.799716 0.085299 0.133523
33 0.485481 0.082386 0.059891 0.096591
6 0.498185 0.223011 0.085299 0.133523
15 0.493648 0.356534 0.076225 0.093750
30 0.490018 0.508523 0.068966 0.107955
17 0.490926 0.644886 0.070780 0.090909
4 0.498185 0.779830 0.085299 0.133523
12 0.590744 0.098011 0.085299 0.133523
2 0.590744 0.288352 0.085299 0.133523
21 0.574410 0.420455 0.052632 0.079545
24 0.573503 0.532670 0.050817 0.082386
16 0.576225 0.650568 0.056261 0.079545
32 0.665154 0.762784 0.234120 0.065341
18 0.823049 0.090909 0.067151 0.096591
26 0.818512 0.225852 0.058076 0.099432
5 0.832123 0.390625 0.085299 0.133523
29 0.818512 0.545455 0.058076 0.102273
19 0.823049 0.678977 0.067151 0.079545
22 0.817604 0.799716 0.056261 0.076705
9 0.924682 0.109375 0.085299 0.133523
13 0.924682 0.276989 0.085299 0.133523
34 0.908348 0.421875 0.052632 0.093750
28 0.910163 0.562500 0.056261 0.090909
27 0.907441 0.676136 0.050817 0.079545
31 0.937387 0.776989 0.110708 0.065341