0 0.042650 0.102761 0.085299 0.144172
19 0.033575 0.239264 0.067151 0.085890
21 0.026316 0.346626 0.052632 0.085890
12 0.042650 0.476994 0.085299 0.144172
23 0.030853 0.654908 0.061706 0.095092
1 0.042650 0.823620 0.085299 0.144172
33 0.122505 0.095092 0.059891 0.104294
13 0.135209 0.274540 0.085299 0.144172
2 0.135209 0.434049 0.085299 0.144172
14 0.135209 0.602761 0.085299 0.144172
22 0.120690 0.743865 0.056261 0.082822
25 0.270417 0.865031 0.355717 0.079755
8 0.498185 0.096626 0.085299 0.144172
32 0.572595 0.222393 0.234120 0.070552
24 0.480944 0.323620 0.050817 0.088957
7 0.498185 0.473926 0.085299 0.144172
27 0.480944 0.625767 0.050817 0.085890
20 0.490018 0.756135 0.068966 0.101227
30 0.731397 0.101227 0.068966 0.116564
11 0.739564 0.246933 0.085299 0.144172
29 0.725953 0.417178 0.058076 0.110429
31 0.752269 0.535276 0.110708 0.070552
9 0.739564 0.673313 0.085299 0.144172
16 0.725045 0.828221 0.056261 0.085890
3 0.857532 0.087423 0.085299 0.144172
5 0.857532 0.283742 0.085299 0.144172
17 0.850272 0.420245 0.070780 0.098160
26 0.843920 0.575153 0.058076 0.107362
28 0.843013 0.726994 0.056261 0.098160
18 0.848457 0.843558 0.067151 0.104294
15 0.945554 0.096626 0.076225 0.101227
35 0.938294 0.248466 0.061706 0.085890
4 0.950091 0.397239 0.085299 0.144172
34 0.933757 0.550613 0.052632 0.101227
6 0.950091 0.700920 0.085299 0.144172
10 0.950091 0.903374 0.085299 0.144172