35 0.030853 0.076453 0.061706 0.085627
0 0.042650 0.221713 0.085299 0.143731
5 0.042650 0.386850 0.085299 0.143731
33 0.029946 0.571865 0.059891 0.103976
26 0.029038 0.701835 0.058076 0.107034
34 0.026316 0.857798 0.052632 0.100917
17 0.127949 0.082569 0.070780 0.097859
28 0.120690 0.217125 0.056261 0.097859
12 0.135209 0.380734 0.085299 0.143731
27 0.117967 0.538226 0.050817 0.085627
11 0.135209 0.714067 0.085299 0.143731
8 0.135209 0.885321 0.085299 0.143731
24 0.210526 0.074924 0.050817 0.088685
29 0.214156 0.201835 0.058076 0.110092
15 0.223230 0.347095 0.076225 0.100917
13 0.227768 0.509174 0.085299 0.143731
9 0.227768 0.683486 0.085299 0.143731
4 0.227768 0.857798 0.085299 0.143731
31 0.333031 0.071865 0.110708 0.070336
6 0.320327 0.206422 0.085299 0.143731
18 0.311252 0.354740 0.067151 0.103976
10 0.320327 0.533639 0.085299 0.143731
30 0.312160 0.678899 0.068966 0.116208
1 0.320327 0.824159 0.085299 0.143731
3 0.438294 0.108563 0.085299 0.143731
2 0.438294 0.270642 0.085299 0.143731
22 0.423775 0.432722 0.056261 0.082569
32 0.512704 0.570336 0.234120 0.070336
14 0.438294 0.720183 0.085299 0.143731
19 0.429220 0.880734 0.067151 0.085627
23 0.667877 0.090214 0.061706 0.094801
7 0.679673 0.261468 0.085299 0.143731
16 0.665154 0.418960 0.056261 0.085627
25 0.814882 0.544343 0.355717 0.079511
20 0.671506 0.686544 0.068966 0.100917
21 0.663339 0.813456 0.052632 0.085627