29 0.029038 0.070988 0.058076 0.111111
28 0.028131 0.231481 0.056261 0.098765
27 0.025408 0.382716 0.050817 0.086420
12 0.042650 0.554012 0.085299 0.145062
21 0.026316 0.697531 0.052632 0.086420
11 0.042650 0.850309 0.085299 0.145062
23 0.123412 0.069444 0.061706 0.095679
26 0.121597 0.202160 0.058076 0.108025
14 0.135209 0.378086 0.085299 0.145062
30 0.127042 0.530864 0.068966 0.117284
32 0.209619 0.662037 0.234120 0.070988
5 0.135209 0.794753 0.085299 0.145062
4 0.376588 0.109568 0.085299 0.145062
34 0.360254 0.282407 0.052632 0.101852
20 0.368421 0.424383 0.068966 0.101852
0 0.376588 0.591049 0.085299 0.145062
19 0.367514 0.765432 0.067151 0.086420
18 0.367514 0.913580 0.067151 0.104938
22 0.454628 0.066358 0.056261 0.083333
13 0.469147 0.242284 0.085299 0.145062
7 0.469147 0.436728 0.085299 0.145062
6 0.469147 0.643519 0.085299 0.145062
33 0.456443 0.793210 0.059891 0.104938
35 0.457350 0.919753 0.061706 0.086420
25 0.696915 0.061728 0.355717 0.080247
17 0.554446 0.179012 0.070780 0.098765
9 0.561706 0.331790 0.085299 0.145062
16 0.547187 0.503086 0.056261 0.086420
1 0.561706 0.649691 0.085299 0.145062
15 0.557169 0.825617 0.076225 0.101852
3 0.924682 0.094136 0.085299 0.145062
10 0.924682 0.270062 0.085299 0.145062
24 0.907441 0.449074 0.050817 0.089506
2 0.924682 0.597222 0.085299 0.145062
31 0.937387 0.763889 0.110708 0.070988
8 0.924682 0.908951 0.085299 0.145062