12 0.042650 0.096264 0.085299 0.135057
6 0.042650 0.285920 0.085299 0.135057
13 0.042650 0.452586 0.085299 0.135057
29 0.029038 0.591954 0.058076 0.103448
5 0.042650 0.757184 0.085299 0.135057
21 0.026316 0.919540 0.052632 0.080460
19 0.126134 0.077586 0.067151 0.080460
18 0.126134 0.189655 0.067151 0.097701
27 0.117967 0.327586 0.050817 0.080460
26 0.121597 0.432471 0.058076 0.100575
2 0.135209 0.570402 0.085299 0.135057
33 0.122505 0.744253 0.059891 0.097701
8 0.227768 0.104885 0.085299 0.135057
25 0.362976 0.241379 0.355717 0.074713
35 0.215971 0.359195 0.061706 0.080460
10 0.227768 0.489943 0.085299 0.135057
15 0.223230 0.630747 0.076225 0.094828
28 0.213249 0.741379 0.056261 0.091954
16 0.576225 0.066092 0.056261 0.080460
34 0.574410 0.191092 0.052632 0.094828
14 0.590744 0.352011 0.085299 0.135057
23 0.578947 0.501437 0.061706 0.089080
22 0.576225 0.616379 0.056261 0.077586
7 0.590744 0.768678 0.085299 0.135057
9 0.683303 0.090517 0.085299 0.135057
1 0.683303 0.277299 0.085299 0.135057
32 0.757713 0.412356 0.234120 0.066092
3 0.683303 0.556034 0.085299 0.135057
30 0.675136 0.732759 0.068966 0.109195
11 0.683303 0.886494 0.085299 0.135057
20 0.916515 0.090517 0.068966 0.094828
4 0.924682 0.222701 0.085299 0.135057
31 0.937387 0.354885 0.110708 0.066092
24 0.907441 0.466954 0.050817 0.083333
0 0.924682 0.610632 0.085299 0.135057
17 0.917423 0.744253 0.070780 0.091954