30 0.035382 0.068966 0.070764 0.109195
2 0.043762 0.208333 0.087523 0.135057
1 0.043762 0.375000 0.087523 0.135057
13 0.043762 0.527299 0.087523 0.135057
35 0.031657 0.672414 0.063315 0.080460
33 0.030726 0.778736 0.061453 0.097701
3 0.138734 0.102011 0.087523 0.135057
8 0.138734 0.260057 0.087523 0.135057
34 0.121974 0.432471 0.054004 0.094828
11 0.138734 0.584770 0.087523 0.135057
15 0.134078 0.739943 0.078212 0.094828
5 0.138734 0.883621 0.087523 0.135057
6 0.233706 0.099138 0.087523 0.135057
4 0.233706 0.268678 0.087523 0.135057
19 0.224395 0.410920 0.068901 0.080460
32 0.310056 0.524425 0.240223 0.066092
24 0.216015 0.639368 0.052142 0.083333
21 0.216946 0.750000 0.054004 0.080460
22 0.466480 0.053161 0.057728 0.077586
16 0.466480 0.158046 0.057728 0.080460
12 0.481378 0.320402 0.087523 0.135057
29 0.467412 0.482759 0.059590 0.103448
20 0.472998 0.639368 0.070764 0.094828
27 0.463687 0.772989 0.052142 0.080460
31 0.589385 0.067529 0.113594 0.066092
7 0.576350 0.216954 0.087523 0.135057
18 0.567039 0.370690 0.068901 0.097701
23 0.564246 0.487069 0.063315 0.089080
25 0.715084 0.626437 0.364991 0.074713
10 0.576350 0.783046 0.087523 0.135057
26 0.934823 0.087644 0.059590 0.100575
0 0.948790 0.251437 0.087523 0.135057
14 0.948790 0.429598 0.087523 0.135057
28 0.933892 0.560345 0.057728 0.091954
9 0.948790 0.728448 0.087523 0.135057
17 0.941341 0.870690 0.072626 0.091954