19 0.033575 0.060606 0.067151 0.077135
35 0.030853 0.190083 0.061706 0.077135
27 0.025408 0.280992 0.050817 0.077135
0 0.042650 0.411846 0.085299 0.129477
32 0.117060 0.530303 0.234120 0.063361
33 0.029946 0.622590 0.059891 0.093664
14 0.284029 0.100551 0.085299 0.129477
12 0.284029 0.282369 0.085299 0.129477
5 0.284029 0.464187 0.085299 0.129477
6 0.284029 0.640496 0.085299 0.129477
1 0.284029 0.786501 0.085299 0.129477
20 0.275862 0.913223 0.068966 0.090909
3 0.376588 0.084022 0.085299 0.129477
2 0.376588 0.257576 0.085299 0.129477
28 0.362069 0.385675 0.056261 0.088154
11 0.376588 0.546832 0.085299 0.129477
26 0.362976 0.692837 0.058076 0.096419
21 0.360254 0.798898 0.052632 0.077135
18 0.460073 0.068871 0.067151 0.093664
31 0.481851 0.172176 0.110708 0.063361
29 0.455535 0.275482 0.058076 0.099174
16 0.454628 0.404959 0.056261 0.077135
8 0.469147 0.541322 0.085299 0.129477
30 0.460980 0.688705 0.068966 0.104683
24 0.569873 0.075758 0.050817 0.079890
34 0.570780 0.174931 0.052632 0.090909
17 0.579855 0.294766 0.070780 0.088154
13 0.587114 0.455923 0.085299 0.129477
23 0.575318 0.585399 0.061706 0.085399
4 0.587114 0.723140 0.085299 0.129477
9 0.679673 0.084022 0.085299 0.129477
10 0.679673 0.257576 0.085299 0.129477
7 0.679673 0.420110 0.085299 0.129477
22 0.665154 0.538567 0.056261 0.074380
25 0.814882 0.639118 0.355717 0.071625
15 0.675136 0.756198 0.076225 0.090909