27 0.025408 0.085799 0.050817 0.082840
28 0.028131 0.221893 0.056261 0.094675
34 0.026316 0.353550 0.052632 0.097633
1 0.042650 0.519231 0.085299 0.139053
4 0.042650 0.702663 0.085299 0.139053
10 0.042650 0.889053 0.085299 0.139053
26 0.121597 0.069527 0.058076 0.103550
33 0.122505 0.186391 0.059891 0.100592
13 0.135209 0.335799 0.085299 0.139053
15 0.130672 0.510355 0.076225 0.097633
17 0.127949 0.633136 0.070780 0.094675
3 0.135209 0.803254 0.085299 0.139053
6 0.227768 0.105030 0.085299 0.139053
24 0.210526 0.238166 0.050817 0.085799
9 0.227768 0.400888 0.085299 0.139053
8 0.227768 0.587278 0.085299 0.139053
18 0.218693 0.742604 0.067151 0.100592
0 0.227768 0.880178 0.085299 0.139053
30 0.312160 0.085799 0.068966 0.112426
31 0.333031 0.202663 0.110708 0.068047
14 0.320327 0.362426 0.085299 0.139053
23 0.308530 0.498521 0.061706 0.091716
20 0.312160 0.622781 0.068966 0.097633
11 0.320327 0.770710 0.085299 0.139053
16 0.423775 0.062130 0.056261 0.082840
32 0.512704 0.167160 0.234120 0.068047
21 0.421960 0.281065 0.052632 0.082840
5 0.438294 0.430473 0.085299 0.139053
29 0.424682 0.612426 0.058076 0.106509
22 0.423775 0.720414 0.056261 0.079882
12 0.679673 0.105030 0.085299 0.139053
25 0.814882 0.230769 0.355717 0.076923
35 0.667877 0.369822 0.061706 0.082840
19 0.670599 0.502959 0.067151 0.082840
2 0.679673 0.649408 0.085299 0.139053
7 0.679673 0.803254 0.085299 0.139053