20 0.034483 0.083333 0.068966 0.103774
2 0.042650 0.224843 0.085299 0.147799
4 0.042650 0.416667 0.085299 0.147799
7 0.042650 0.580189 0.085299 0.147799
34 0.026316 0.756289 0.052632 0.103774
26 0.029038 0.922956 0.058076 0.110063
3 0.135209 0.102201 0.085299 0.147799
31 0.147913 0.237421 0.110708 0.072327
18 0.126134 0.367925 0.067151 0.106918
0 0.135209 0.529874 0.085299 0.147799
6 0.135209 0.724843 0.085299 0.147799
11 0.135209 0.888365 0.085299 0.147799
19 0.244102 0.081761 0.067151 0.088050
1 0.253176 0.234277 0.085299 0.147799
27 0.235935 0.386792 0.050817 0.088050
32 0.327586 0.495283 0.234120 0.072327
35 0.241379 0.594340 0.061706 0.088050
33 0.240472 0.723270 0.059891 0.106918
29 0.480944 0.078616 0.058076 0.113208
15 0.490018 0.246855 0.076225 0.103774
8 0.494555 0.410377 0.085299 0.147799
25 0.629764 0.572327 0.355717 0.081761
28 0.480036 0.701258 0.056261 0.100629
9 0.494555 0.863208 0.085299 0.147799
5 0.857532 0.117925 0.085299 0.147799
16 0.843013 0.298742 0.056261 0.088050
22 0.843013 0.400943 0.056261 0.084906
24 0.840290 0.526730 0.050817 0.091195
12 0.857532 0.671384 0.085299 0.147799
10 0.857532 0.841195 0.085299 0.147799
23 0.938294 0.077044 0.061706 0.097484
21 0.933757 0.191824 0.052632 0.088050
17 0.942831 0.320755 0.070780 0.100629
13 0.950091 0.466981 0.085299 0.147799
14 0.950091 0.674528 0.085299 0.147799
30 0.941924 0.830189 0.068966 0.119497