7 0.042650 0.102134 0.085299 0.143293
27 0.025408 0.250000 0.050817 0.085366
17 0.035390 0.362805 0.070780 0.097561
6 0.042650 0.501524 0.085299 0.143293
24 0.025408 0.669207 0.050817 0.088415
16 0.028131 0.771341 0.056261 0.085366
14 0.135209 0.117378 0.085299 0.143293
20 0.127042 0.260671 0.068966 0.100610
12 0.135209 0.425305 0.085299 0.143293
28 0.120690 0.606707 0.056261 0.097561
31 0.147913 0.721037 0.110708 0.070122
0 0.135209 0.849085 0.085299 0.143293
26 0.239564 0.089939 0.058076 0.106707
32 0.327586 0.227134 0.234120 0.070122
9 0.253176 0.349085 0.085299 0.143293
21 0.236842 0.524390 0.052632 0.085366
2 0.253176 0.657012 0.085299 0.143293
13 0.253176 0.815549 0.085299 0.143293
11 0.494555 0.105183 0.085299 0.143293
25 0.629764 0.234756 0.355717 0.079268
15 0.490018 0.373476 0.076225 0.100610
34 0.478221 0.528963 0.052632 0.100610
18 0.485481 0.689024 0.067151 0.103659
4 0.494555 0.846037 0.085299 0.143293
10 0.857532 0.089939 0.085299 0.143293
33 0.844828 0.271341 0.059891 0.103659
8 0.857532 0.443598 0.085299 0.143293
22 0.843013 0.577744 0.056261 0.082317
30 0.849365 0.704268 0.068966 0.115854
23 0.845735 0.864329 0.061706 0.094512
3 0.950091 0.099085 0.085299 0.143293
29 0.936479 0.268293 0.058076 0.109756
1 0.950091 0.455793 0.085299 0.143293
19 0.941016 0.600610 0.067151 0.085366
5 0.950091 0.760671 0.085299 0.143293
35 0.938294 0.935976 0.061706 0.085366