28 0.028131 0.081690 0.056261 0.090141
33 0.029946 0.211268 0.059891 0.095775
30 0.034483 0.369014 0.068966 0.107042
17 0.035390 0.487324 0.070780 0.090141
24 0.025408 0.587324 0.050817 0.081690
32 0.117060 0.674648 0.234120 0.064789
23 0.272232 0.063380 0.061706 0.087324
29 0.270417 0.214085 0.058076 0.101408
15 0.279492 0.364789 0.076225 0.092958
6 0.284029 0.533803 0.085299 0.132394
19 0.274955 0.695775 0.067151 0.078873
26 0.270417 0.832394 0.058076 0.098592
5 0.376588 0.105634 0.085299 0.132394
27 0.359347 0.228169 0.050817 0.078873
18 0.367514 0.343662 0.067151 0.095775
3 0.376588 0.477465 0.085299 0.132394
9 0.376588 0.657746 0.085299 0.132394
8 0.376588 0.821127 0.085299 0.132394
16 0.454628 0.053521 0.056261 0.078873
14 0.469147 0.181690 0.085299 0.132394
35 0.457350 0.335211 0.061706 0.078873
2 0.469147 0.463380 0.085299 0.132394
4 0.469147 0.623944 0.085299 0.132394
34 0.452813 0.778873 0.052632 0.092958
10 0.561706 0.080282 0.085299 0.132394
21 0.545372 0.236620 0.052632 0.078873
7 0.561706 0.370423 0.085299 0.132394
22 0.547187 0.522535 0.056261 0.076056
25 0.696915 0.616901 0.355717 0.073239
1 0.561706 0.761972 0.085299 0.132394
20 0.916515 0.085915 0.068966 0.092958
12 0.924682 0.252113 0.085299 0.132394
31 0.937387 0.392958 0.110708 0.064789
11 0.924682 0.542254 0.085299 0.132394
0 0.924682 0.725352 0.085299 0.132394
13 0.924682 0.888732 0.085299 0.132394