30 0.034483 0.074405 0.068966 0.113095
19 0.033575 0.202381 0.067151 0.083333
4 0.042650 0.364583 0.085299 0.139881
9 0.042650 0.549107 0.085299 0.139881
27 0.025408 0.690476 0.050817 0.083333
5 0.042650 0.858631 0.085299 0.139881
8 0.135209 0.108631 0.085299 0.139881
7 0.135209 0.299107 0.085299 0.139881
34 0.118875 0.441964 0.052632 0.098214
2 0.135209 0.581845 0.085299 0.139881
10 0.135209 0.775298 0.085299 0.139881
21 0.118875 0.940476 0.052632 0.083333
18 0.218693 0.080357 0.067151 0.101190
32 0.302178 0.186012 0.234120 0.068452
33 0.215064 0.306548 0.059891 0.101190
29 0.214156 0.464286 0.058076 0.107143
1 0.227768 0.617560 0.085299 0.139881
16 0.213249 0.785714 0.056261 0.083333
12 0.469147 0.102679 0.085299 0.139881
0 0.469147 0.269345 0.085299 0.139881
17 0.461887 0.401786 0.070780 0.095238
11 0.469147 0.552083 0.085299 0.139881
3 0.469147 0.751488 0.085299 0.139881
14 0.469147 0.906250 0.085299 0.139881
26 0.548094 0.087798 0.058076 0.104167
20 0.553539 0.218750 0.068966 0.098214
13 0.561706 0.352679 0.085299 0.139881
31 0.574410 0.498512 0.110708 0.068452
28 0.547187 0.598214 0.056261 0.095238
15 0.557169 0.715774 0.076225 0.098214
6 0.679673 0.108631 0.085299 0.139881
23 0.667877 0.257440 0.061706 0.092262
25 0.814882 0.360119 0.355717 0.077381
22 0.665154 0.468750 0.056261 0.080357
35 0.667877 0.565476 0.061706 0.083333
24 0.662432 0.665179 0.050817 0.086310