2 0.042650 0.097101 0.085299 0.136232
23 0.030853 0.244928 0.061706 0.089855
3 0.042650 0.404348 0.085299 0.136232
10 0.042650 0.569565 0.085299 0.136232
31 0.055354 0.702899 0.110708 0.066667
22 0.028131 0.798551 0.056261 0.078261
12 0.160617 0.105797 0.085299 0.136232
33 0.147913 0.278261 0.059891 0.098551
6 0.160617 0.450725 0.085299 0.136232
17 0.153358 0.614493 0.070780 0.092754
18 0.151543 0.762319 0.067151 0.098551
20 0.152450 0.905797 0.068966 0.095652
29 0.239564 0.078261 0.058076 0.104348
8 0.253176 0.227536 0.085299 0.136232
24 0.235935 0.395652 0.050817 0.084058
19 0.244102 0.515942 0.067151 0.081159
28 0.238657 0.637681 0.056261 0.092754
1 0.253176 0.766667 0.085299 0.136232
0 0.345735 0.094203 0.085299 0.136232
13 0.345735 0.285507 0.085299 0.136232
5 0.345735 0.450725 0.085299 0.136232
15 0.341198 0.624638 0.076225 0.095652
34 0.329401 0.740580 0.052632 0.095652
11 0.345735 0.914493 0.085299 0.136232
32 0.512704 0.071014 0.234120 0.066667
4 0.438294 0.207246 0.085299 0.136232
26 0.424682 0.357971 0.058076 0.101449
16 0.423775 0.478261 0.056261 0.081159
30 0.430127 0.614493 0.068966 0.110145
21 0.421960 0.727536 0.052632 0.081159
27 0.662432 0.060870 0.050817 0.081159
14 0.679673 0.184058 0.085299 0.136232
25 0.814882 0.313043 0.355717 0.075362
7 0.679673 0.465217 0.085299 0.136232
9 0.679673 0.630435 0.085299 0.136232
35 0.667877 0.779710 0.061706 0.081159