10 0.043762 0.113354 0.087523 0.145963
21 0.027002 0.276398 0.054004 0.086957
27 0.026071 0.419255 0.052142 0.086957
0 0.043762 0.585404 0.087523 0.145963
5 0.043762 0.765528 0.087523 0.145963
24 0.026071 0.902174 0.052142 0.090062
33 0.125698 0.093168 0.061453 0.105590
1 0.138734 0.277950 0.087523 0.145963
26 0.124767 0.420807 0.059590 0.108696
25 0.277467 0.568323 0.364991 0.080745
35 0.126629 0.670807 0.063315 0.086957
16 0.123836 0.813665 0.057728 0.086957
11 0.511173 0.113354 0.087523 0.145963
31 0.524209 0.268634 0.113594 0.071429
9 0.511173 0.399068 0.087523 0.145963
32 0.587523 0.560559 0.240223 0.071429
17 0.503724 0.704969 0.072626 0.099379
4 0.511173 0.883540 0.087523 0.145963
23 0.746741 0.094720 0.063315 0.096273
30 0.750466 0.220497 0.070764 0.118012
28 0.743948 0.357143 0.057728 0.099379
34 0.742086 0.501553 0.054004 0.102484
29 0.744879 0.627329 0.059590 0.111801
7 0.758845 0.790373 0.087523 0.145963
15 0.849162 0.079193 0.078212 0.102484
6 0.853818 0.234472 0.087523 0.145963
22 0.838920 0.408385 0.057728 0.083851
19 0.844507 0.531056 0.068901 0.086957
13 0.853818 0.690994 0.087523 0.145963
14 0.853818 0.883540 0.087523 0.145963
20 0.940410 0.069876 0.070764 0.102484
18 0.939479 0.232919 0.068901 0.105590
3 0.948790 0.374224 0.087523 0.145963
12 0.948790 0.541925 0.087523 0.145963
8 0.948790 0.709627 0.087523 0.145963
2 0.948790 0.886646 0.087523 0.145963