3 0.042650 0.088483 0.085299 0.132022
23 0.030853 0.226124 0.061706 0.087079
22 0.028131 0.363764 0.056261 0.075843
15 0.038113 0.476124 0.076225 0.092697
2 0.042650 0.619382 0.085299 0.132022
34 0.026316 0.771067 0.052632 0.092697
4 0.135209 0.085674 0.085299 0.132022
33 0.122505 0.221910 0.059891 0.095506
13 0.135209 0.380618 0.085299 0.132022
32 0.209619 0.526685 0.234120 0.064607
28 0.120690 0.654494 0.056261 0.089888
6 0.135209 0.807584 0.085299 0.132022
9 0.376588 0.108146 0.085299 0.132022
8 0.376588 0.282303 0.085299 0.132022
11 0.376588 0.453652 0.085299 0.132022
12 0.376588 0.641854 0.085299 0.132022
16 0.362069 0.789326 0.056261 0.078652
17 0.369328 0.915730 0.070780 0.089888
7 0.469147 0.080056 0.085299 0.132022
31 0.481851 0.223315 0.110708 0.064607
5 0.469147 0.346910 0.085299 0.132022
27 0.451906 0.488764 0.050817 0.078652
29 0.455535 0.623596 0.058076 0.101124
21 0.452813 0.744382 0.052632 0.078652
0 0.587114 0.080056 0.085299 0.132022
35 0.575318 0.213483 0.061706 0.078652
14 0.587114 0.366573 0.085299 0.132022
30 0.578947 0.508427 0.068966 0.106742
24 0.569873 0.655899 0.050817 0.081461
26 0.573503 0.796348 0.058076 0.098315
1 0.679673 0.108146 0.085299 0.132022
10 0.679673 0.273876 0.085299 0.132022
19 0.670599 0.393258 0.067151 0.078652
18 0.670599 0.508427 0.067151 0.095506
25 0.814882 0.617978 0.355717 0.073034
20 0.671506 0.726124 0.068966 0.092697