32 0.120112 0.061782 0.240223 0.066092
35 0.031657 0.172414 0.063315 0.080460
26 0.029795 0.288793 0.059590 0.100575
31 0.056797 0.389368 0.113594 0.066092
1 0.043762 0.512931 0.087523 0.135057
13 0.043762 0.662356 0.087523 0.135057
6 0.291434 0.090517 0.087523 0.135057
9 0.291434 0.248563 0.087523 0.135057
24 0.273743 0.400862 0.052142 0.083333
8 0.291434 0.567529 0.087523 0.135057
15 0.286778 0.731322 0.078212 0.094828
2 0.291434 0.883621 0.087523 0.135057
29 0.372439 0.089080 0.059590 0.103448
5 0.386406 0.245690 0.087523 0.135057
18 0.377095 0.385057 0.068901 0.097701
17 0.378957 0.534483 0.072626 0.091954
22 0.371508 0.656609 0.057728 0.077586
23 0.374302 0.771552 0.063315 0.089080
20 0.472998 0.090517 0.070764 0.094828
33 0.468343 0.238506 0.061453 0.097701
19 0.472067 0.347701 0.068901 0.080460
16 0.466480 0.462644 0.057728 0.080460
14 0.481378 0.613506 0.087523 0.135057
25 0.620112 0.755747 0.364991 0.074713
0 0.853818 0.087644 0.087523 0.135057
27 0.836127 0.250000 0.052142 0.080460
12 0.853818 0.372126 0.087523 0.135057
7 0.853818 0.556034 0.087523 0.135057
4 0.853818 0.731322 0.087523 0.135057
11 0.853818 0.909483 0.087523 0.135057
30 0.940410 0.080460 0.070764 0.109195
28 0.933892 0.215517 0.057728 0.091954
10 0.948790 0.343391 0.087523 0.135057
21 0.932030 0.502874 0.054004 0.080460
3 0.948790 0.625000 0.087523 0.135057
34 0.932030 0.785920 0.054004 0.094828