30 0.034483 0.072289 0.068966 0.114458
19 0.033575 0.207831 0.067151 0.084337
4 0.042650 0.365964 0.085299 0.141566
8 0.042650 0.537651 0.085299 0.141566
34 0.026316 0.685241 0.052632 0.099398
25 0.177858 0.828313 0.355717 0.078313
35 0.393829 0.057229 0.061706 0.084337
33 0.392922 0.207831 0.059891 0.102410
0 0.405626 0.375000 0.085299 0.141566
10 0.405626 0.552711 0.085299 0.141566
7 0.405626 0.721386 0.085299 0.141566
9 0.405626 0.881024 0.085299 0.141566
26 0.484574 0.094880 0.058076 0.105422
6 0.498185 0.251506 0.085299 0.141566
2 0.498185 0.450301 0.085299 0.141566
23 0.486388 0.609940 0.061706 0.093373
15 0.493648 0.760542 0.076225 0.099398
27 0.480944 0.912651 0.050817 0.084337
32 0.665154 0.076807 0.234120 0.069277
20 0.582577 0.218373 0.068966 0.099398
24 0.573503 0.350904 0.050817 0.087349
22 0.576225 0.492470 0.056261 0.081325
3 0.590744 0.661145 0.085299 0.141566
11 0.590744 0.850904 0.085299 0.141566
28 0.817604 0.075301 0.056261 0.096386
17 0.824864 0.204819 0.070780 0.096386
13 0.832123 0.347892 0.085299 0.141566
16 0.817604 0.487952 0.056261 0.084337
18 0.823049 0.611446 0.067151 0.102410
5 0.832123 0.793675 0.085299 0.141566
12 0.924682 0.106928 0.085299 0.141566
29 0.911071 0.292169 0.058076 0.108434
14 0.924682 0.468373 0.085299 0.141566
31 0.937387 0.588855 0.110708 0.069277
21 0.908348 0.719880 0.052632 0.084337
1 0.924682 0.862952 0.085299 0.141566