6 0.042650 0.096923 0.085299 0.144615
34 0.026316 0.263077 0.052632 0.101538
4 0.042650 0.401538 0.085299 0.144615
20 0.034483 0.573846 0.068966 0.101538
28 0.028131 0.710769 0.056261 0.098462
19 0.033575 0.849231 0.067151 0.086154
7 0.135209 0.106154 0.085299 0.144615
2 0.135209 0.296923 0.085299 0.144615
21 0.118875 0.458462 0.052632 0.086154
13 0.135209 0.604615 0.085299 0.144615
25 0.270417 0.747692 0.355717 0.080000
24 0.117967 0.869231 0.050817 0.089231
23 0.486388 0.063077 0.061706 0.095385
30 0.490018 0.215385 0.068966 0.116923
5 0.498185 0.395385 0.085299 0.144615
17 0.490926 0.547692 0.070780 0.098462
10 0.498185 0.715385 0.085299 0.144615
32 0.572595 0.838462 0.234120 0.070769
22 0.725045 0.060000 0.056261 0.083077
26 0.725953 0.176923 0.058076 0.107692
14 0.739564 0.343077 0.085299 0.144615
18 0.730490 0.501538 0.067151 0.104615
33 0.726860 0.658462 0.059891 0.104615
11 0.739564 0.807692 0.085299 0.144615
27 0.814882 0.064615 0.050817 0.086154
12 0.832123 0.220000 0.085299 0.144615
29 0.818512 0.403077 0.058076 0.110769
35 0.820327 0.547692 0.061706 0.086154
3 0.832123 0.721538 0.085299 0.144615
9 0.832123 0.893846 0.085299 0.144615
0 0.924682 0.096923 0.085299 0.144615
15 0.920145 0.238462 0.076225 0.101538
8 0.924682 0.376923 0.085299 0.144615
1 0.924682 0.573846 0.085299 0.144615
16 0.910163 0.713846 0.056261 0.086154
31 0.937387 0.841538 0.110708 0.070769