20 0.035382 0.075931 0.070764 0.094556
24 0.026071 0.181948 0.052142 0.083095
3 0.043762 0.339542 0.087523 0.134670
10 0.043762 0.502865 0.087523 0.134670
1 0.043762 0.666189 0.087523 0.134670
0 0.043762 0.835244 0.087523 0.134670
30 0.130354 0.077364 0.070764 0.108883
12 0.138734 0.247851 0.087523 0.134670
7 0.138734 0.436963 0.087523 0.134670
23 0.126629 0.591691 0.063315 0.088825
17 0.131285 0.739255 0.072626 0.091691
4 0.138734 0.886819 0.087523 0.134670
13 0.233706 0.104585 0.087523 0.134670
5 0.233706 0.290831 0.087523 0.134670
11 0.233706 0.445559 0.087523 0.134670
33 0.220670 0.593123 0.061453 0.097421
14 0.233706 0.757880 0.087523 0.134670
27 0.216015 0.914040 0.052142 0.080229
32 0.405028 0.061605 0.240223 0.065903
26 0.314711 0.184814 0.059590 0.100287
16 0.313780 0.295129 0.057728 0.080229
18 0.319367 0.418338 0.068901 0.097421
31 0.341713 0.542980 0.113594 0.065903
15 0.324022 0.666189 0.078212 0.094556
19 0.567039 0.080229 0.068901 0.080229
34 0.559590 0.193410 0.054004 0.094556
22 0.561453 0.316619 0.057728 0.077364
2 0.576350 0.451289 0.087523 0.134670
29 0.562384 0.613181 0.059590 0.103152
21 0.559590 0.753582 0.054004 0.080229
6 0.671322 0.110315 0.087523 0.134670
25 0.810056 0.252149 0.364991 0.074499
8 0.671322 0.402579 0.087523 0.134670
35 0.659218 0.555874 0.063315 0.080229
28 0.656425 0.667622 0.057728 0.091691
9 0.671322 0.806590 0.087523 0.134670