7 0.050107 0.102601 0.100213 0.135838
18 0.039446 0.277457 0.078891 0.098266
29 0.034115 0.430636 0.068230 0.104046
2 0.050107 0.576590 0.100213 0.135838
5 0.050107 0.767341 0.100213 0.135838
35 0.036247 0.916185 0.072495 0.080925
27 0.138593 0.069364 0.059701 0.080925
31 0.173774 0.171965 0.130064 0.066474
13 0.158849 0.302023 0.100213 0.135838
23 0.144989 0.452312 0.072495 0.089595
9 0.158849 0.614162 0.100213 0.135838
19 0.148188 0.774566 0.078891 0.080925
11 0.297441 0.108382 0.100213 0.135838
14 0.297441 0.290462 0.100213 0.135838
24 0.277186 0.437861 0.059701 0.083815
21 0.278252 0.563584 0.061834 0.080925
16 0.280384 0.679191 0.066098 0.080925
22 0.280384 0.816474 0.066098 0.078035
0 0.406183 0.088150 0.100213 0.135838
1 0.406183 0.238439 0.100213 0.135838
15 0.400853 0.382948 0.089552 0.095376
30 0.396588 0.520231 0.081023 0.109827
8 0.406183 0.666185 0.100213 0.135838
10 0.406183 0.816474 0.100213 0.135838
33 0.500000 0.080925 0.070362 0.098266
6 0.514925 0.238439 0.100213 0.135838
32 0.602345 0.374277 0.275053 0.066474
25 0.673774 0.500000 0.417910 0.075145
20 0.505330 0.625723 0.081023 0.095376
3 0.514925 0.778902 0.100213 0.135838
17 0.932836 0.069364 0.083156 0.092486
12 0.941365 0.232659 0.100213 0.135838
28 0.924307 0.404624 0.066098 0.092486
4 0.941365 0.565029 0.100213 0.135838
26 0.925373 0.718208 0.068230 0.101156
34 0.922175 0.833815 0.061834 0.095376