2 0.050107 0.118462 0.100213 0.144615
19 0.039446 0.258462 0.078891 0.086154
23 0.036247 0.410769 0.072495 0.095385
16 0.033049 0.544615 0.066098 0.086154
17 0.041578 0.689231 0.083156 0.098462
7 0.050107 0.860000 0.100213 0.144615
29 0.142857 0.070769 0.068230 0.110769
0 0.158849 0.241538 0.100213 0.144615
20 0.149254 0.426154 0.081023 0.101538
28 0.141791 0.556923 0.066098 0.098462
15 0.153518 0.684615 0.089552 0.101538
8 0.158849 0.838462 0.100213 0.144615
33 0.252665 0.098462 0.070362 0.104615
9 0.267591 0.247692 0.100213 0.144615
34 0.248401 0.404615 0.061834 0.101538
24 0.247335 0.530769 0.059701 0.089231
30 0.257996 0.664615 0.081023 0.116923
18 0.256930 0.818462 0.078891 0.104615
35 0.362473 0.076923 0.072495 0.086154
12 0.376333 0.223077 0.100213 0.144615
25 0.535181 0.356923 0.417910 0.080000
6 0.376333 0.509231 0.100213 0.144615
3 0.376333 0.687692 0.100213 0.144615
32 0.463753 0.829231 0.275053 0.070769
5 0.802772 0.115385 0.100213 0.144615
27 0.782516 0.252308 0.059701 0.086154
4 0.802772 0.389231 0.100213 0.144615
14 0.802772 0.570769 0.100213 0.144615
22 0.785714 0.736923 0.066098 0.083077
11 0.802772 0.893846 0.100213 0.144615
1 0.911514 0.118462 0.100213 0.144615
13 0.911514 0.303077 0.100213 0.144615
21 0.892324 0.480000 0.061834 0.086154
31 0.926439 0.580000 0.130064 0.070769
10 0.911514 0.727692 0.100213 0.144615
26 0.895522 0.887692 0.068230 0.107692