1 0.042650 0.085075 0.085299 0.140299
3 0.042650 0.282090 0.085299 0.140299
8 0.042650 0.464179 0.085299 0.140299
24 0.025408 0.631343 0.050817 0.086567
23 0.030853 0.768657 0.061706 0.092537
25 0.177858 0.904478 0.355717 0.077612
19 0.396552 0.062687 0.067151 0.083582
14 0.405626 0.192537 0.085299 0.140299
9 0.405626 0.374627 0.085299 0.140299
27 0.388385 0.534328 0.050817 0.083582
11 0.405626 0.700000 0.085299 0.140299
22 0.391107 0.867164 0.056261 0.080597
20 0.490018 0.082090 0.068966 0.098507
31 0.510889 0.225373 0.110708 0.068657
28 0.483666 0.349254 0.056261 0.095522
12 0.498185 0.485075 0.085299 0.140299
33 0.485481 0.632836 0.059891 0.101493
21 0.481851 0.779104 0.052632 0.083582
0 0.616152 0.102985 0.085299 0.140299
17 0.608893 0.262687 0.070780 0.095522
4 0.616152 0.407463 0.085299 0.140299
16 0.601633 0.546269 0.056261 0.083582
7 0.616152 0.714925 0.085299 0.140299
5 0.616152 0.911940 0.085299 0.140299
15 0.704174 0.073134 0.076225 0.098507
6 0.708711 0.246269 0.085299 0.140299
26 0.695100 0.419403 0.058076 0.104478
18 0.699637 0.537313 0.067151 0.101493
35 0.696915 0.668657 0.061706 0.083582
2 0.708711 0.840299 0.085299 0.140299
30 0.793103 0.071642 0.068966 0.113433
29 0.787659 0.220896 0.058076 0.107463
34 0.784936 0.380597 0.052632 0.098507
13 0.801270 0.520896 0.085299 0.140299
10 0.801270 0.682090 0.085299 0.140299
32 0.875681 0.816418 0.234120 0.068657