18 0.033575 0.092814 0.067151 0.101796
23 0.030853 0.232036 0.061706 0.092814
13 0.042650 0.399701 0.085299 0.140719
19 0.033575 0.556886 0.067151 0.083832
12 0.042650 0.726048 0.085299 0.140719
22 0.028131 0.881737 0.056261 0.080838
16 0.120690 0.071856 0.056261 0.083832
3 0.135209 0.199102 0.085299 0.140719
21 0.118875 0.326347 0.052632 0.083832
25 0.270417 0.446108 0.355717 0.077844
17 0.127949 0.583832 0.070780 0.095808
26 0.121597 0.708084 0.058076 0.104790
15 0.493648 0.076347 0.076225 0.098802
7 0.498185 0.252994 0.085299 0.140719
33 0.485481 0.413174 0.059891 0.101796
9 0.498185 0.558383 0.085299 0.140719
2 0.498185 0.732036 0.085299 0.140719
32 0.572595 0.881737 0.234120 0.068862
30 0.731397 0.077844 0.068966 0.113772
0 0.739564 0.220060 0.085299 0.140719
31 0.752269 0.384731 0.110708 0.068862
28 0.725045 0.523952 0.056261 0.095808
35 0.727768 0.652695 0.061706 0.083832
5 0.739564 0.791916 0.085299 0.140719
14 0.857532 0.100299 0.085299 0.140719
34 0.841198 0.264970 0.052632 0.098802
1 0.857532 0.432635 0.085299 0.140719
8 0.857532 0.588323 0.085299 0.140719
10 0.857532 0.755988 0.085299 0.140719
27 0.840290 0.889222 0.050817 0.083832
20 0.941924 0.076347 0.068966 0.098802
4 0.950091 0.235030 0.085299 0.140719
11 0.950091 0.435629 0.085299 0.140719
29 0.936479 0.601796 0.058076 0.107784
24 0.932849 0.732036 0.050817 0.086826
6 0.950091 0.884731 0.085299 0.140719