28 0.028131 0.059322 0.056261 0.090395
27 0.025408 0.186441 0.050817 0.079096
10 0.042650 0.331921 0.085299 0.132768
19 0.033575 0.454802 0.067151 0.079096
16 0.028131 0.548023 0.056261 0.079096
32 0.117060 0.651130 0.234120 0.064972
30 0.275862 0.084746 0.068966 0.107345
35 0.272232 0.200565 0.061706 0.079096
23 0.272232 0.300847 0.061706 0.087571
22 0.269510 0.399718 0.056261 0.076271
31 0.296733 0.484463 0.110708 0.064972
18 0.274955 0.590395 0.067151 0.096045
29 0.388385 0.073446 0.058076 0.101695
7 0.401996 0.238701 0.085299 0.132768
4 0.401996 0.385593 0.085299 0.132768
2 0.401996 0.569209 0.085299 0.132768
8 0.401996 0.716102 0.085299 0.132768
14 0.401996 0.891243 0.085299 0.132768
0 0.494555 0.094633 0.085299 0.132768
33 0.481851 0.237288 0.059891 0.096045
6 0.494555 0.385593 0.085299 0.132768
24 0.477314 0.529661 0.050817 0.081921
34 0.478221 0.656780 0.052632 0.093220
26 0.480944 0.798023 0.058076 0.098870
25 0.722323 0.070621 0.355717 0.073446
17 0.579855 0.192090 0.070780 0.090395
9 0.587114 0.351695 0.085299 0.132768
13 0.587114 0.535311 0.085299 0.132768
12 0.587114 0.701977 0.085299 0.132768
5 0.587114 0.862994 0.085299 0.132768
20 0.941924 0.080508 0.068966 0.093220
3 0.950091 0.250000 0.085299 0.132768
1 0.950091 0.422316 0.085299 0.132768
15 0.945554 0.583333 0.076225 0.093220
21 0.933757 0.723164 0.052632 0.079096
11 0.950091 0.848870 0.085299 0.132768