6 0.042650 0.109281 0.085299 0.140719
16 0.028131 0.260479 0.056261 0.083832
33 0.029946 0.407186 0.059891 0.101796
4 0.042650 0.561377 0.085299 0.140719
18 0.033575 0.736527 0.067151 0.101796
26 0.029038 0.872754 0.058076 0.104790
9 0.135209 0.091317 0.085299 0.140719
13 0.135209 0.288922 0.085299 0.140719
0 0.135209 0.462575 0.085299 0.140719
21 0.118875 0.622754 0.052632 0.083832
25 0.270417 0.727545 0.355717 0.077844
27 0.117967 0.850299 0.050817 0.083832
15 0.493648 0.070359 0.076225 0.098802
7 0.498185 0.244012 0.085299 0.140719
1 0.498185 0.414671 0.085299 0.140719
11 0.498185 0.591317 0.085299 0.140719
32 0.572595 0.738024 0.234120 0.068862
14 0.498185 0.881737 0.085299 0.140719
20 0.731397 0.088323 0.068966 0.098802
8 0.739564 0.232036 0.085299 0.140719
23 0.727768 0.366766 0.061706 0.092814
2 0.739564 0.543413 0.085299 0.140719
31 0.752269 0.696108 0.110708 0.068862
5 0.739564 0.854790 0.085299 0.140719
35 0.845735 0.068862 0.061706 0.083832
12 0.857532 0.208084 0.085299 0.140719
17 0.850272 0.347305 0.070780 0.095808
19 0.848457 0.473054 0.067151 0.083832
22 0.843013 0.573353 0.056261 0.080838
29 0.843920 0.688623 0.058076 0.107784
30 0.941924 0.083832 0.068966 0.113772
28 0.935572 0.221557 0.056261 0.095808
10 0.950091 0.396707 0.085299 0.140719
3 0.950091 0.567365 0.085299 0.140719
34 0.933757 0.732036 0.052632 0.098802
24 0.932849 0.872754 0.050817 0.086826