16 0.028864 0.078431 0.057728 0.078431
17 0.036313 0.210084 0.072626 0.089636
5 0.043762 0.354342 0.087523 0.131653
33 0.030726 0.490196 0.061453 0.095238
13 0.043762 0.654062 0.087523 0.131653
22 0.028864 0.813725 0.057728 0.075630
26 0.124767 0.079832 0.059590 0.098039
6 0.138734 0.208683 0.087523 0.131653
11 0.138734 0.354342 0.087523 0.131653
28 0.123836 0.478992 0.057728 0.089636
9 0.138734 0.631653 0.087523 0.131653
19 0.129423 0.753501 0.068901 0.078431
10 0.233706 0.093838 0.087523 0.131653
25 0.372439 0.238095 0.364991 0.072829
23 0.221601 0.343137 0.063315 0.086835
3 0.233706 0.474790 0.087523 0.131653
18 0.224395 0.613445 0.068901 0.095238
34 0.216946 0.729692 0.054004 0.092437
31 0.619181 0.071429 0.113594 0.064426
32 0.682495 0.166667 0.240223 0.064426
12 0.606145 0.298319 0.087523 0.131653
8 0.606145 0.474790 0.087523 0.131653
27 0.588454 0.602241 0.052142 0.078431
14 0.606145 0.729692 0.087523 0.131653
2 0.853818 0.093838 0.087523 0.131653
4 0.853818 0.259104 0.087523 0.131653
7 0.853818 0.438375 0.087523 0.131653
29 0.839851 0.605042 0.059590 0.100840
20 0.845438 0.749300 0.070764 0.092437
0 0.853818 0.914566 0.087523 0.131653
15 0.944134 0.065826 0.078212 0.092437
30 0.940410 0.198880 0.070764 0.106443
35 0.936685 0.319328 0.063315 0.078431
24 0.931099 0.449580 0.052142 0.081232
21 0.932030 0.563025 0.054004 0.078431
1 0.948790 0.687675 0.087523 0.131653