22 0.028131 0.055714 0.056261 0.077143
0 0.042650 0.204286 0.085299 0.134286
28 0.028131 0.360000 0.056261 0.091429
3 0.042650 0.515714 0.085299 0.134286
21 0.026316 0.645714 0.052632 0.080000
32 0.117060 0.772857 0.234120 0.065714
11 0.284029 0.090000 0.085299 0.134286
35 0.272232 0.222857 0.061706 0.080000
2 0.284029 0.378571 0.085299 0.134286
1 0.284029 0.541429 0.085299 0.134286
18 0.274955 0.691429 0.067151 0.097143
5 0.284029 0.835714 0.085299 0.134286
31 0.389292 0.061429 0.110708 0.065714
15 0.372051 0.155714 0.076225 0.094286
4 0.376588 0.301429 0.085299 0.134286
26 0.362976 0.441429 0.058076 0.100000
16 0.362069 0.568571 0.056261 0.080000
7 0.376588 0.730000 0.085299 0.134286
10 0.494555 0.107143 0.085299 0.134286
24 0.477314 0.267143 0.050817 0.082857
9 0.494555 0.410000 0.085299 0.134286
12 0.494555 0.590000 0.085299 0.134286
19 0.485481 0.745714 0.067151 0.080000
14 0.494555 0.907143 0.085299 0.134286
27 0.569873 0.065714 0.050817 0.080000
25 0.722323 0.180000 0.355717 0.074286
23 0.575318 0.307143 0.061706 0.088571
30 0.578947 0.440000 0.068966 0.108571
20 0.578947 0.587143 0.068966 0.094286
34 0.570780 0.718571 0.052632 0.094286
17 0.942831 0.074286 0.070780 0.091429
6 0.950091 0.244286 0.085299 0.134286
29 0.936479 0.388571 0.058076 0.102857
33 0.937387 0.522857 0.059891 0.097143
13 0.950091 0.670000 0.085299 0.134286
8 0.950091 0.821429 0.085299 0.134286