34 0.030917 0.078869 0.061834 0.098214
9 0.050107 0.233631 0.100213 0.139881
15 0.044776 0.409226 0.089552 0.098214
11 0.050107 0.549107 0.100213 0.139881
2 0.050107 0.736607 0.100213 0.139881
30 0.040512 0.922619 0.081023 0.113095
35 0.144989 0.080357 0.072495 0.083333
14 0.158849 0.248512 0.100213 0.139881
20 0.149254 0.409226 0.081023 0.098214
8 0.158849 0.563988 0.100213 0.139881
19 0.148188 0.720238 0.078891 0.083333
26 0.142857 0.834821 0.068230 0.104167
25 0.426439 0.077381 0.417910 0.077381
29 0.251599 0.208333 0.068230 0.107143
6 0.267591 0.373512 0.100213 0.139881
22 0.250533 0.540179 0.066098 0.080357
32 0.355011 0.665179 0.275053 0.068452
18 0.256930 0.782738 0.078891 0.101190
7 0.694030 0.090774 0.100213 0.139881
10 0.694030 0.248512 0.100213 0.139881
16 0.676972 0.392857 0.066098 0.083333
4 0.694030 0.543155 0.100213 0.139881
24 0.673774 0.677083 0.059701 0.086310
23 0.680171 0.805060 0.072495 0.092262
12 0.802772 0.084821 0.100213 0.139881
13 0.802772 0.251488 0.100213 0.139881
21 0.783582 0.407738 0.061834 0.083333
5 0.802772 0.561012 0.100213 0.139881
28 0.785714 0.702381 0.066098 0.095238
17 0.794243 0.818452 0.083156 0.095238
1 0.911514 0.111607 0.100213 0.139881
31 0.926439 0.245536 0.130064 0.068452
27 0.891258 0.369048 0.059701 0.083333
0 0.911514 0.540179 0.100213 0.139881
33 0.896588 0.675595 0.070362 0.101190
3 0.911514 0.852679 0.100213 0.139881