13 0.042650 0.091837 0.085299 0.137026
31 0.055354 0.246356 0.110708 0.067055
2 0.042650 0.403790 0.085299 0.137026
8 0.042650 0.567055 0.085299 0.137026
24 0.025408 0.721574 0.050817 0.084548
23 0.030853 0.826531 0.061706 0.090379
30 0.152450 0.078717 0.068966 0.110787
11 0.160617 0.220117 0.085299 0.137026
16 0.146098 0.376093 0.056261 0.081633
18 0.151543 0.486880 0.067151 0.099125
6 0.160617 0.619534 0.085299 0.137026
29 0.147005 0.795918 0.058076 0.104956
0 0.253176 0.097668 0.085299 0.137026
15 0.248639 0.234694 0.076225 0.096210
21 0.236842 0.364431 0.052632 0.081633
35 0.241379 0.472303 0.061706 0.081633
28 0.238657 0.594752 0.056261 0.093294
17 0.245917 0.711370 0.070780 0.093294
25 0.480944 0.064140 0.355717 0.075802
19 0.336661 0.195335 0.067151 0.081633
20 0.337568 0.325073 0.068966 0.096210
22 0.331216 0.435860 0.056261 0.078717
5 0.345735 0.569971 0.085299 0.137026
27 0.328494 0.723032 0.050817 0.081633
26 0.695100 0.091837 0.058076 0.102041
7 0.708711 0.252187 0.085299 0.137026
32 0.783122 0.400875 0.234120 0.067055
34 0.692377 0.517493 0.052632 0.096210
12 0.708711 0.660350 0.085299 0.137026
9 0.708711 0.811953 0.085299 0.137026
4 0.950091 0.088921 0.085299 0.137026
3 0.950091 0.252187 0.085299 0.137026
33 0.937387 0.402332 0.059891 0.099125
1 0.950091 0.546647 0.085299 0.137026
10 0.950091 0.730321 0.085299 0.137026
14 0.950091 0.890671 0.085299 0.137026