32 0.117060 0.081790 0.234120 0.070988
4 0.042650 0.239198 0.085299 0.145062
21 0.026316 0.376543 0.052632 0.086420
2 0.042650 0.554012 0.085299 0.145062
26 0.029038 0.699074 0.058076 0.108025
17 0.035390 0.833333 0.070780 0.098765
19 0.274955 0.064815 0.067151 0.086420
14 0.284029 0.211420 0.085299 0.145062
11 0.284029 0.418210 0.085299 0.145062
13 0.284029 0.584877 0.085299 0.145062
30 0.275862 0.743827 0.068966 0.117284
10 0.284029 0.908951 0.085299 0.145062
20 0.368421 0.069444 0.068966 0.101852
34 0.360254 0.208333 0.052632 0.101852
8 0.376588 0.362654 0.085299 0.145062
0 0.376588 0.526235 0.085299 0.145062
18 0.367514 0.688272 0.067151 0.104938
16 0.362069 0.830247 0.056261 0.086420
29 0.455535 0.083333 0.058076 0.111111
33 0.456443 0.209877 0.059891 0.104938
27 0.451906 0.351852 0.050817 0.086420
22 0.454628 0.498457 0.056261 0.083333
9 0.469147 0.649691 0.085299 0.145062
5 0.469147 0.853395 0.085299 0.145062
6 0.561706 0.100309 0.085299 0.145062
28 0.547187 0.250000 0.056261 0.098765
24 0.544465 0.378086 0.050817 0.089506
7 0.561706 0.526235 0.085299 0.145062
12 0.561706 0.705247 0.085299 0.145062
25 0.696915 0.876543 0.355717 0.080247
31 0.937387 0.060185 0.110708 0.070988
15 0.920145 0.189815 0.076225 0.101852
23 0.912886 0.328704 0.061706 0.095679
3 0.924682 0.486111 0.085299 0.145062
35 0.912886 0.645062 0.061706 0.086420
1 0.924682 0.797840 0.085299 0.145062