33 0.035181 0.078078 0.070362 0.102102
3 0.050107 0.214715 0.100213 0.141141
32 0.137527 0.370871 0.275053 0.069069
12 0.050107 0.527027 0.100213 0.141141
25 0.208955 0.666667 0.417910 0.078078
26 0.034115 0.806306 0.068230 0.105105
31 0.491471 0.067568 0.130064 0.069069
20 0.466951 0.199700 0.081023 0.099099
0 0.476546 0.376877 0.100213 0.141141
27 0.456290 0.537538 0.059701 0.084084
15 0.471215 0.677177 0.089552 0.099099
34 0.457356 0.812312 0.061834 0.099099
35 0.601279 0.075075 0.072495 0.084084
19 0.604478 0.207207 0.078891 0.084084
4 0.615139 0.346847 0.100213 0.141141
1 0.615139 0.512012 0.100213 0.141141
16 0.598081 0.681682 0.066098 0.084084
10 0.615139 0.854354 0.100213 0.141141
2 0.723881 0.085586 0.100213 0.141141
21 0.704691 0.243243 0.061834 0.084084
29 0.707889 0.396396 0.068230 0.108108
24 0.703625 0.548048 0.059701 0.087087
28 0.706823 0.699700 0.066098 0.096096
13 0.723881 0.851351 0.100213 0.141141
8 0.832623 0.088589 0.100213 0.141141
22 0.815565 0.238739 0.066098 0.081081
14 0.832623 0.397898 0.100213 0.141141
6 0.832623 0.566066 0.100213 0.141141
23 0.818763 0.737237 0.072495 0.093093
17 0.824094 0.852853 0.083156 0.096096
5 0.941365 0.103604 0.100213 0.141141
11 0.941365 0.259760 0.100213 0.141141
9 0.941365 0.424925 0.100213 0.141141
18 0.930704 0.579580 0.078891 0.102102
7 0.941365 0.743243 0.100213 0.141141
30 0.931770 0.888889 0.081023 0.114114