23 0.030853 0.076369 0.061706 0.089337
19 0.033575 0.178674 0.067151 0.080692
26 0.029038 0.327089 0.058076 0.100865
2 0.042650 0.462536 0.085299 0.135447
16 0.028131 0.590778 0.056261 0.080692
3 0.042650 0.713256 0.085299 0.135447
13 0.135209 0.099424 0.085299 0.135447
6 0.135209 0.252161 0.085299 0.135447
12 0.135209 0.442363 0.085299 0.135447
25 0.270417 0.573487 0.355717 0.074928
21 0.118875 0.694524 0.052632 0.080692
29 0.121597 0.835735 0.058076 0.103746
17 0.490926 0.080692 0.070780 0.092219
0 0.498185 0.231988 0.085299 0.135447
5 0.498185 0.393372 0.085299 0.135447
22 0.483666 0.520173 0.056261 0.077810
7 0.498185 0.652738 0.085299 0.135447
35 0.486388 0.783862 0.061706 0.080692
20 0.582577 0.070605 0.068966 0.095101
27 0.573503 0.172911 0.050817 0.080692
31 0.603448 0.298271 0.110708 0.066282
1 0.590744 0.430836 0.085299 0.135447
15 0.586207 0.566282 0.076225 0.095101
9 0.590744 0.716138 0.085299 0.135447
34 0.692377 0.087896 0.052632 0.095101
8 0.708711 0.223343 0.085299 0.135447
10 0.708711 0.384726 0.085299 0.135447
11 0.708711 0.577810 0.085299 0.135447
14 0.708711 0.747839 0.085299 0.135447
30 0.700544 0.922190 0.068966 0.109510
33 0.788566 0.080692 0.059891 0.097983
18 0.792196 0.230548 0.067151 0.097983
24 0.784029 0.373199 0.050817 0.083573
28 0.786751 0.481268 0.056261 0.092219
32 0.875681 0.589337 0.234120 0.066282
4 0.801270 0.733429 0.085299 0.135447