14 0.042650 0.095870 0.085299 0.138643
4 0.042650 0.266962 0.085299 0.138643
26 0.029038 0.432153 0.058076 0.103245
25 0.177858 0.557522 0.355717 0.076696
12 0.042650 0.718289 0.085299 0.138643
33 0.029946 0.873156 0.059891 0.100295
10 0.405626 0.084071 0.085299 0.138643
34 0.389292 0.219764 0.052632 0.097345
7 0.405626 0.390855 0.085299 0.138643
35 0.393829 0.548673 0.061706 0.082596
30 0.397459 0.687316 0.068966 0.112094
32 0.480036 0.821534 0.234120 0.067847
29 0.633394 0.082596 0.058076 0.106195
31 0.659710 0.190265 0.110708 0.067847
15 0.642468 0.308260 0.076225 0.097345
19 0.637931 0.448378 0.067151 0.082596
28 0.632486 0.587021 0.056261 0.094395
17 0.639746 0.705015 0.070780 0.094395
1 0.764973 0.092920 0.085299 0.138643
24 0.747731 0.249263 0.050817 0.085546
3 0.764973 0.382006 0.085299 0.138643
22 0.750454 0.520649 0.056261 0.079646
20 0.756806 0.638643 0.068966 0.097345
16 0.750454 0.743363 0.056261 0.082596
11 0.857532 0.101770 0.085299 0.138643
21 0.841198 0.250737 0.052632 0.082596
8 0.857532 0.405605 0.085299 0.138643
6 0.857532 0.579646 0.085299 0.138643
27 0.840290 0.725664 0.050817 0.082596
9 0.857532 0.877581 0.085299 0.138643
5 0.950091 0.098820 0.085299 0.138643
0 0.950091 0.275811 0.085299 0.138643
18 0.941016 0.454277 0.067151 0.100295
23 0.938294 0.597345 0.061706 0.091445
2 0.950091 0.741888 0.085299 0.138643
13 0.950091 0.915929 0.085299 0.138643