18 0.033575 0.068657 0.067151 0.101493
30 0.034483 0.226866 0.068966 0.113433
13 0.042650 0.398507 0.085299 0.140299
25 0.177858 0.549254 0.355717 0.077612
6 0.042650 0.708955 0.085299 0.140299
27 0.025408 0.880597 0.050817 0.083582
9 0.405626 0.108955 0.085299 0.140299
26 0.392015 0.270149 0.058076 0.104478
16 0.391107 0.420896 0.056261 0.083582
14 0.405626 0.586567 0.085299 0.140299
24 0.388385 0.744776 0.050817 0.086567
34 0.389292 0.864179 0.052632 0.098507
23 0.486388 0.079104 0.061706 0.092537
28 0.483666 0.220896 0.056261 0.095522
19 0.489111 0.337313 0.067151 0.083582
8 0.498185 0.467164 0.085299 0.140299
2 0.498185 0.625373 0.085299 0.140299
3 0.498185 0.804478 0.085299 0.140299
21 0.574410 0.074627 0.052632 0.083582
33 0.578040 0.208955 0.059891 0.101493
12 0.590744 0.383582 0.085299 0.140299
35 0.578947 0.522388 0.061706 0.083582
17 0.583485 0.656716 0.070780 0.095522
22 0.576225 0.780597 0.056261 0.080597
10 0.683303 0.091045 0.085299 0.140299
0 0.683303 0.249254 0.085299 0.140299
15 0.678766 0.425373 0.076225 0.098507
31 0.696007 0.541791 0.110708 0.068657
4 0.683303 0.661194 0.085299 0.140299
29 0.669691 0.838806 0.058076 0.107463
1 0.801270 0.108955 0.085299 0.140299
5 0.801270 0.270149 0.085299 0.140299
32 0.875681 0.419403 0.234120 0.068657
20 0.793103 0.544776 0.068966 0.098507
7 0.801270 0.720896 0.085299 0.140299
11 0.801270 0.897015 0.085299 0.140299