28 0.028131 0.088235 0.056261 0.094118
17 0.035390 0.200000 0.070780 0.094118
3 0.042650 0.360294 0.085299 0.138235
16 0.028131 0.511765 0.056261 0.082353
8 0.042650 0.654412 0.085299 0.138235
21 0.026316 0.814706 0.052632 0.082353
29 0.121597 0.088235 0.058076 0.105882
13 0.135209 0.260294 0.085299 0.138235
6 0.135209 0.416176 0.085299 0.138235
25 0.270417 0.544118 0.355717 0.076471
0 0.135209 0.692647 0.085299 0.138235
24 0.117967 0.857353 0.050817 0.085294
34 0.481851 0.089706 0.052632 0.097059
11 0.498185 0.239706 0.085299 0.138235
32 0.572595 0.375000 0.234120 0.067647
18 0.489111 0.494118 0.067151 0.100000
5 0.498185 0.651471 0.085299 0.138235
15 0.493648 0.789706 0.076225 0.097059
22 0.725045 0.083824 0.056261 0.079412
2 0.739564 0.248529 0.085299 0.138235
30 0.731397 0.414706 0.068966 0.111765
7 0.739564 0.586765 0.085299 0.138235
26 0.725953 0.751471 0.058076 0.102941
23 0.727768 0.863235 0.061706 0.091176
35 0.820327 0.085294 0.061706 0.082353
27 0.814882 0.191176 0.050817 0.082353
19 0.823049 0.294118 0.067151 0.082353
31 0.844828 0.398529 0.110708 0.067647
12 0.832123 0.560294 0.085299 0.138235
4 0.832123 0.727941 0.085299 0.138235
9 0.950091 0.104412 0.085299 0.138235
20 0.941924 0.248529 0.068966 0.097059
10 0.950091 0.392647 0.085299 0.138235
14 0.950091 0.566176 0.085299 0.138235
33 0.937387 0.708824 0.059891 0.100000
1 0.950091 0.875000 0.085299 0.138235