24 0.025408 0.081662 0.050817 0.083095
17 0.035390 0.186246 0.070780 0.091691
11 0.042650 0.336676 0.085299 0.134670
29 0.029038 0.481375 0.058076 0.103152
35 0.030853 0.618911 0.061706 0.080229
0 0.042650 0.749284 0.085299 0.134670
19 0.126134 0.083095 0.067151 0.080229
23 0.123412 0.216332 0.061706 0.088825
7 0.135209 0.359599 0.085299 0.134670
18 0.126134 0.510029 0.067151 0.097421
28 0.120690 0.661891 0.056261 0.091691
8 0.135209 0.803725 0.085299 0.134670
20 0.219601 0.090258 0.068966 0.094556
32 0.302178 0.187679 0.234120 0.065903
14 0.227768 0.328080 0.085299 0.134670
21 0.211434 0.489971 0.052632 0.080229
3 0.227768 0.617479 0.085299 0.134670
26 0.214156 0.755014 0.058076 0.100287
33 0.456443 0.080229 0.059891 0.097421
30 0.460980 0.217765 0.068966 0.108883
2 0.469147 0.396848 0.085299 0.134670
27 0.451906 0.530086 0.050817 0.080229
31 0.481851 0.657593 0.110708 0.065903
15 0.464610 0.789398 0.076225 0.094556
22 0.572595 0.081662 0.056261 0.077364
4 0.587114 0.230659 0.085299 0.134670
25 0.722323 0.358166 0.355717 0.074499
10 0.587114 0.520057 0.085299 0.134670
12 0.587114 0.700573 0.085299 0.134670
5 0.587114 0.892550 0.085299 0.134670
16 0.935572 0.080229 0.056261 0.080229
6 0.950091 0.230659 0.085299 0.134670
34 0.933757 0.371060 0.052632 0.094556
1 0.950091 0.528653 0.085299 0.134670
9 0.950091 0.694842 0.085299 0.134670
13 0.950091 0.858166 0.085299 0.134670