28 0.028864 0.072289 0.057728 0.096386
26 0.029795 0.215361 0.059590 0.105422
17 0.036313 0.334337 0.072626 0.096386
22 0.028864 0.441265 0.057728 0.081325
11 0.043762 0.579819 0.087523 0.141566
0 0.043762 0.781627 0.087523 0.141566
20 0.130354 0.082831 0.070764 0.099398
35 0.126629 0.219880 0.063315 0.084337
5 0.138734 0.356928 0.087523 0.141566
31 0.151769 0.519578 0.113594 0.069277
10 0.138734 0.640060 0.087523 0.141566
32 0.215084 0.802711 0.240223 0.069277
25 0.525140 0.057229 0.364991 0.078313
18 0.377095 0.165663 0.068901 0.102410
8 0.386406 0.341867 0.087523 0.141566
12 0.386406 0.510542 0.087523 0.141566
34 0.369646 0.673193 0.054004 0.099398
33 0.373371 0.831325 0.061453 0.102410
9 0.758845 0.112952 0.087523 0.141566
21 0.742086 0.283133 0.054004 0.084337
14 0.758845 0.429217 0.087523 0.141566
15 0.754190 0.603916 0.078212 0.099398
30 0.750466 0.750000 0.070764 0.114458
16 0.743948 0.882530 0.057728 0.084337
6 0.853818 0.094880 0.087523 0.141566
29 0.839851 0.243976 0.059590 0.108434
19 0.844507 0.385542 0.068901 0.084337
27 0.836127 0.503012 0.052142 0.084337
23 0.841713 0.631024 0.063315 0.093373
2 0.853818 0.763554 0.087523 0.141566
24 0.931099 0.064759 0.052142 0.087349
4 0.948790 0.215361 0.087523 0.141566
13 0.948790 0.375000 0.087523 0.141566
1 0.948790 0.576807 0.087523 0.141566
3 0.948790 0.739458 0.087523 0.141566
7 0.948790 0.908133 0.087523 0.141566