35 0.036247 0.085546 0.072495 0.082596
34 0.030917 0.205015 0.061834 0.097345
6 0.050107 0.355457 0.100213 0.138643
14 0.050107 0.541298 0.100213 0.138643
8 0.050107 0.694690 0.100213 0.138643
9 0.050107 0.877581 0.100213 0.138643
20 0.149254 0.081121 0.081023 0.097345
26 0.142857 0.231563 0.068230 0.103245
17 0.150320 0.365782 0.083156 0.094395
21 0.139659 0.510324 0.061834 0.082596
7 0.158849 0.638643 0.100213 0.138643
10 0.158849 0.809735 0.100213 0.138643
16 0.250533 0.085546 0.066098 0.082596
23 0.253731 0.216814 0.072495 0.091445
31 0.282516 0.355457 0.130064 0.067847
22 0.250533 0.473451 0.066098 0.079646
15 0.262260 0.615044 0.089552 0.097345
2 0.267591 0.771386 0.100213 0.138643
24 0.385928 0.066372 0.059701 0.085546
30 0.396588 0.185841 0.081023 0.112094
13 0.406183 0.361357 0.100213 0.138643
32 0.493603 0.485251 0.275053 0.067847
1 0.406183 0.615044 0.100213 0.138643
25 0.565032 0.749263 0.417910 0.076696
12 0.832623 0.089971 0.100213 0.138643
18 0.821962 0.238938 0.078891 0.100295
29 0.816631 0.383481 0.068230 0.106195
11 0.832623 0.556047 0.100213 0.138643
19 0.821962 0.693215 0.078891 0.082596
3 0.832623 0.862832 0.100213 0.138643
0 0.941365 0.110619 0.100213 0.138643
4 0.941365 0.278761 0.100213 0.138643
27 0.921109 0.433628 0.059701 0.082596
5 0.941365 0.594395 0.100213 0.138643
33 0.926439 0.728614 0.070362 0.100295
28 0.924307 0.876106 0.066098 0.094395