16 0.028864 0.083333 0.057728 0.083333
5 0.043762 0.242560 0.087523 0.139881
13 0.043762 0.427083 0.087523 0.139881
23 0.031657 0.566964 0.063315 0.092262
6 0.043762 0.721726 0.087523 0.139881
4 0.043762 0.912202 0.087523 0.139881
9 0.138734 0.105655 0.087523 0.139881
29 0.124767 0.279762 0.059590 0.107143
26 0.124767 0.418155 0.059590 0.104167
22 0.123836 0.558036 0.057728 0.080357
19 0.129423 0.696429 0.068901 0.083333
34 0.121974 0.843750 0.054004 0.098214
20 0.225326 0.066964 0.070764 0.098214
8 0.233706 0.236607 0.087523 0.139881
35 0.221601 0.404762 0.063315 0.083333
14 0.233706 0.561012 0.087523 0.139881
27 0.216015 0.711310 0.052142 0.083333
21 0.216946 0.830357 0.054004 0.083333
11 0.328678 0.108631 0.087523 0.139881
28 0.313780 0.279762 0.057728 0.095238
30 0.320298 0.431548 0.070764 0.113095
18 0.319367 0.562500 0.068901 0.101190
25 0.467412 0.690476 0.364991 0.077381
15 0.324022 0.831845 0.078212 0.098214
3 0.701117 0.105655 0.087523 0.139881
2 0.701117 0.305060 0.087523 0.139881
12 0.701117 0.459821 0.087523 0.139881
32 0.777467 0.617560 0.240223 0.068452
31 0.714153 0.724702 0.113594 0.068452
7 0.701117 0.861607 0.087523 0.139881
1 0.948790 0.105655 0.087523 0.139881
10 0.948790 0.269345 0.087523 0.139881
33 0.935754 0.416667 0.061453 0.101190
0 0.948790 0.558036 0.087523 0.139881
24 0.931099 0.730655 0.052142 0.086310
17 0.941341 0.857143 0.072626 0.095238