8 0.042650 0.096626 0.085299 0.144172
22 0.028131 0.265337 0.056261 0.082822
11 0.042650 0.427914 0.085299 0.144172
14 0.042650 0.624233 0.085299 0.144172
9 0.042650 0.786810 0.085299 0.144172
17 0.035390 0.923313 0.070780 0.098160
4 0.135209 0.099693 0.085299 0.144172
31 0.147913 0.225460 0.110708 0.070552
16 0.120690 0.358896 0.056261 0.085890
6 0.135209 0.535276 0.085299 0.144172
24 0.117967 0.713190 0.050817 0.088957
19 0.126134 0.825153 0.067151 0.085890
32 0.327586 0.081288 0.234120 0.070552
3 0.253176 0.240798 0.085299 0.144172
27 0.235935 0.389571 0.050817 0.085890
7 0.253176 0.523006 0.085299 0.144172
23 0.241379 0.676380 0.061706 0.095092
0 0.253176 0.854294 0.085299 0.144172
26 0.480944 0.072086 0.058076 0.107362
10 0.494555 0.219325 0.085299 0.144172
33 0.481851 0.365031 0.059891 0.104294
13 0.494555 0.544479 0.085299 0.144172
25 0.629764 0.705521 0.355717 0.079755
18 0.485481 0.828221 0.067151 0.104294
20 0.849365 0.065951 0.068966 0.101227
29 0.843920 0.226994 0.058076 0.110429
12 0.857532 0.372699 0.085299 0.144172
2 0.857532 0.575153 0.085299 0.144172
15 0.852995 0.759202 0.076225 0.101227
30 0.849365 0.904908 0.068966 0.116564
35 0.938294 0.076687 0.061706 0.085890
28 0.935572 0.208589 0.056261 0.098160
21 0.933757 0.346626 0.052632 0.085890
5 0.950091 0.495399 0.085299 0.144172
1 0.950091 0.657975 0.085299 0.144172
34 0.933757 0.842025 0.052632 0.101227