23 0.030853 0.066176 0.061706 0.091176
13 0.042650 0.201471 0.085299 0.138235
25 0.177858 0.367647 0.355717 0.076471
6 0.042650 0.533824 0.085299 0.138235
12 0.042650 0.713235 0.085299 0.138235
1 0.042650 0.895588 0.085299 0.138235
33 0.392922 0.091176 0.059891 0.100000
5 0.405626 0.269118 0.085299 0.138235
4 0.405626 0.439706 0.085299 0.138235
30 0.397459 0.582353 0.068966 0.111765
29 0.392015 0.729412 0.058076 0.105882
16 0.391107 0.841176 0.056261 0.082353
27 0.480944 0.082353 0.050817 0.082353
11 0.498185 0.219118 0.085299 0.138235
14 0.498185 0.413235 0.085299 0.138235
8 0.498185 0.595588 0.085299 0.138235
17 0.490926 0.752941 0.070780 0.094118
24 0.480944 0.901471 0.050817 0.085294
28 0.576225 0.067647 0.056261 0.094118
21 0.574410 0.194118 0.052632 0.082353
15 0.586207 0.330882 0.076225 0.097059
26 0.577132 0.457353 0.058076 0.102941
32 0.665154 0.580882 0.234120 0.067647
0 0.590744 0.727941 0.085299 0.138235
10 0.832123 0.095588 0.085299 0.138235
2 0.832123 0.275000 0.085299 0.138235
18 0.823049 0.417647 0.067151 0.100000
22 0.817604 0.563235 0.056261 0.079412
9 0.832123 0.686765 0.085299 0.138235
7 0.832123 0.877941 0.085299 0.138235
35 0.912886 0.085294 0.061706 0.082353
19 0.915608 0.194118 0.067151 0.082353
31 0.937387 0.289706 0.110708 0.067647
34 0.908348 0.386765 0.052632 0.097059
20 0.916515 0.507353 0.068966 0.097059
3 0.924682 0.666176 0.085299 0.138235