18 0.033575 0.092486 0.067151 0.098266
22 0.028131 0.206647 0.056261 0.078035
17 0.035390 0.323699 0.070780 0.092486
13 0.042650 0.484104 0.085299 0.135838
4 0.042650 0.677746 0.085299 0.135838
14 0.042650 0.862717 0.085299 0.135838
26 0.121597 0.067919 0.058076 0.101156
15 0.130672 0.212428 0.076225 0.095376
27 0.117967 0.341040 0.050817 0.080925
16 0.120690 0.462428 0.056261 0.080925
6 0.135209 0.588150 0.085299 0.135838
32 0.209619 0.715318 0.234120 0.066474
23 0.364791 0.067919 0.061706 0.089595
25 0.511797 0.208092 0.355717 0.075145
34 0.360254 0.348266 0.052632 0.095376
20 0.368421 0.495665 0.068966 0.095376
29 0.362976 0.609827 0.058076 0.104046
9 0.376588 0.761561 0.085299 0.135838
21 0.723230 0.054913 0.052632 0.080925
35 0.727768 0.179191 0.061706 0.080925
33 0.726860 0.297688 0.059891 0.098266
12 0.739564 0.463873 0.085299 0.135838
5 0.739564 0.637283 0.085299 0.135838
30 0.731397 0.812139 0.068966 0.109827
10 0.832123 0.082370 0.085299 0.135838
3 0.832123 0.273121 0.085299 0.135838
1 0.832123 0.458092 0.085299 0.135838
7 0.832123 0.614162 0.085299 0.135838
24 0.814882 0.755780 0.050817 0.083815
8 0.832123 0.891618 0.085299 0.135838
0 0.924682 0.091040 0.085299 0.135838
11 0.924682 0.261561 0.085299 0.135838
28 0.910163 0.416185 0.056261 0.092486
19 0.915608 0.517341 0.067151 0.080925
31 0.937387 0.611272 0.110708 0.066474
2 0.924682 0.750000 0.085299 0.135838