28 0.028131 0.080247 0.056261 0.098765
14 0.042650 0.239198 0.085299 0.145062
18 0.033575 0.422840 0.067151 0.104938
30 0.034483 0.583333 0.068966 0.117284
0 0.042650 0.766975 0.085299 0.145062
31 0.055354 0.921296 0.110708 0.070988
7 0.160617 0.097222 0.085299 0.145062
4 0.160617 0.257716 0.085299 0.145062
22 0.146098 0.402778 0.056261 0.083333
21 0.144283 0.537037 0.052632 0.086420
27 0.143376 0.645062 0.050817 0.086420
9 0.160617 0.794753 0.085299 0.145062
12 0.253176 0.112654 0.085299 0.145062
19 0.244102 0.271605 0.067151 0.086420
15 0.248639 0.387346 0.076225 0.101852
17 0.245917 0.524691 0.070780 0.098765
35 0.241379 0.651235 0.061706 0.086420
3 0.253176 0.804012 0.085299 0.145062
25 0.480944 0.061728 0.355717 0.080247
26 0.332123 0.199074 0.058076 0.108025
34 0.329401 0.365741 0.052632 0.101852
20 0.337568 0.510802 0.068966 0.101852
6 0.345735 0.683642 0.085299 0.145062
33 0.333031 0.848765 0.059891 0.104938
10 0.708711 0.091049 0.085299 0.145062
32 0.783122 0.260802 0.234120 0.070988
11 0.708711 0.399691 0.085299 0.145062
24 0.691470 0.550926 0.050817 0.089506
5 0.708711 0.699074 0.085299 0.145062
2 0.708711 0.881173 0.085299 0.145062
1 0.950091 0.097222 0.085299 0.145062
16 0.935572 0.265432 0.056261 0.086420
23 0.938294 0.387346 0.061706 0.095679
8 0.950091 0.544753 0.085299 0.145062
13 0.950091 0.733025 0.085299 0.145062
29 0.936479 0.916667 0.058076 0.111111