11 0.043762 0.080966 0.087523 0.133523
24 0.026071 0.242898 0.052142 0.082386
9 0.043762 0.370739 0.087523 0.133523
35 0.031657 0.534091 0.063315 0.079545
27 0.026071 0.653409 0.052142 0.079545
17 0.036313 0.795455 0.072626 0.090909
25 0.277467 0.059659 0.364991 0.073864
34 0.121974 0.166193 0.054004 0.093750
16 0.123836 0.292614 0.057728 0.079545
28 0.123836 0.392045 0.057728 0.090909
18 0.129423 0.542614 0.068901 0.096591
0 0.138734 0.674716 0.087523 0.133523
30 0.502793 0.079545 0.070764 0.107955
1 0.511173 0.245739 0.087523 0.133523
3 0.511173 0.421875 0.087523 0.133523
13 0.511173 0.592330 0.087523 0.133523
6 0.511173 0.759943 0.087523 0.133523
33 0.498138 0.923295 0.061453 0.096591
29 0.592179 0.093750 0.059590 0.102273
10 0.606145 0.245739 0.087523 0.133523
22 0.591248 0.373580 0.057728 0.076705
21 0.589385 0.471591 0.054004 0.079545
15 0.601490 0.595170 0.078212 0.093750
23 0.594041 0.734375 0.063315 0.088068
5 0.701117 0.100852 0.087523 0.133523
19 0.691806 0.241477 0.068901 0.079545
7 0.701117 0.387784 0.087523 0.133523
8 0.701117 0.561080 0.087523 0.133523
20 0.692737 0.714489 0.070764 0.093750
14 0.701117 0.870739 0.087523 0.133523
4 0.796089 0.089489 0.087523 0.133523
32 0.872439 0.240057 0.240223 0.065341
26 0.782123 0.370739 0.059590 0.099432
12 0.796089 0.521307 0.087523 0.133523
31 0.809125 0.674716 0.113594 0.065341
2 0.796089 0.805398 0.087523 0.133523