24 0.026071 0.070571 0.052142 0.087087
25 0.182495 0.207207 0.364991 0.078078
13 0.043762 0.349850 0.087523 0.141141
31 0.056797 0.475976 0.113594 0.069069
3 0.043762 0.596096 0.087523 0.141141
10 0.043762 0.791291 0.087523 0.141141
23 0.404097 0.064565 0.063315 0.093093
35 0.404097 0.171171 0.063315 0.084084
33 0.403166 0.309309 0.061453 0.102102
26 0.402235 0.451952 0.059590 0.105105
27 0.398510 0.564565 0.052142 0.084084
2 0.416201 0.713213 0.087523 0.141141
12 0.511173 0.085586 0.087523 0.141141
11 0.511173 0.244745 0.087523 0.141141
29 0.497207 0.405405 0.059590 0.108108
5 0.511173 0.554054 0.087523 0.141141
16 0.496276 0.702703 0.057728 0.084084
9 0.511173 0.872372 0.087523 0.141141
34 0.589385 0.064565 0.054004 0.099099
19 0.596834 0.177177 0.068901 0.084084
7 0.606145 0.331832 0.087523 0.141141
22 0.591248 0.481982 0.057728 0.081081
4 0.606145 0.617117 0.087523 0.141141
1 0.606145 0.788288 0.087523 0.141141
8 0.701117 0.106607 0.087523 0.141141
18 0.691806 0.252252 0.068901 0.102102
17 0.693669 0.393393 0.072626 0.096096
32 0.777467 0.524024 0.240223 0.069069
6 0.701117 0.683183 0.087523 0.141141
15 0.696462 0.848348 0.078212 0.099099
30 0.940410 0.081081 0.070764 0.114114
20 0.940410 0.244745 0.070764 0.099099
21 0.932030 0.351351 0.054004 0.084084
14 0.948790 0.524024 0.087523 0.141141
0 0.948790 0.710210 0.087523 0.141141
28 0.933892 0.873874 0.057728 0.096096