6 0.043762 0.089939 0.087523 0.143293
29 0.029795 0.240854 0.059590 0.109756
0 0.043762 0.397866 0.087523 0.143293
30 0.035382 0.570122 0.070764 0.115854
15 0.039106 0.702744 0.078212 0.100610
14 0.043762 0.846037 0.087523 0.143293
32 0.215084 0.074695 0.240223 0.070122
10 0.138734 0.214939 0.087523 0.143293
31 0.151769 0.336890 0.113594 0.070122
34 0.121974 0.446646 0.054004 0.100610
26 0.124767 0.571646 0.059590 0.106707
35 0.126629 0.698171 0.063315 0.085366
18 0.377095 0.085366 0.068901 0.103659
12 0.386406 0.239329 0.087523 0.143293
8 0.386406 0.400915 0.087523 0.143293
2 0.386406 0.589939 0.087523 0.143293
17 0.378957 0.753049 0.072626 0.097561
16 0.371508 0.899390 0.057728 0.085366
24 0.463687 0.077744 0.052142 0.088415
20 0.472998 0.221037 0.070764 0.100610
7 0.481378 0.379573 0.087523 0.143293
4 0.481378 0.580793 0.087523 0.143293
11 0.481378 0.778963 0.087523 0.143293
28 0.466480 0.935976 0.057728 0.097561
13 0.576350 0.111280 0.087523 0.143293
27 0.558659 0.240854 0.052142 0.085366
22 0.561453 0.342988 0.057728 0.082317
5 0.576350 0.516768 0.087523 0.143293
19 0.567039 0.689024 0.068901 0.085366
25 0.715084 0.832317 0.364991 0.079268
23 0.936685 0.089939 0.063315 0.094512
3 0.948790 0.239329 0.087523 0.143293
9 0.948790 0.419207 0.087523 0.143293
33 0.935754 0.576220 0.061453 0.103659
21 0.932030 0.698171 0.054004 0.085366
1 0.948790 0.846037 0.087523 0.143293