34 0.027410 0.062327 0.054820 0.091413
24 0.026465 0.195291 0.052930 0.080332
27 0.026465 0.304709 0.052930 0.077562
5 0.044423 0.461219 0.088847 0.130194
7 0.044423 0.632964 0.088847 0.130194
18 0.034972 0.783934 0.069943 0.094183
25 0.281664 0.072022 0.370510 0.072022
31 0.154064 0.195291 0.115312 0.063712
0 0.140832 0.308864 0.088847 0.130194
3 0.140832 0.475069 0.088847 0.130194
9 0.140832 0.624654 0.088847 0.130194
1 0.140832 0.785319 0.088847 0.130194
29 0.504726 0.091413 0.060491 0.099723
28 0.503781 0.229917 0.058601 0.088643
30 0.510397 0.379501 0.071834 0.105263
11 0.518904 0.533241 0.088847 0.130194
22 0.503781 0.652355 0.058601 0.074792
32 0.596408 0.746537 0.243856 0.063712
15 0.765595 0.084488 0.079395 0.091413
14 0.770321 0.209141 0.088847 0.130194
4 0.770321 0.367036 0.088847 0.130194
10 0.770321 0.522161 0.088847 0.130194
23 0.758034 0.666205 0.064272 0.085873
20 0.761815 0.796399 0.071834 0.091413
8 0.866730 0.101108 0.088847 0.130194
19 0.857278 0.246537 0.069943 0.077562
2 0.866730 0.394737 0.088847 0.130194
13 0.866730 0.555402 0.088847 0.130194
6 0.866730 0.716066 0.088847 0.130194
12 0.866730 0.898892 0.088847 0.130194
26 0.948960 0.070637 0.060491 0.096953
21 0.946125 0.210526 0.054820 0.077562
17 0.955577 0.318560 0.073724 0.088643
35 0.950851 0.434903 0.064272 0.077562
33 0.949905 0.562327 0.062382 0.094183
16 0.948015 0.670360 0.058601 0.077562