30 0.034483 0.086022 0.068966 0.102151
32 0.117060 0.219086 0.234120 0.061828
18 0.033575 0.327957 0.067151 0.091398
28 0.028131 0.448925 0.056261 0.086022
33 0.029946 0.583333 0.059891 0.091398
13 0.042650 0.740591 0.085299 0.126344
5 0.284029 0.090054 0.085299 0.126344
20 0.275862 0.232527 0.068966 0.088710
35 0.272232 0.365591 0.061706 0.075269
19 0.274955 0.475806 0.067151 0.075269
21 0.267695 0.599462 0.052632 0.075269
6 0.284029 0.751344 0.085299 0.126344
26 0.362976 0.084677 0.058076 0.094086
14 0.376588 0.208333 0.085299 0.126344
25 0.511797 0.327957 0.355717 0.069892
4 0.376588 0.452957 0.085299 0.126344
22 0.362069 0.571237 0.056261 0.072581
17 0.369328 0.672043 0.070780 0.086022
1 0.739564 0.079301 0.085299 0.126344
27 0.722323 0.193548 0.050817 0.075269
8 0.739564 0.348118 0.085299 0.126344
23 0.727768 0.471774 0.061706 0.083333
15 0.735027 0.581989 0.076225 0.088710
2 0.739564 0.708333 0.085299 0.126344
29 0.818512 0.075269 0.058076 0.096774
16 0.817604 0.190860 0.056261 0.075269
24 0.814882 0.307796 0.050817 0.077957
31 0.844828 0.426075 0.110708 0.061828
34 0.815789 0.533602 0.052632 0.088710
7 0.832123 0.654570 0.085299 0.126344
9 0.950091 0.087366 0.085299 0.126344
10 0.950091 0.248656 0.085299 0.126344
0 0.950091 0.415323 0.085299 0.126344
12 0.950091 0.581989 0.085299 0.126344
11 0.950091 0.745968 0.085299 0.126344
3 0.950091 0.923387 0.085299 0.126344