26 0.034115 0.079104 0.068230 0.104478
9 0.050107 0.231343 0.100213 0.140299
6 0.050107 0.395522 0.100213 0.140299
31 0.065032 0.517910 0.130064 0.068657
28 0.033049 0.629851 0.066098 0.095522
29 0.034115 0.785075 0.068230 0.107463
1 0.188699 0.091045 0.100213 0.140299
0 0.188699 0.270149 0.100213 0.140299
24 0.168443 0.416418 0.059701 0.086567
14 0.188699 0.553731 0.100213 0.140299
30 0.179104 0.731343 0.081023 0.113433
18 0.178038 0.898507 0.078891 0.101493
22 0.280384 0.061194 0.066098 0.080597
11 0.297441 0.195522 0.100213 0.140299
21 0.278252 0.334328 0.061834 0.083582
19 0.286780 0.441791 0.078891 0.083582
34 0.278252 0.586567 0.061834 0.098507
15 0.292111 0.708955 0.089552 0.098507
7 0.406183 0.102985 0.100213 0.140299
3 0.406183 0.258209 0.100213 0.140299
5 0.406183 0.425373 0.100213 0.140299
16 0.389126 0.591045 0.066098 0.083582
33 0.391258 0.737313 0.070362 0.101493
13 0.406183 0.897015 0.100213 0.140299
27 0.494670 0.062687 0.059701 0.083582
35 0.501066 0.197015 0.072495 0.083582
2 0.514925 0.344776 0.100213 0.140299
12 0.514925 0.532836 0.100213 0.140299
17 0.506397 0.674627 0.083156 0.095522
10 0.514925 0.828358 0.100213 0.140299
32 0.711087 0.049254 0.275053 0.068657
8 0.623667 0.168657 0.100213 0.140299
25 0.782516 0.337313 0.417910 0.077612
23 0.609808 0.440299 0.072495 0.092537
20 0.614072 0.595522 0.081023 0.098507
4 0.623667 0.774627 0.100213 0.140299