7 0.042650 0.106481 0.085299 0.145062
34 0.026316 0.254630 0.052632 0.101852
6 0.042650 0.393519 0.085299 0.145062
1 0.042650 0.584877 0.085299 0.145062
18 0.033575 0.737654 0.067151 0.104938
4 0.042650 0.908951 0.085299 0.145062
9 0.135209 0.112654 0.085299 0.145062
27 0.117967 0.274691 0.050817 0.086420
20 0.127042 0.405864 0.068966 0.101852
11 0.135209 0.560185 0.085299 0.145062
33 0.122505 0.709877 0.059891 0.104938
19 0.126134 0.842593 0.067151 0.086420
25 0.362976 0.086420 0.355717 0.080247
12 0.227768 0.220679 0.085299 0.145062
10 0.227768 0.381173 0.085299 0.145062
15 0.223230 0.541667 0.076225 0.101852
22 0.213249 0.695988 0.056261 0.083333
21 0.211434 0.802469 0.052632 0.086420
35 0.578947 0.077160 0.061706 0.086420
24 0.573503 0.189815 0.050817 0.089506
5 0.590744 0.359568 0.085299 0.145062
26 0.577132 0.501543 0.058076 0.108025
23 0.578947 0.621914 0.061706 0.095679
29 0.577132 0.750000 0.058076 0.111111
31 0.696007 0.057099 0.110708 0.070988
8 0.683303 0.186728 0.085299 0.145062
14 0.683303 0.350309 0.085299 0.145062
3 0.683303 0.538580 0.085299 0.145062
17 0.676044 0.675926 0.070780 0.098765
16 0.668784 0.790123 0.056261 0.086420
2 0.801270 0.103395 0.085299 0.145062
13 0.801270 0.294753 0.085299 0.145062
32 0.875681 0.442901 0.234120 0.070988
30 0.793103 0.583333 0.068966 0.117284
0 0.801270 0.739198 0.085299 0.145062
28 0.786751 0.916667 0.056261 0.098765