0 0.042650 0.091304 0.085299 0.136232
24 0.025408 0.247826 0.050817 0.084058
14 0.042650 0.404348 0.085299 0.136232
31 0.055354 0.557971 0.110708 0.066667
2 0.042650 0.697101 0.085299 0.136232
8 0.042650 0.873913 0.085299 0.136232
25 0.295826 0.072464 0.355717 0.075362
19 0.151543 0.173913 0.067151 0.081159
26 0.147005 0.320290 0.058076 0.101449
1 0.160617 0.453623 0.085299 0.136232
7 0.160617 0.624638 0.085299 0.136232
9 0.160617 0.815942 0.085299 0.136232
33 0.510889 0.066667 0.059891 0.098551
3 0.523593 0.207246 0.085299 0.136232
12 0.523593 0.378261 0.085299 0.136232
5 0.523593 0.549275 0.085299 0.136232
23 0.511797 0.697101 0.061706 0.089855
13 0.523593 0.824638 0.085299 0.136232
29 0.602541 0.092754 0.058076 0.104348
11 0.616152 0.253623 0.085299 0.136232
22 0.601633 0.375362 0.056261 0.078261
6 0.616152 0.523188 0.085299 0.136232
10 0.616152 0.694203 0.085299 0.136232
16 0.601633 0.828986 0.056261 0.081159
32 0.783122 0.071014 0.234120 0.066667
27 0.691470 0.197101 0.050817 0.081159
15 0.704174 0.326087 0.076225 0.095652
17 0.701452 0.457971 0.070780 0.092754
21 0.692377 0.571014 0.052632 0.081159
34 0.692377 0.685507 0.052632 0.095652
18 0.941016 0.069565 0.067151 0.098551
4 0.950091 0.201449 0.085299 0.136232
20 0.941924 0.360870 0.068966 0.095652
28 0.935572 0.498551 0.056261 0.092754
35 0.938294 0.600000 0.061706 0.081159
30 0.941924 0.715942 0.068966 0.110145