3 0.043762 0.102740 0.087523 0.128767
19 0.034451 0.252055 0.068901 0.076712
4 0.043762 0.409589 0.087523 0.128767
5 0.043762 0.582192 0.087523 0.128767
2 0.043762 0.743836 0.087523 0.128767
9 0.043762 0.913699 0.087523 0.128767
30 0.130354 0.076712 0.070764 0.104110
35 0.126629 0.219178 0.063315 0.076712
17 0.131285 0.323288 0.072626 0.087671
16 0.123836 0.424658 0.057728 0.076712
8 0.138734 0.543836 0.087523 0.128767
21 0.121974 0.668493 0.054004 0.076712
1 0.233706 0.094521 0.087523 0.128767
34 0.216946 0.245205 0.054004 0.090411
25 0.372439 0.372603 0.364991 0.071233
28 0.218808 0.490411 0.057728 0.087671
20 0.225326 0.626027 0.070764 0.090411
24 0.216015 0.746575 0.052142 0.079452
27 0.588454 0.052055 0.052142 0.076712
14 0.606145 0.176712 0.087523 0.128767
33 0.593110 0.328767 0.061453 0.093151
29 0.592179 0.473973 0.059590 0.098630
6 0.606145 0.639726 0.087523 0.128767
23 0.594041 0.798630 0.063315 0.084932
31 0.714153 0.067123 0.113594 0.063014
22 0.686220 0.190411 0.057728 0.073973
26 0.687151 0.316438 0.059590 0.095890
11 0.701117 0.478082 0.087523 0.128767
32 0.777467 0.623288 0.240223 0.063014
0 0.701117 0.735616 0.087523 0.128767
12 0.948790 0.078082 0.087523 0.128767
10 0.948790 0.236986 0.087523 0.128767
7 0.948790 0.379452 0.087523 0.128767
18 0.939479 0.536986 0.068901 0.093151
15 0.944134 0.653425 0.078212 0.090411
13 0.948790 0.776712 0.087523 0.128767