34 0.026316 0.071429 0.052632 0.100304
10 0.042650 0.220365 0.085299 0.142857
17 0.035390 0.379939 0.070780 0.097264
0 0.042650 0.536474 0.085299 0.142857
19 0.033575 0.711246 0.067151 0.085106
26 0.029038 0.846505 0.058076 0.106383
20 0.127042 0.083587 0.068966 0.100304
35 0.123412 0.231003 0.061706 0.085106
24 0.117967 0.366261 0.050817 0.088146
4 0.135209 0.515198 0.085299 0.142857
14 0.135209 0.715805 0.085299 0.142857
13 0.135209 0.873860 0.085299 0.142857
31 0.240472 0.053191 0.110708 0.069909
29 0.214156 0.167173 0.058076 0.109422
2 0.227768 0.320669 0.085299 0.142857
16 0.213249 0.452888 0.056261 0.085106
27 0.210526 0.586626 0.050817 0.085106
22 0.213249 0.727964 0.056261 0.082067
7 0.345735 0.089666 0.085299 0.142857
21 0.329401 0.237082 0.052632 0.085106
30 0.337568 0.392097 0.068966 0.115502
3 0.345735 0.572948 0.085299 0.142857
32 0.420145 0.734043 0.234120 0.069909
9 0.345735 0.895137 0.085299 0.142857
8 0.587114 0.086626 0.085299 0.142857
33 0.574410 0.227964 0.059891 0.103343
28 0.572595 0.386018 0.056261 0.097264
5 0.587114 0.530395 0.085299 0.142857
6 0.587114 0.734043 0.085299 0.142857
1 0.587114 0.892097 0.085299 0.142857
25 0.814882 0.072948 0.355717 0.079027
11 0.679673 0.205167 0.085299 0.142857
23 0.667877 0.381459 0.061706 0.094225
18 0.670599 0.504559 0.067151 0.103343
12 0.679673 0.664134 0.085299 0.142857
15 0.675136 0.806991 0.076225 0.100304