10 0.042650 0.077869 0.085299 0.128415
2 0.042650 0.225410 0.085299 0.128415
32 0.117060 0.370219 0.234120 0.062842
4 0.042650 0.509563 0.085299 0.128415
33 0.029946 0.644809 0.059891 0.092896
23 0.030853 0.782787 0.061706 0.084699
29 0.270417 0.079235 0.058076 0.098361
20 0.275862 0.228142 0.068966 0.090164
6 0.284029 0.392077 0.085299 0.128415
21 0.267695 0.549180 0.052632 0.076503
7 0.284029 0.692623 0.085299 0.128415
5 0.284029 0.856557 0.085299 0.128415
27 0.359347 0.065574 0.050817 0.076503
28 0.362069 0.188525 0.056261 0.087432
26 0.362976 0.296448 0.058076 0.095628
35 0.364791 0.396175 0.061706 0.076503
24 0.359347 0.517760 0.050817 0.079235
9 0.376588 0.646175 0.085299 0.128415
25 0.604356 0.068306 0.355717 0.071038
30 0.460980 0.180328 0.068966 0.103825
16 0.454628 0.314208 0.056261 0.076503
34 0.452813 0.433060 0.052632 0.090164
22 0.454628 0.545082 0.056261 0.073770
11 0.469147 0.662568 0.085299 0.128415
8 0.832123 0.080601 0.085299 0.128415
15 0.827586 0.233607 0.076225 0.090164
14 0.832123 0.392077 0.085299 0.128415
0 0.832123 0.575137 0.085299 0.128415
13 0.832123 0.736339 0.085299 0.128415
1 0.832123 0.913934 0.085299 0.128415
31 0.937387 0.069672 0.110708 0.062842
17 0.917423 0.174863 0.070780 0.087432
18 0.915608 0.292350 0.067151 0.092896
12 0.924682 0.438525 0.085299 0.128415
19 0.915608 0.557377 0.067151 0.076503
3 0.924682 0.703552 0.085299 0.128415