19 0.033575 0.059659 0.067151 0.079545
30 0.034483 0.207386 0.068966 0.107955
22 0.028131 0.316761 0.056261 0.076705
25 0.177858 0.440341 0.355717 0.073864
35 0.030853 0.534091 0.061706 0.079545
4 0.042650 0.660511 0.085299 0.133523
18 0.396552 0.071023 0.067151 0.096591
15 0.401089 0.211648 0.076225 0.093750
24 0.388385 0.342330 0.050817 0.082386
16 0.391107 0.448864 0.056261 0.079545
10 0.405626 0.569602 0.085299 0.133523
33 0.392922 0.735795 0.059891 0.096591
27 0.480944 0.071023 0.050817 0.079545
8 0.498185 0.225852 0.085299 0.133523
31 0.510889 0.342330 0.110708 0.065341
0 0.498185 0.473011 0.085299 0.133523
20 0.490018 0.626420 0.068966 0.093750
21 0.481851 0.727273 0.052632 0.079545
34 0.599819 0.061080 0.052632 0.093750
28 0.601633 0.204545 0.056261 0.090909
14 0.616152 0.370739 0.085299 0.133523
9 0.616152 0.529830 0.085299 0.133523
2 0.616152 0.697443 0.085299 0.133523
5 0.616152 0.848011 0.085299 0.133523
23 0.696915 0.080966 0.061706 0.088068
32 0.783122 0.174716 0.234120 0.065341
17 0.701452 0.289773 0.070780 0.090909
29 0.695100 0.431818 0.058076 0.102273
26 0.695100 0.583807 0.058076 0.099432
3 0.708711 0.757102 0.085299 0.133523
7 0.950091 0.083807 0.085299 0.133523
12 0.950091 0.245739 0.085299 0.133523
6 0.950091 0.413352 0.085299 0.133523
1 0.950091 0.572443 0.085299 0.133523
11 0.950091 0.757102 0.085299 0.133523
13 0.950091 0.913352 0.085299 0.133523