23 0.030853 0.069014 0.061706 0.087324
13 0.042650 0.223944 0.085299 0.132394
7 0.042650 0.395775 0.085299 0.132394
1 0.042650 0.553521 0.085299 0.132394
30 0.034483 0.707042 0.068966 0.107042
4 0.042650 0.880282 0.085299 0.132394
31 0.147913 0.052113 0.110708 0.064789
9 0.135209 0.201408 0.085299 0.132394
27 0.117967 0.363380 0.050817 0.078873
3 0.135209 0.505634 0.085299 0.132394
22 0.120690 0.663380 0.056261 0.076056
17 0.127949 0.783099 0.070780 0.090141
29 0.239564 0.081690 0.058076 0.101408
26 0.239564 0.223944 0.058076 0.098592
16 0.238657 0.369014 0.056261 0.078873
8 0.253176 0.519718 0.085299 0.132394
28 0.238657 0.659155 0.056261 0.090141
2 0.253176 0.784507 0.085299 0.132394
34 0.329401 0.074648 0.052632 0.092958
15 0.341198 0.198592 0.076225 0.092958
19 0.336661 0.326761 0.067151 0.078873
35 0.333938 0.425352 0.061706 0.078873
14 0.345735 0.556338 0.085299 0.132394
6 0.345735 0.714085 0.085299 0.132394
20 0.430127 0.085915 0.068966 0.092958
11 0.438294 0.252113 0.085299 0.132394
33 0.425590 0.408451 0.059891 0.095775
5 0.438294 0.553521 0.085299 0.132394
32 0.512704 0.708451 0.234120 0.064789
12 0.438294 0.852113 0.085299 0.132394
21 0.663339 0.059155 0.052632 0.078873
0 0.679673 0.187324 0.085299 0.132394
18 0.670599 0.332394 0.067151 0.095775
10 0.679673 0.485915 0.085299 0.132394
25 0.814882 0.605634 0.355717 0.073239
24 0.662432 0.700000 0.050817 0.081690