0 0.042650 0.089706 0.085299 0.138235
18 0.033575 0.229412 0.067151 0.100000
24 0.025408 0.360294 0.050817 0.085294
4 0.042650 0.501471 0.085299 0.138235
2 0.042650 0.683824 0.085299 0.138235
8 0.042650 0.875000 0.085299 0.138235
23 0.123412 0.072059 0.061706 0.091176
1 0.135209 0.225000 0.085299 0.138235
28 0.120690 0.361765 0.056261 0.094118
9 0.135209 0.527941 0.085299 0.138235
3 0.135209 0.713235 0.085299 0.138235
26 0.121597 0.851471 0.058076 0.102941
14 0.227768 0.083824 0.085299 0.138235
5 0.227768 0.236765 0.085299 0.138235
27 0.210526 0.361765 0.050817 0.082353
19 0.218693 0.467647 0.067151 0.082353
34 0.211434 0.610294 0.052632 0.097059
20 0.219601 0.722059 0.068966 0.097059
35 0.308530 0.085294 0.061706 0.082353
32 0.394737 0.213235 0.234120 0.067647
6 0.320327 0.348529 0.085299 0.138235
22 0.305808 0.480882 0.056261 0.079412
16 0.305808 0.605882 0.056261 0.082353
15 0.315789 0.742647 0.076225 0.097059
29 0.548094 0.067647 0.058076 0.105882
7 0.561706 0.222059 0.085299 0.138235
30 0.553539 0.382353 0.068966 0.111765
33 0.549002 0.541176 0.059891 0.100000
31 0.574410 0.660294 0.110708 0.067647
11 0.561706 0.792647 0.085299 0.138235
17 0.672414 0.079412 0.070780 0.094118
13 0.679673 0.222059 0.085299 0.138235
12 0.679673 0.413235 0.085299 0.138235
21 0.663339 0.582353 0.052632 0.082353
10 0.679673 0.716176 0.085299 0.138235
25 0.814882 0.861765 0.355717 0.076471