25 0.211207 0.064607 0.422414 0.073034
32 0.139009 0.183989 0.278017 0.064607
12 0.050647 0.313202 0.101293 0.132022
22 0.033405 0.456461 0.066810 0.075843
18 0.039871 0.592697 0.079741 0.095506
0 0.050647 0.754213 0.101293 0.132022
7 0.481681 0.099719 0.101293 0.132022
20 0.471983 0.234551 0.081897 0.092697
29 0.465517 0.345506 0.068966 0.101124
16 0.464440 0.480337 0.066810 0.078652
9 0.481681 0.636236 0.101293 0.132022
6 0.481681 0.787921 0.101293 0.132022
14 0.591595 0.085674 0.101293 0.132022
28 0.574353 0.235955 0.066810 0.089888
27 0.571121 0.365169 0.060345 0.078652
4 0.591595 0.507022 0.101293 0.132022
3 0.591595 0.695225 0.101293 0.132022
17 0.582974 0.856742 0.084052 0.089888
13 0.701509 0.085674 0.101293 0.132022
19 0.690733 0.227528 0.079741 0.078652
2 0.701509 0.363764 0.101293 0.132022
11 0.701509 0.549157 0.101293 0.132022
5 0.701509 0.723315 0.101293 0.132022
8 0.701509 0.905899 0.101293 0.132022
31 0.826509 0.057584 0.131466 0.064607
35 0.797414 0.154494 0.073276 0.078652
10 0.811422 0.279494 0.101293 0.132022
26 0.795259 0.419944 0.068966 0.098315
24 0.790948 0.543539 0.060345 0.081461
1 0.811422 0.678371 0.101293 0.132022
33 0.936422 0.073034 0.071121 0.095506
21 0.932112 0.216292 0.062500 0.078652
30 0.941810 0.323034 0.081897 0.106742
15 0.946121 0.450843 0.090517 0.092697
34 0.932112 0.568820 0.062500 0.092697
23 0.937500 0.681180 0.073276 0.087079