2 0.043762 0.104585 0.087523 0.134670
21 0.027002 0.243553 0.054004 0.080229
17 0.036313 0.378223 0.072626 0.091691
34 0.027002 0.511461 0.054004 0.094556
5 0.043762 0.683381 0.087523 0.134670
27 0.026071 0.836676 0.052142 0.080229
24 0.121043 0.078797 0.052142 0.083095
32 0.215084 0.190544 0.240223 0.065903
6 0.138734 0.333811 0.087523 0.134670
28 0.123836 0.489971 0.057728 0.091691
35 0.126629 0.595989 0.063315 0.080229
31 0.151769 0.694842 0.113594 0.065903
25 0.525140 0.060172 0.364991 0.074499
7 0.386406 0.210602 0.087523 0.134670
26 0.372439 0.342407 0.059590 0.100287
23 0.374302 0.494269 0.063315 0.088825
22 0.371508 0.634670 0.057728 0.077364
19 0.377095 0.753582 0.068901 0.080229
33 0.745810 0.088825 0.061453 0.097421
3 0.758845 0.224928 0.087523 0.134670
30 0.750466 0.375358 0.070764 0.108883
4 0.758845 0.528653 0.087523 0.134670
14 0.758845 0.683381 0.087523 0.134670
1 0.758845 0.858166 0.087523 0.134670
20 0.845438 0.061605 0.070764 0.094556
29 0.839851 0.186246 0.059590 0.103152
13 0.853818 0.359599 0.087523 0.134670
18 0.844507 0.521490 0.068901 0.097421
9 0.853818 0.666189 0.087523 0.134670
11 0.853818 0.852436 0.087523 0.134670
12 0.948790 0.093123 0.087523 0.134670
16 0.933892 0.232092 0.057728 0.080229
8 0.948790 0.368195 0.087523 0.134670
0 0.948790 0.560172 0.087523 0.134670
10 0.948790 0.729226 0.087523 0.134670
15 0.944134 0.898281 0.078212 0.094556