1 0.042650 0.085329 0.085299 0.140719
2 0.042650 0.285928 0.085299 0.140719
10 0.042650 0.468563 0.085299 0.140719
15 0.038113 0.612275 0.076225 0.098802
17 0.035390 0.730539 0.070780 0.095808
4 0.042650 0.878743 0.085299 0.140719
34 0.118875 0.094311 0.052632 0.098802
16 0.120690 0.212575 0.056261 0.083832
27 0.117967 0.350299 0.050817 0.083832
18 0.126134 0.458084 0.067151 0.101796
20 0.127042 0.606287 0.068966 0.098802
11 0.135209 0.773952 0.085299 0.140719
22 0.213249 0.082335 0.056261 0.080838
21 0.211434 0.221557 0.052632 0.083832
30 0.219601 0.353293 0.068966 0.113772
24 0.210526 0.501497 0.050817 0.086826
31 0.240472 0.627246 0.110708 0.068862
13 0.227768 0.782934 0.085299 0.140719
25 0.480944 0.053892 0.355717 0.077844
14 0.345735 0.196108 0.085299 0.140719
29 0.332123 0.338323 0.058076 0.107784
3 0.345735 0.495509 0.085299 0.140719
26 0.332123 0.648204 0.058076 0.104790
12 0.345735 0.797904 0.085299 0.140719
0 0.708711 0.112275 0.085299 0.140719
19 0.699637 0.266467 0.067151 0.083832
33 0.696007 0.413174 0.059891 0.101796
35 0.696915 0.556886 0.061706 0.083832
7 0.708711 0.690120 0.085299 0.140719
5 0.708711 0.848802 0.085299 0.140719
8 0.801270 0.094311 0.085299 0.140719
28 0.786751 0.233533 0.056261 0.095808
23 0.789474 0.381737 0.061706 0.092814
32 0.875681 0.522455 0.234120 0.068862
9 0.801270 0.681138 0.085299 0.140719
6 0.801270 0.878743 0.085299 0.140719