28 0.028131 0.073746 0.056261 0.094395
2 0.042650 0.216814 0.085299 0.138643
5 0.042650 0.390855 0.085299 0.138643
30 0.034483 0.551622 0.068966 0.112094
25 0.177858 0.669617 0.355717 0.076696
22 0.028131 0.771386 0.056261 0.079646
33 0.392922 0.076696 0.059891 0.100295
6 0.405626 0.234513 0.085299 0.138643
20 0.397459 0.376106 0.068966 0.097345
32 0.480036 0.502950 0.234120 0.067847
23 0.393829 0.609145 0.061706 0.091445
0 0.405626 0.762537 0.085299 0.138643
16 0.632486 0.085546 0.056261 0.082596
10 0.647005 0.231563 0.085299 0.138643
27 0.629764 0.386431 0.050817 0.082596
26 0.633394 0.511799 0.058076 0.103245
8 0.647005 0.685841 0.085299 0.138643
17 0.639746 0.834808 0.070780 0.094395
24 0.722323 0.069322 0.050817 0.085546
4 0.739564 0.228614 0.085299 0.138643
14 0.739564 0.426254 0.085299 0.138643
29 0.725953 0.592920 0.058076 0.106195
1 0.739564 0.735988 0.085299 0.138643
15 0.735027 0.880531 0.076225 0.097345
35 0.820327 0.073746 0.061706 0.082596
9 0.832123 0.243363 0.085299 0.138643
11 0.832123 0.441003 0.085299 0.138643
18 0.823049 0.610619 0.067151 0.100295
21 0.815789 0.758112 0.052632 0.082596
19 0.823049 0.867257 0.067151 0.082596
12 0.924682 0.092920 0.085299 0.138643
7 0.924682 0.249263 0.085299 0.138643
31 0.937387 0.387906 0.110708 0.067847
34 0.908348 0.523599 0.052632 0.097345
13 0.924682 0.697640 0.085299 0.138643
3 0.924682 0.883481 0.085299 0.138643