22 0.028131 0.077259 0.056261 0.078717
27 0.025408 0.195335 0.050817 0.081633
20 0.034483 0.327988 0.068966 0.096210
2 0.042650 0.467930 0.085299 0.137026
33 0.029946 0.635569 0.059891 0.099125
28 0.028131 0.775510 0.056261 0.093294
12 0.135209 0.100583 0.085299 0.137026
5 0.135209 0.295918 0.085299 0.137026
0 0.135209 0.491254 0.085299 0.137026
9 0.135209 0.642857 0.085299 0.137026
15 0.130672 0.817784 0.076225 0.096210
19 0.126134 0.941691 0.067151 0.081633
16 0.213249 0.061224 0.056261 0.081633
4 0.227768 0.202624 0.085299 0.137026
7 0.227768 0.360058 0.085299 0.137026
14 0.227768 0.526239 0.085299 0.137026
26 0.214156 0.695335 0.058076 0.102041
8 0.227768 0.844023 0.085299 0.137026
35 0.308530 0.069971 0.061706 0.081633
30 0.312160 0.218659 0.068966 0.110787
1 0.320327 0.360058 0.085299 0.137026
32 0.394737 0.511662 0.234120 0.067055
6 0.320327 0.654519 0.085299 0.137026
13 0.320327 0.835277 0.085299 0.137026
3 0.561706 0.103499 0.085299 0.137026
18 0.552632 0.279883 0.067151 0.099125
29 0.548094 0.402332 0.058076 0.104956
23 0.549909 0.543732 0.061706 0.090379
11 0.561706 0.680758 0.085299 0.137026
25 0.696915 0.822157 0.355717 0.075802
17 0.917423 0.067055 0.070780 0.093294
10 0.924682 0.208455 0.085299 0.137026
34 0.908348 0.360058 0.052632 0.096210
31 0.937387 0.500000 0.110708 0.067055
24 0.907441 0.613703 0.050817 0.084548
21 0.908348 0.714286 0.052632 0.081633