22 0.028388 0.081538 0.056777 0.083077
24 0.025641 0.210769 0.051282 0.089231
12 0.043040 0.346154 0.086081 0.144615
29 0.029304 0.532308 0.058608 0.110769
30 0.034799 0.698462 0.069597 0.116923
3 0.043040 0.856923 0.086081 0.144615
17 0.129121 0.080000 0.071429 0.098462
10 0.136447 0.226154 0.086081 0.144615
9 0.136447 0.389231 0.086081 0.144615
13 0.136447 0.583077 0.086081 0.144615
20 0.128205 0.749231 0.069597 0.101538
34 0.119963 0.912308 0.053114 0.101538
15 0.225275 0.075385 0.076923 0.101538
27 0.212454 0.215385 0.051282 0.086154
16 0.215201 0.326154 0.056777 0.086154
28 0.215201 0.467692 0.056777 0.098462
18 0.220696 0.593846 0.067766 0.104615
26 0.216117 0.727692 0.058608 0.107692
4 0.314103 0.112308 0.086081 0.144615
1 0.314103 0.300000 0.086081 0.144615
21 0.297619 0.461538 0.053114 0.086154
8 0.314103 0.601538 0.086081 0.144615
7 0.314103 0.798462 0.086081 0.144615
32 0.389194 0.940000 0.236264 0.070769
35 0.545788 0.070769 0.062271 0.086154
33 0.544872 0.193846 0.060440 0.104615
25 0.694139 0.323077 0.358974 0.080000
6 0.557692 0.460000 0.086081 0.144615
14 0.557692 0.620000 0.086081 0.144615
0 0.557692 0.798462 0.086081 0.144615
11 0.923993 0.087692 0.086081 0.144615
2 0.923993 0.293846 0.086081 0.144615
5 0.923993 0.466154 0.086081 0.144615
23 0.912088 0.620000 0.062271 0.095385
31 0.936813 0.752308 0.111722 0.070769
19 0.914835 0.867692 0.067766 0.086154