3 0.042650 0.107477 0.085299 0.146417
16 0.028131 0.258567 0.056261 0.087227
22 0.028131 0.394081 0.056261 0.084112
6 0.042650 0.568536 0.085299 0.146417
4 0.042650 0.777259 0.085299 0.146417
17 0.035390 0.915888 0.070780 0.099688
7 0.135209 0.101246 0.085299 0.146417
10 0.135209 0.306854 0.085299 0.146417
15 0.130672 0.453271 0.076225 0.102804
8 0.135209 0.621495 0.085299 0.146417
30 0.127042 0.778816 0.068966 0.118380
19 0.126134 0.915888 0.067151 0.087227
0 0.227768 0.095016 0.085299 0.146417
11 0.227768 0.275701 0.085299 0.146417
23 0.215971 0.412773 0.061706 0.096573
29 0.214156 0.554517 0.058076 0.112150
26 0.214156 0.724299 0.058076 0.109034
33 0.215064 0.859813 0.059891 0.105919
13 0.320327 0.095016 0.085299 0.146417
27 0.303085 0.261682 0.050817 0.087227
34 0.303993 0.406542 0.052632 0.102804
12 0.320327 0.552960 0.085299 0.146417
35 0.308530 0.732087 0.061706 0.087227
31 0.333031 0.836449 0.110708 0.071651
28 0.423775 0.068536 0.056261 0.099688
20 0.430127 0.194704 0.068966 0.102804
18 0.429220 0.358255 0.067151 0.105919
25 0.573503 0.498442 0.355717 0.080997
2 0.438294 0.668224 0.085299 0.146417
14 0.438294 0.876947 0.085299 0.146417
32 0.875681 0.070093 0.234120 0.071651
21 0.784936 0.171340 0.052632 0.087227
9 0.801270 0.319315 0.085299 0.146417
5 0.801270 0.521807 0.085299 0.146417
24 0.784029 0.668224 0.050817 0.090343
1 0.801270 0.845794 0.085299 0.146417