35 0.030853 0.063636 0.061706 0.084848
28 0.028131 0.172727 0.056261 0.096970
18 0.033575 0.293939 0.067151 0.103030
10 0.042650 0.431818 0.085299 0.142424
20 0.034483 0.598485 0.068966 0.100000
7 0.042650 0.737879 0.085299 0.142424
27 0.117967 0.081818 0.050817 0.084848
33 0.122505 0.224242 0.059891 0.103030
24 0.117967 0.359091 0.050817 0.087879
12 0.135209 0.495455 0.085299 0.142424
31 0.147913 0.622727 0.110708 0.069697
13 0.135209 0.756061 0.085299 0.142424
2 0.253176 0.113636 0.085299 0.142424
34 0.236842 0.280303 0.052632 0.100000
32 0.327586 0.422727 0.234120 0.069697
4 0.253176 0.562121 0.085299 0.142424
26 0.239564 0.731818 0.058076 0.106061
9 0.253176 0.889394 0.085299 0.142424
3 0.494555 0.113636 0.085299 0.142424
19 0.485481 0.254545 0.067151 0.084848
29 0.480944 0.381818 0.058076 0.109091
21 0.478221 0.512121 0.052632 0.084848
23 0.482759 0.631818 0.061706 0.093939
5 0.494555 0.810606 0.085299 0.142424
22 0.572595 0.062121 0.056261 0.081818
6 0.587114 0.189394 0.085299 0.142424
14 0.587114 0.383333 0.085299 0.142424
0 0.587114 0.577273 0.085299 0.142424
1 0.587114 0.740909 0.085299 0.142424
16 0.572595 0.875758 0.056261 0.084848
30 0.671506 0.075758 0.068966 0.115152
8 0.679673 0.243939 0.085299 0.142424
15 0.675136 0.386364 0.076225 0.100000
11 0.679673 0.543939 0.085299 0.142424
25 0.814882 0.681818 0.355717 0.078788
17 0.672414 0.824242 0.070780 0.096970