7 0.042650 0.101429 0.085299 0.134286
10 0.042650 0.284286 0.085299 0.134286
2 0.042650 0.432857 0.085299 0.134286
28 0.028131 0.591429 0.056261 0.091429
9 0.042650 0.755714 0.085299 0.134286
29 0.029038 0.908571 0.058076 0.102857
5 0.135209 0.092857 0.085299 0.134286
20 0.127042 0.224286 0.068966 0.094286
1 0.135209 0.395714 0.085299 0.134286
22 0.120690 0.547143 0.056261 0.077143
11 0.135209 0.681429 0.085299 0.134286
23 0.123412 0.807143 0.061706 0.088571
21 0.211434 0.060000 0.052632 0.080000
12 0.227768 0.212857 0.085299 0.134286
31 0.240472 0.335714 0.110708 0.065714
6 0.227768 0.455714 0.085299 0.134286
18 0.218693 0.608571 0.067151 0.097143
15 0.223230 0.744286 0.076225 0.094286
30 0.337568 0.082857 0.068966 0.108571
16 0.331216 0.220000 0.056261 0.080000
25 0.480944 0.317143 0.355717 0.074286
34 0.329401 0.427143 0.052632 0.094286
24 0.328494 0.567143 0.050817 0.082857
26 0.332123 0.681429 0.058076 0.100000
33 0.696007 0.091429 0.059891 0.097143
8 0.708711 0.230000 0.085299 0.134286
32 0.783122 0.384286 0.234120 0.065714
27 0.691470 0.485714 0.050817 0.080000
35 0.696915 0.597143 0.061706 0.080000
13 0.708711 0.755714 0.085299 0.134286
3 0.950091 0.084286 0.085299 0.134286
19 0.941016 0.237143 0.067151 0.080000
17 0.942831 0.362857 0.070780 0.091429
4 0.950091 0.532857 0.085299 0.134286
0 0.950091 0.695714 0.085299 0.134286
14 0.950091 0.847143 0.085299 0.134286