1 0.042650 0.097796 0.085299 0.129477
5 0.042650 0.271350 0.085299 0.129477
11 0.042650 0.450413 0.085299 0.129477
2 0.042650 0.629477 0.085299 0.129477
22 0.028131 0.780992 0.056261 0.074380
16 0.028131 0.909091 0.056261 0.077135
28 0.120690 0.060606 0.056261 0.088154
29 0.121597 0.179063 0.058076 0.099174
32 0.209619 0.315427 0.234120 0.063361
8 0.135209 0.433884 0.085299 0.129477
0 0.135209 0.596419 0.085299 0.129477
7 0.135209 0.753444 0.085299 0.129477
4 0.376588 0.100551 0.085299 0.129477
33 0.363884 0.231405 0.059891 0.093664
25 0.511797 0.333333 0.355717 0.071625
34 0.360254 0.453168 0.052632 0.090909
19 0.367514 0.559229 0.067151 0.077135
6 0.376588 0.703857 0.085299 0.129477
27 0.722323 0.068871 0.050817 0.077135
15 0.735027 0.169421 0.076225 0.090909
10 0.739564 0.301653 0.085299 0.129477
13 0.739564 0.455923 0.085299 0.129477
23 0.727768 0.590909 0.061706 0.085399
31 0.752269 0.714876 0.110708 0.063361
17 0.850272 0.074380 0.070780 0.088154
26 0.843920 0.191460 0.058076 0.096419
21 0.841198 0.325069 0.052632 0.077135
30 0.849365 0.465565 0.068966 0.104683
9 0.857532 0.599174 0.085299 0.129477
20 0.849365 0.761708 0.068966 0.090909
35 0.938294 0.079890 0.061706 0.077135
18 0.941016 0.192837 0.067151 0.093664
24 0.932849 0.326446 0.050817 0.079890
14 0.950091 0.477961 0.085299 0.129477
3 0.950091 0.629477 0.085299 0.129477
12 0.950091 0.775482 0.085299 0.129477