3 0.042650 0.111963 0.085299 0.144172
14 0.042650 0.277607 0.085299 0.144172
15 0.038113 0.446319 0.076225 0.101227
31 0.055354 0.581288 0.110708 0.070552
26 0.029038 0.710123 0.058076 0.107362
7 0.042650 0.866564 0.085299 0.144172
20 0.152450 0.081288 0.068966 0.101227
8 0.160617 0.259202 0.085299 0.144172
10 0.160617 0.430982 0.085299 0.144172
4 0.160617 0.599693 0.085299 0.144172
17 0.153358 0.751534 0.070780 0.098160
11 0.160617 0.906442 0.085299 0.144172
33 0.240472 0.092025 0.059891 0.104294
21 0.236842 0.208589 0.052632 0.085890
25 0.388385 0.349693 0.355717 0.079755
28 0.238657 0.500000 0.056261 0.098160
0 0.253176 0.670245 0.085299 0.144172
2 0.253176 0.842025 0.085299 0.144172
30 0.607985 0.085890 0.068966 0.116564
29 0.602541 0.223926 0.058076 0.110429
16 0.601633 0.374233 0.056261 0.085890
1 0.616152 0.504601 0.085299 0.144172
27 0.598911 0.650307 0.050817 0.085890
32 0.690563 0.750000 0.234120 0.070552
34 0.841198 0.087423 0.052632 0.101227
35 0.845735 0.211656 0.061706 0.085890
9 0.857532 0.363497 0.085299 0.144172
13 0.857532 0.556748 0.085299 0.144172
19 0.848457 0.714724 0.067151 0.085890
18 0.848457 0.849693 0.067151 0.104294
22 0.935572 0.081288 0.056261 0.082822
6 0.950091 0.210123 0.085299 0.144172
5 0.950091 0.394172 0.085299 0.144172
24 0.932849 0.541411 0.050817 0.088957
12 0.950091 0.694785 0.085299 0.144172
23 0.938294 0.832822 0.061706 0.095092