26 0.029038 0.075931 0.058076 0.100287
29 0.029038 0.232092 0.058076 0.103152
16 0.028131 0.361032 0.056261 0.080229
33 0.029946 0.472779 0.059891 0.097421
18 0.033575 0.621777 0.067151 0.097421
25 0.177858 0.759312 0.355717 0.074499
0 0.405626 0.101719 0.085299 0.134670
10 0.405626 0.259312 0.085299 0.134670
21 0.389292 0.424069 0.052632 0.080229
1 0.405626 0.580229 0.085299 0.134670
19 0.396552 0.704871 0.067151 0.080229
4 0.405626 0.832378 0.085299 0.134670
30 0.490018 0.091691 0.068966 0.108883
13 0.498185 0.259312 0.085299 0.134670
22 0.483666 0.408309 0.056261 0.077364
35 0.486388 0.501433 0.061706 0.080229
15 0.493648 0.611748 0.076225 0.094556
5 0.498185 0.749284 0.085299 0.134670
27 0.573503 0.068768 0.050817 0.080229
34 0.574410 0.176218 0.052632 0.094556
23 0.578947 0.316619 0.061706 0.088825
31 0.603448 0.425501 0.110708 0.065903
11 0.590744 0.563037 0.085299 0.134670
17 0.583485 0.730659 0.070780 0.091691
6 0.708711 0.098854 0.085299 0.134670
32 0.783122 0.250716 0.234120 0.065903
12 0.708711 0.408309 0.085299 0.134670
8 0.708711 0.588825 0.085299 0.134670
7 0.708711 0.755014 0.085299 0.134670
3 0.708711 0.909742 0.085299 0.134670
14 0.950091 0.107450 0.085299 0.134670
28 0.935572 0.269341 0.056261 0.091691
20 0.941924 0.396848 0.068966 0.094556
24 0.932849 0.505731 0.050817 0.083095
2 0.950091 0.634670 0.085299 0.134670
9 0.950091 0.795129 0.085299 0.134670