30 0.034483 0.087719 0.068966 0.111111
19 0.033575 0.210526 0.067151 0.081871
32 0.117060 0.302632 0.234120 0.067251
26 0.029038 0.407895 0.058076 0.102339
24 0.025408 0.539474 0.050817 0.084795
7 0.042650 0.700292 0.085299 0.137427
3 0.284029 0.086257 0.085299 0.137427
8 0.284029 0.267544 0.085299 0.137427
27 0.266788 0.423977 0.050817 0.081871
12 0.284029 0.589181 0.085299 0.137427
15 0.279492 0.755848 0.076225 0.096491
34 0.267695 0.878655 0.052632 0.096491
0 0.376588 0.083333 0.085299 0.137427
23 0.364791 0.250000 0.061706 0.090643
16 0.362069 0.356725 0.056261 0.081871
10 0.376588 0.513158 0.085299 0.137427
33 0.363884 0.681287 0.059891 0.099415
22 0.362069 0.790936 0.056261 0.078947
1 0.469147 0.092105 0.085299 0.137427
20 0.460980 0.252924 0.068966 0.096491
9 0.469147 0.413743 0.085299 0.137427
18 0.460073 0.576023 0.067151 0.099415
5 0.469147 0.744152 0.085299 0.137427
29 0.455535 0.900585 0.058076 0.105263
13 0.561706 0.092105 0.085299 0.137427
17 0.554446 0.251462 0.070780 0.093567
21 0.545372 0.391813 0.052632 0.081871
14 0.561706 0.521930 0.085299 0.137427
11 0.561706 0.697368 0.085299 0.137427
31 0.574410 0.849415 0.110708 0.067251
2 0.679673 0.092105 0.085299 0.137427
28 0.665154 0.263158 0.056261 0.093567
4 0.679673 0.413743 0.085299 0.137427
6 0.679673 0.586257 0.085299 0.137427
35 0.667877 0.742690 0.061706 0.081871
25 0.814882 0.856725 0.355717 0.076023