25 0.177858 0.061947 0.355717 0.076696
24 0.025408 0.193215 0.050817 0.085546
26 0.029038 0.311209 0.058076 0.103245
9 0.042650 0.470501 0.085299 0.138643
0 0.042650 0.629794 0.085299 0.138643
17 0.035390 0.805310 0.070780 0.094395
15 0.401089 0.069322 0.076225 0.097345
20 0.397459 0.202065 0.068966 0.097345
8 0.405626 0.358407 0.085299 0.138643
4 0.405626 0.523599 0.085299 0.138643
32 0.480036 0.685841 0.234120 0.067847
14 0.405626 0.803835 0.085299 0.138643
11 0.647005 0.087021 0.085299 0.138643
1 0.647005 0.269912 0.085299 0.138643
12 0.647005 0.455752 0.085299 0.138643
29 0.633394 0.610619 0.058076 0.106195
30 0.638838 0.764012 0.068966 0.112094
28 0.632486 0.914454 0.056261 0.094395
27 0.722323 0.064897 0.050817 0.082596
23 0.727768 0.210914 0.061706 0.091445
19 0.730490 0.336283 0.067151 0.082596
5 0.739564 0.470501 0.085299 0.138643
13 0.739564 0.632743 0.085299 0.138643
3 0.739564 0.789086 0.085299 0.138643
7 0.832123 0.095870 0.085299 0.138643
34 0.815789 0.228614 0.052632 0.097345
33 0.819419 0.386431 0.059891 0.100295
22 0.817604 0.514749 0.056261 0.079646
31 0.844828 0.606195 0.110708 0.067847
6 0.832123 0.756637 0.085299 0.138643
35 0.938294 0.058997 0.061706 0.082596
10 0.950091 0.190265 0.085299 0.138643
2 0.950091 0.361357 0.085299 0.138643
21 0.933757 0.510324 0.052632 0.082596
18 0.941016 0.622419 0.067151 0.100295
16 0.935572 0.728614 0.056261 0.082596