16 0.028864 0.073394 0.057728 0.085627
27 0.026071 0.186544 0.052142 0.085627
18 0.034451 0.339450 0.068901 0.103976
33 0.030726 0.486239 0.061453 0.103976
15 0.039106 0.610092 0.078212 0.100917
7 0.043762 0.762997 0.087523 0.143731
2 0.138734 0.117737 0.087523 0.143731
23 0.126629 0.258410 0.063315 0.094801
21 0.121974 0.382263 0.054004 0.085627
30 0.130354 0.498471 0.070764 0.116208
4 0.138734 0.655963 0.087523 0.143731
26 0.124767 0.811927 0.059590 0.107034
6 0.233706 0.087156 0.087523 0.143731
0 0.233706 0.246177 0.087523 0.143731
9 0.233706 0.451070 0.087523 0.143731
24 0.216015 0.588685 0.052142 0.088685
13 0.233706 0.732416 0.087523 0.143731
28 0.218808 0.902141 0.057728 0.097859
34 0.311918 0.068807 0.054004 0.100917
17 0.321229 0.217125 0.072626 0.097859
22 0.313780 0.347095 0.057728 0.082569
8 0.328678 0.521407 0.087523 0.143731
12 0.328678 0.695719 0.087523 0.143731
19 0.319367 0.828746 0.068901 0.085627
3 0.423650 0.105505 0.087523 0.143731
32 0.500000 0.246177 0.240223 0.070336
29 0.409683 0.373089 0.059590 0.110092
14 0.423650 0.515291 0.087523 0.143731
5 0.423650 0.689602 0.087523 0.143731
31 0.436685 0.857798 0.113594 0.070336
11 0.671322 0.105505 0.087523 0.143731
10 0.671322 0.304281 0.087523 0.143731
25 0.810056 0.467890 0.364991 0.079511
20 0.662942 0.603976 0.070764 0.100917
35 0.659218 0.715596 0.063315 0.085627
1 0.671322 0.848624 0.087523 0.143731