31 0.056797 0.062500 0.113594 0.070122
15 0.039106 0.178354 0.078212 0.100610
23 0.031657 0.303354 0.063315 0.094512
25 0.182495 0.411585 0.364991 0.079268
6 0.043762 0.562500 0.087523 0.143293
20 0.035382 0.733232 0.070764 0.100610
11 0.416201 0.105183 0.087523 0.143293
14 0.416201 0.266768 0.087523 0.143293
21 0.399441 0.396341 0.054004 0.085366
27 0.398510 0.509146 0.052142 0.085366
35 0.404097 0.649390 0.063315 0.085366
4 0.416201 0.824695 0.087523 0.143293
22 0.496276 0.080793 0.057728 0.082317
30 0.502793 0.204268 0.070764 0.115854
26 0.497207 0.364329 0.059590 0.106707
12 0.511173 0.550305 0.087523 0.143293
1 0.511173 0.742378 0.087523 0.143293
33 0.498138 0.884146 0.061453 0.103659
7 0.606145 0.114329 0.087523 0.143293
24 0.588454 0.245427 0.052142 0.088415
32 0.682495 0.376524 0.240223 0.070122
5 0.606145 0.510671 0.087523 0.143293
2 0.606145 0.711890 0.087523 0.143293
18 0.596834 0.850610 0.068901 0.103659
29 0.839851 0.100610 0.059590 0.109756
0 0.853818 0.278963 0.087523 0.143293
19 0.844507 0.414634 0.068901 0.085366
16 0.838920 0.518293 0.057728 0.085366
28 0.838920 0.664634 0.057728 0.097561
10 0.853818 0.836890 0.087523 0.143293
34 0.932030 0.068598 0.054004 0.100610
3 0.948790 0.214939 0.087523 0.143293
8 0.948790 0.382622 0.087523 0.143293
13 0.948790 0.556402 0.087523 0.143293
9 0.948790 0.730183 0.087523 0.143293
17 0.941341 0.902439 0.072626 0.097561