31 0.055354 0.056728 0.110708 0.060686
35 0.030853 0.145119 0.061706 0.073879
0 0.042650 0.265172 0.085299 0.124011
19 0.033575 0.416887 0.067151 0.073879
24 0.025408 0.518470 0.050817 0.076517
18 0.033575 0.654354 0.067151 0.089710
2 0.160617 0.101583 0.085299 0.124011
9 0.160617 0.259894 0.085299 0.124011
6 0.160617 0.415567 0.085299 0.124011
11 0.160617 0.576517 0.085299 0.124011
12 0.160617 0.753298 0.085299 0.124011
29 0.147005 0.905013 0.058076 0.094987
3 0.253176 0.101583 0.085299 0.124011
22 0.238657 0.233509 0.056261 0.071240
32 0.327586 0.336412 0.234120 0.060686
4 0.253176 0.455145 0.085299 0.124011
1 0.253176 0.605541 0.085299 0.124011
26 0.239564 0.729551 0.058076 0.092348
20 0.486388 0.067282 0.068966 0.087071
7 0.494555 0.209763 0.085299 0.124011
5 0.494555 0.360158 0.085299 0.124011
13 0.494555 0.534301 0.085299 0.124011
21 0.478221 0.670185 0.052632 0.073879
16 0.480036 0.762533 0.056261 0.073879
27 0.569873 0.055409 0.050817 0.073879
34 0.570780 0.183377 0.052632 0.087071
28 0.572595 0.300792 0.056261 0.084433
23 0.575318 0.436675 0.061706 0.081794
8 0.587114 0.568602 0.085299 0.124011
14 0.587114 0.721636 0.085299 0.124011
15 0.675136 0.069921 0.076225 0.087071
30 0.671506 0.182058 0.068966 0.100264
33 0.666969 0.324538 0.059891 0.089710
17 0.672414 0.430079 0.070780 0.084433
25 0.814882 0.525066 0.355717 0.068602
10 0.679673 0.653034 0.085299 0.124011