22 0.028864 0.065642 0.057728 0.075419
2 0.043762 0.222067 0.087523 0.131285
28 0.028864 0.363128 0.057728 0.089385
26 0.029795 0.470670 0.059590 0.097765
18 0.034451 0.614525 0.068901 0.094972
29 0.029795 0.759777 0.059590 0.100559
17 0.131285 0.064246 0.072626 0.089385
24 0.121043 0.188547 0.052142 0.081006
11 0.138734 0.336592 0.087523 0.131285
21 0.121974 0.483240 0.054004 0.078212
1 0.138734 0.618715 0.087523 0.131285
6 0.138734 0.777933 0.087523 0.131285
35 0.221601 0.055866 0.063315 0.078212
25 0.372439 0.150838 0.364991 0.072626
4 0.233706 0.305866 0.087523 0.131285
27 0.216015 0.449721 0.052142 0.078212
12 0.233706 0.582402 0.087523 0.131285
34 0.216946 0.747207 0.054004 0.092179
10 0.606145 0.082402 0.087523 0.131285
9 0.606145 0.255587 0.087523 0.131285
32 0.682495 0.392458 0.240223 0.064246
31 0.619181 0.481844 0.113594 0.064246
33 0.593110 0.614525 0.061453 0.094972
7 0.606145 0.744413 0.087523 0.131285
20 0.845438 0.076816 0.070764 0.092179
19 0.844507 0.198324 0.068901 0.078212
0 0.853818 0.333799 0.087523 0.131285
30 0.845438 0.497207 0.070764 0.106145
15 0.849162 0.624302 0.078212 0.092179
16 0.838920 0.751397 0.057728 0.078212
8 0.948790 0.107542 0.087523 0.131285
3 0.948790 0.275140 0.087523 0.131285
13 0.948790 0.456704 0.087523 0.131285
5 0.948790 0.621508 0.087523 0.131285
23 0.936685 0.744413 0.063315 0.086592
14 0.948790 0.903631 0.087523 0.131285