13 0.042650 0.086648 0.085299 0.133523
8 0.042650 0.237216 0.085299 0.133523
10 0.042650 0.427557 0.085299 0.133523
6 0.042650 0.609375 0.085299 0.133523
3 0.042650 0.785511 0.085299 0.133523
26 0.029038 0.927557 0.058076 0.099432
11 0.135209 0.095170 0.085299 0.133523
18 0.126134 0.252841 0.067151 0.096591
9 0.135209 0.410511 0.085299 0.133523
2 0.135209 0.580966 0.085299 0.133523
12 0.135209 0.754261 0.085299 0.133523
17 0.127949 0.897727 0.070780 0.090909
21 0.211434 0.053977 0.052632 0.079545
23 0.215971 0.177557 0.061706 0.088068
14 0.227768 0.345170 0.085299 0.133523
33 0.215064 0.494318 0.059891 0.096591
29 0.214156 0.619318 0.058076 0.102273
1 0.227768 0.779830 0.085299 0.133523
15 0.315789 0.089489 0.076225 0.093750
35 0.308530 0.221591 0.061706 0.079545
32 0.394737 0.330966 0.234120 0.065341
27 0.303085 0.420455 0.050817 0.079545
22 0.305808 0.526989 0.056261 0.076705
7 0.320327 0.654830 0.085299 0.133523
34 0.545372 0.075284 0.052632 0.093750
5 0.561706 0.205966 0.085299 0.133523
4 0.561706 0.356534 0.085299 0.133523
25 0.696915 0.480114 0.355717 0.073864
24 0.544465 0.612216 0.050817 0.082386
30 0.553539 0.747159 0.068966 0.107955
0 0.924682 0.106534 0.085299 0.133523
19 0.915608 0.269886 0.067151 0.079545
28 0.910163 0.406250 0.056261 0.090909
20 0.916515 0.541193 0.068966 0.093750
16 0.910163 0.664773 0.056261 0.079545
31 0.937387 0.791193 0.110708 0.065341