25 0.177858 0.075581 0.355717 0.075581
5 0.042650 0.207849 0.085299 0.136628
16 0.028131 0.366279 0.056261 0.081395
34 0.026316 0.478198 0.052632 0.095930
26 0.029038 0.611919 0.058076 0.101744
6 0.042650 0.774709 0.085299 0.136628
1 0.405626 0.111919 0.085299 0.136628
18 0.396552 0.264535 0.067151 0.098837
11 0.405626 0.405523 0.085299 0.136628
0 0.405626 0.600291 0.085299 0.136628
4 0.405626 0.757267 0.085299 0.136628
15 0.401089 0.925872 0.076225 0.095930
21 0.481851 0.081395 0.052632 0.081395
24 0.480944 0.199128 0.050817 0.084302
9 0.498185 0.341570 0.085299 0.136628
12 0.498185 0.510174 0.085299 0.136628
33 0.485481 0.656977 0.059891 0.098837
30 0.490018 0.799419 0.068966 0.110465
2 0.590744 0.103198 0.085299 0.136628
31 0.603448 0.239826 0.110708 0.066860
14 0.590744 0.373547 0.085299 0.136628
23 0.578947 0.515988 0.061706 0.090116
35 0.578947 0.619186 0.061706 0.081395
13 0.590744 0.748547 0.085299 0.136628
10 0.708711 0.082849 0.085299 0.136628
3 0.708711 0.248547 0.085299 0.136628
22 0.694192 0.373547 0.056261 0.078488
19 0.699637 0.508721 0.067151 0.081395
29 0.695100 0.636628 0.058076 0.104651
20 0.700544 0.792151 0.068966 0.095930
27 0.784029 0.066860 0.050817 0.081395
28 0.786751 0.203488 0.056261 0.093023
32 0.875681 0.338663 0.234120 0.066860
17 0.794011 0.438953 0.070780 0.093023
7 0.801270 0.574128 0.085299 0.136628
8 0.801270 0.765988 0.085299 0.136628