2 0.050107 0.101515 0.100213 0.142424
13 0.050107 0.283333 0.100213 0.142424
28 0.033049 0.427273 0.066098 0.096970
4 0.050107 0.562121 0.100213 0.142424
14 0.050107 0.740909 0.100213 0.142424
10 0.050107 0.904545 0.100213 0.142424
0 0.158849 0.107576 0.100213 0.142424
3 0.158849 0.286364 0.100213 0.142424
16 0.141791 0.442424 0.066098 0.084848
34 0.139659 0.553030 0.061834 0.100000
23 0.144989 0.674242 0.072495 0.093939
1 0.158849 0.825758 0.100213 0.142424
30 0.257996 0.075758 0.081023 0.115152
35 0.253731 0.236364 0.072495 0.084848
12 0.267591 0.404545 0.100213 0.142424
31 0.282516 0.556061 0.130064 0.069697
24 0.247335 0.674242 0.059701 0.087879
18 0.256930 0.806061 0.078891 0.103030
8 0.406183 0.107576 0.100213 0.142424
29 0.390192 0.266667 0.068230 0.109091
5 0.406183 0.428788 0.100213 0.142424
17 0.397655 0.596970 0.083156 0.096970
7 0.406183 0.753030 0.100213 0.142424
21 0.386994 0.900000 0.061834 0.084848
19 0.504264 0.081818 0.078891 0.084848
22 0.497868 0.219697 0.066098 0.081818
15 0.509595 0.328788 0.089552 0.100000
6 0.514925 0.465152 0.100213 0.142424
20 0.505330 0.613636 0.081023 0.100000
27 0.494670 0.763636 0.059701 0.084848
25 0.782516 0.069697 0.417910 0.078788
9 0.623667 0.204545 0.100213 0.142424
32 0.711087 0.334848 0.275053 0.069697
33 0.608742 0.463636 0.070362 0.103030
11 0.623667 0.613636 0.100213 0.142424
26 0.607676 0.783333 0.068230 0.106061