21 0.027002 0.074286 0.054004 0.080000
18 0.034451 0.214286 0.068901 0.097143
12 0.043762 0.370000 0.087523 0.134286
8 0.043762 0.555714 0.087523 0.134286
28 0.028864 0.694286 0.057728 0.091429
16 0.028864 0.808571 0.057728 0.080000
20 0.130354 0.064286 0.070764 0.094286
5 0.138734 0.221429 0.087523 0.134286
9 0.138734 0.395714 0.087523 0.134286
1 0.138734 0.547143 0.087523 0.134286
33 0.125698 0.708571 0.061453 0.097143
29 0.124767 0.837143 0.059590 0.102857
30 0.225326 0.080000 0.070764 0.108571
24 0.216015 0.227143 0.052142 0.082857
23 0.221601 0.364286 0.063315 0.088571
6 0.233706 0.521429 0.087523 0.134286
32 0.310056 0.678571 0.240223 0.065714
15 0.229050 0.812857 0.078212 0.094286
3 0.481378 0.090000 0.087523 0.134286
2 0.481378 0.247143 0.087523 0.134286
17 0.473929 0.405714 0.072626 0.091429
34 0.464618 0.527143 0.054004 0.094286
11 0.481378 0.664286 0.087523 0.134286
4 0.481378 0.852857 0.087523 0.134286
26 0.562384 0.092857 0.059590 0.100000
10 0.576350 0.261429 0.087523 0.134286
0 0.576350 0.435714 0.087523 0.134286
22 0.561453 0.570000 0.057728 0.077143
13 0.576350 0.721429 0.087523 0.134286
7 0.576350 0.890000 0.087523 0.134286
14 0.671322 0.095714 0.087523 0.134286
25 0.810056 0.242857 0.364991 0.074286
35 0.659218 0.337143 0.063315 0.080000
19 0.662011 0.445714 0.068901 0.080000
27 0.653631 0.548571 0.052142 0.080000
31 0.684358 0.644286 0.113594 0.065714