4 0.042650 0.103916 0.085299 0.141566
23 0.030853 0.269578 0.061706 0.093373
8 0.042650 0.441265 0.085299 0.141566
7 0.042650 0.634036 0.085299 0.141566
31 0.055354 0.799699 0.110708 0.069277
35 0.030853 0.900602 0.061706 0.084337
0 0.160617 0.109940 0.085299 0.141566
19 0.151543 0.262048 0.067151 0.084337
3 0.160617 0.417169 0.085299 0.141566
20 0.152450 0.582831 0.068966 0.099398
1 0.160617 0.763554 0.085299 0.141566
24 0.143376 0.932229 0.050817 0.087349
14 0.253176 0.085843 0.085299 0.141566
16 0.238657 0.219880 0.056261 0.084337
22 0.238657 0.344880 0.056261 0.081325
17 0.245917 0.460843 0.070780 0.096386
28 0.238657 0.614458 0.056261 0.096386
34 0.236842 0.769578 0.052632 0.099398
30 0.337568 0.078313 0.068966 0.114458
21 0.329401 0.216867 0.052632 0.084337
10 0.345735 0.353916 0.085299 0.141566
6 0.345735 0.519578 0.085299 0.141566
13 0.345735 0.715361 0.085299 0.141566
11 0.345735 0.905120 0.085299 0.141566
26 0.424682 0.088855 0.058076 0.105422
5 0.438294 0.248494 0.085299 0.141566
12 0.438294 0.432229 0.085299 0.141566
27 0.421053 0.593373 0.050817 0.084337
2 0.438294 0.736446 0.085299 0.141566
25 0.573503 0.888554 0.355717 0.078313
9 0.801270 0.103916 0.085299 0.141566
29 0.787659 0.283133 0.058076 0.108434
18 0.792196 0.424699 0.067151 0.102410
15 0.796733 0.543675 0.076225 0.099398
33 0.788566 0.686747 0.059891 0.102410
32 0.875681 0.826807 0.234120 0.069277