14 0.042650 0.090504 0.085299 0.139466
8 0.042650 0.265579 0.085299 0.139466
34 0.026316 0.402077 0.052632 0.097923
2 0.042650 0.559347 0.085299 0.139466
21 0.026316 0.729970 0.052632 0.083086
0 0.042650 0.885757 0.085299 0.139466
10 0.135209 0.084570 0.085299 0.139466
30 0.127042 0.258160 0.068966 0.112760
3 0.135209 0.408012 0.085299 0.139466
23 0.123412 0.574184 0.061706 0.091988
32 0.209619 0.672107 0.234120 0.068249
12 0.135209 0.832344 0.085299 0.139466
9 0.376588 0.105341 0.085299 0.139466
35 0.364791 0.255193 0.061706 0.083086
15 0.372051 0.387240 0.076225 0.097923
17 0.369328 0.522255 0.070780 0.094955
19 0.367514 0.635015 0.067151 0.083086
26 0.362976 0.770030 0.058076 0.103858
7 0.469147 0.099407 0.085299 0.139466
20 0.460980 0.235905 0.068966 0.097923
28 0.454628 0.391691 0.056261 0.094955
33 0.456443 0.548961 0.059891 0.100890
16 0.454628 0.661721 0.056261 0.083086
25 0.604356 0.801187 0.355717 0.077151
18 0.823049 0.094955 0.067151 0.100890
29 0.818512 0.234421 0.058076 0.106825
6 0.832123 0.384273 0.085299 0.139466
4 0.832123 0.559347 0.085299 0.139466
5 0.832123 0.716617 0.085299 0.139466
13 0.832123 0.894659 0.085299 0.139466
31 0.937387 0.048961 0.110708 0.068249
27 0.907441 0.178042 0.050817 0.083086
11 0.924682 0.316024 0.085299 0.139466
22 0.910163 0.440653 0.056261 0.080119
24 0.907441 0.538576 0.050817 0.086053
1 0.924682 0.683976 0.085299 0.139466