7 0.042650 0.088060 0.085299 0.140299
32 0.117060 0.234328 0.234120 0.068657
6 0.042650 0.398507 0.085299 0.140299
16 0.028131 0.543284 0.056261 0.083582
19 0.033575 0.677612 0.067151 0.083582
28 0.028131 0.782090 0.056261 0.095522
20 0.275862 0.067164 0.068966 0.098507
23 0.272232 0.192537 0.061706 0.092537
8 0.284029 0.353731 0.085299 0.140299
10 0.284029 0.541791 0.085299 0.140299
35 0.272232 0.707463 0.061706 0.083582
4 0.284029 0.873134 0.085299 0.140299
18 0.367514 0.089552 0.067151 0.101493
1 0.376588 0.261194 0.085299 0.140299
15 0.372051 0.395522 0.076225 0.098507
22 0.362069 0.532836 0.056261 0.080597
21 0.360254 0.650746 0.052632 0.083582
31 0.389292 0.771642 0.110708 0.068657
26 0.480944 0.091045 0.058076 0.104478
2 0.494555 0.255224 0.085299 0.140299
13 0.494555 0.413433 0.085299 0.140299
34 0.478221 0.568657 0.052632 0.098507
11 0.494555 0.723881 0.085299 0.140299
5 0.494555 0.888060 0.085299 0.140299
0 0.587114 0.091045 0.085299 0.140299
33 0.574410 0.247761 0.059891 0.101493
25 0.722323 0.364179 0.355717 0.077612
17 0.579855 0.492537 0.070780 0.095522
30 0.578947 0.638806 0.068966 0.113433
14 0.587114 0.804478 0.085299 0.140299
29 0.936479 0.068657 0.058076 0.107463
12 0.950091 0.207463 0.085299 0.140299
24 0.932849 0.335821 0.050817 0.086567
27 0.932849 0.441791 0.050817 0.083582
3 0.950091 0.601493 0.085299 0.140299
9 0.950091 0.762687 0.085299 0.140299