23 0.031657 0.066964 0.063315 0.092262
21 0.027002 0.193452 0.054004 0.083333
18 0.034451 0.336310 0.068901 0.101190
24 0.026071 0.486607 0.052142 0.086310
13 0.043762 0.635417 0.087523 0.139881
19 0.034451 0.782738 0.068901 0.083333
1 0.138734 0.114583 0.087523 0.139881
34 0.121974 0.275298 0.054004 0.098214
14 0.138734 0.424107 0.087523 0.139881
25 0.277467 0.568452 0.364991 0.077381
5 0.138734 0.691964 0.087523 0.139881
31 0.151769 0.816964 0.113594 0.068452
17 0.503724 0.074405 0.072626 0.095238
11 0.511173 0.251488 0.087523 0.139881
26 0.497207 0.397321 0.059590 0.104167
7 0.511173 0.549107 0.087523 0.139881
6 0.511173 0.718750 0.087523 0.139881
15 0.506518 0.870536 0.078212 0.098214
12 0.606145 0.108631 0.087523 0.139881
2 0.606145 0.305060 0.087523 0.139881
32 0.682495 0.430060 0.240223 0.068452
28 0.591248 0.538690 0.057728 0.095238
0 0.606145 0.715774 0.087523 0.139881
33 0.593110 0.854167 0.061453 0.101190
22 0.838920 0.061012 0.057728 0.080357
27 0.836127 0.163690 0.052142 0.083333
20 0.845438 0.284226 0.070764 0.098214
9 0.853818 0.418155 0.087523 0.139881
4 0.853818 0.587798 0.087523 0.139881
35 0.841713 0.747024 0.063315 0.083333
29 0.934823 0.068452 0.059590 0.107143
3 0.948790 0.230655 0.087523 0.139881
16 0.933892 0.383929 0.057728 0.083333
8 0.948790 0.510417 0.087523 0.139881
10 0.948790 0.703869 0.087523 0.139881
30 0.940410 0.883929 0.070764 0.113095