19 0.039446 0.067485 0.078891 0.085890
1 0.050107 0.228528 0.100213 0.144172
33 0.035181 0.377301 0.070362 0.104294
24 0.029851 0.507669 0.059701 0.088957
2 0.050107 0.661043 0.100213 0.144172
10 0.050107 0.826687 0.100213 0.144172
17 0.150320 0.076687 0.083156 0.098160
13 0.158849 0.250000 0.100213 0.144172
0 0.158849 0.430982 0.100213 0.144172
25 0.317697 0.601227 0.417910 0.079755
32 0.246269 0.728528 0.275053 0.070552
7 0.158849 0.863497 0.100213 0.144172
14 0.585288 0.090491 0.100213 0.144172
6 0.585288 0.286810 0.100213 0.144172
29 0.569296 0.460123 0.068230 0.110429
15 0.579957 0.590491 0.089552 0.101227
28 0.568230 0.705521 0.066098 0.098160
11 0.585288 0.884969 0.100213 0.144172
35 0.680171 0.076687 0.072495 0.085890
8 0.694030 0.213190 0.100213 0.144172
18 0.683369 0.380368 0.078891 0.104294
34 0.674840 0.526074 0.061834 0.101227
31 0.708955 0.645706 0.130064 0.070552
30 0.684435 0.754601 0.081023 0.116564
3 0.832623 0.111963 0.100213 0.144172
12 0.832623 0.271472 0.100213 0.144172
4 0.832623 0.464724 0.100213 0.144172
23 0.818763 0.633436 0.072495 0.095092
27 0.812367 0.745399 0.059701 0.085890
26 0.816631 0.878834 0.068230 0.107362
22 0.924307 0.078221 0.066098 0.082822
21 0.922175 0.208589 0.061834 0.085890
9 0.941365 0.366564 0.100213 0.144172
20 0.931770 0.523006 0.081023 0.101227
16 0.924307 0.634969 0.066098 0.085890
5 0.941365 0.799080 0.100213 0.144172