17 0.035390 0.063401 0.070780 0.092219
5 0.042650 0.200288 0.085299 0.135447
25 0.177858 0.348703 0.355717 0.074928
24 0.025408 0.468300 0.050817 0.083573
20 0.034483 0.609510 0.068966 0.095101
23 0.030853 0.750720 0.061706 0.089337
6 0.405626 0.105187 0.085299 0.135447
4 0.405626 0.298271 0.085299 0.135447
11 0.405626 0.462536 0.085299 0.135447
13 0.405626 0.615274 0.085299 0.135447
28 0.391107 0.766571 0.056261 0.092219
29 0.392015 0.910663 0.058076 0.103746
2 0.498185 0.093660 0.085299 0.135447
15 0.493648 0.223343 0.076225 0.095101
27 0.480944 0.348703 0.050817 0.080692
1 0.498185 0.488473 0.085299 0.135447
12 0.498185 0.670029 0.085299 0.135447
14 0.498185 0.857349 0.085299 0.135447
30 0.582577 0.077810 0.068966 0.109510
0 0.590744 0.246398 0.085299 0.135447
16 0.576225 0.400576 0.056261 0.080692
31 0.603448 0.517291 0.110708 0.066282
10 0.590744 0.635447 0.085299 0.135447
35 0.578947 0.757925 0.061706 0.080692
7 0.708711 0.082133 0.085299 0.135447
3 0.708711 0.246398 0.085299 0.135447
18 0.699637 0.412104 0.067151 0.097983
9 0.708711 0.543228 0.085299 0.135447
22 0.694192 0.678674 0.056261 0.077810
26 0.695100 0.822767 0.058076 0.100865
32 0.875681 0.064841 0.234120 0.066282
19 0.792196 0.167147 0.067151 0.080692
8 0.801270 0.289625 0.085299 0.135447
33 0.788566 0.440922 0.059891 0.097983
21 0.784936 0.576369 0.052632 0.080692
34 0.784936 0.721902 0.052632 0.095101