0 0.043762 0.111919 0.087523 0.136628
10 0.043762 0.303779 0.087523 0.136628
9 0.043762 0.457849 0.087523 0.136628
29 0.029795 0.610465 0.059590 0.104651
18 0.034451 0.758721 0.068901 0.098837
11 0.043762 0.890988 0.087523 0.136628
8 0.138734 0.085756 0.087523 0.136628
3 0.138734 0.239826 0.087523 0.136628
34 0.121974 0.373547 0.054004 0.095930
19 0.129423 0.502907 0.068901 0.081395
13 0.138734 0.649709 0.087523 0.136628
35 0.126629 0.799419 0.063315 0.081395
30 0.225326 0.084302 0.070764 0.110465
28 0.218808 0.215116 0.057728 0.093023
26 0.219739 0.364826 0.059590 0.101744
33 0.220670 0.514535 0.061453 0.098837
21 0.216946 0.648256 0.054004 0.081395
2 0.233706 0.795058 0.087523 0.136628
31 0.341713 0.077035 0.113594 0.066860
22 0.313780 0.193314 0.057728 0.078488
23 0.316574 0.312500 0.063315 0.090116
4 0.328678 0.446221 0.087523 0.136628
1 0.328678 0.597384 0.087523 0.136628
32 0.405028 0.757267 0.240223 0.066860
14 0.576350 0.085756 0.087523 0.136628
6 0.576350 0.239826 0.087523 0.136628
12 0.576350 0.420058 0.087523 0.136628
15 0.571695 0.579942 0.078212 0.095930
5 0.576350 0.728198 0.087523 0.136628
25 0.715084 0.860465 0.364991 0.075581
27 0.931099 0.081395 0.052142 0.081395
16 0.933892 0.220930 0.057728 0.081395
24 0.931099 0.321221 0.052142 0.084302
20 0.940410 0.452035 0.070764 0.095930
17 0.941341 0.590116 0.072626 0.093023
7 0.948790 0.739826 0.087523 0.136628