2 0.043762 0.102985 0.087523 0.140299
32 0.120112 0.255224 0.240223 0.068657
10 0.043762 0.413433 0.087523 0.140299
11 0.043762 0.613433 0.087523 0.140299
31 0.056797 0.732836 0.113594 0.068657
16 0.028864 0.862687 0.057728 0.083582
33 0.278399 0.071642 0.061453 0.101493
3 0.291434 0.210448 0.087523 0.140299
21 0.274674 0.367164 0.054004 0.083582
5 0.291434 0.514925 0.087523 0.140299
19 0.282123 0.668657 0.068901 0.083582
27 0.273743 0.805970 0.052142 0.083582
15 0.381750 0.094030 0.078212 0.098507
13 0.386406 0.258209 0.087523 0.140299
7 0.386406 0.428358 0.087523 0.140299
29 0.372439 0.573134 0.059590 0.107463
26 0.372439 0.705970 0.059590 0.104478
0 0.386406 0.882090 0.087523 0.140299
18 0.472067 0.095522 0.068901 0.101493
14 0.481378 0.264179 0.087523 0.140299
35 0.469274 0.432836 0.063315 0.083582
6 0.481378 0.589552 0.087523 0.140299
12 0.481378 0.771642 0.087523 0.140299
24 0.463687 0.923881 0.052142 0.086567
30 0.567970 0.071642 0.070764 0.113433
8 0.576350 0.240299 0.087523 0.140299
9 0.576350 0.425373 0.087523 0.140299
23 0.564246 0.571642 0.063315 0.092537
17 0.568901 0.680597 0.072626 0.095522
20 0.567970 0.798507 0.070764 0.098507
34 0.654562 0.073134 0.054004 0.098507
22 0.656425 0.198507 0.057728 0.080597
28 0.656425 0.322388 0.057728 0.095522
25 0.810056 0.456716 0.364991 0.077612
4 0.671322 0.613433 0.087523 0.140299
1 0.671322 0.783582 0.087523 0.140299