2 0.042650 0.100904 0.085299 0.141566
15 0.038113 0.275602 0.076225 0.099398
1 0.042650 0.432229 0.085299 0.141566
3 0.042650 0.621988 0.085299 0.141566
32 0.117060 0.757530 0.234120 0.069277
24 0.025408 0.890060 0.050817 0.087349
7 0.284029 0.085843 0.085299 0.141566
27 0.266788 0.256024 0.050817 0.084337
22 0.269510 0.365964 0.056261 0.081325
26 0.270417 0.495482 0.058076 0.105422
0 0.284029 0.679217 0.085299 0.141566
16 0.269510 0.816265 0.056261 0.084337
23 0.364791 0.061747 0.061706 0.093373
5 0.376588 0.227410 0.085299 0.141566
30 0.368421 0.391566 0.068966 0.114458
12 0.376588 0.537651 0.085299 0.141566
4 0.376588 0.700301 0.085299 0.141566
14 0.376588 0.868976 0.085299 0.141566
13 0.469147 0.100904 0.085299 0.141566
34 0.452813 0.278614 0.052632 0.099398
6 0.469147 0.444277 0.085299 0.141566
31 0.481851 0.567771 0.110708 0.069277
28 0.454628 0.710843 0.056261 0.096386
35 0.457350 0.840361 0.061706 0.084337
10 0.587114 0.100904 0.085299 0.141566
20 0.578947 0.278614 0.068966 0.099398
33 0.574410 0.433735 0.059891 0.102410
25 0.722323 0.569277 0.355717 0.078313
19 0.578040 0.698795 0.067151 0.084337
8 0.587114 0.856928 0.085299 0.141566
11 0.950091 0.112952 0.085299 0.141566
29 0.936479 0.292169 0.058076 0.108434
9 0.950091 0.450301 0.085299 0.141566
21 0.933757 0.587349 0.052632 0.084337
18 0.941016 0.710843 0.067151 0.102410
17 0.942831 0.849398 0.070780 0.096386