30 0.034483 0.071642 0.068966 0.113433
26 0.029038 0.201493 0.058076 0.104478
8 0.042650 0.350746 0.085299 0.140299
11 0.042650 0.514925 0.085299 0.140299
2 0.042650 0.685075 0.085299 0.140299
34 0.026316 0.846269 0.052632 0.098507
18 0.126134 0.080597 0.067151 0.101493
9 0.135209 0.249254 0.085299 0.140299
29 0.121597 0.408955 0.058076 0.107463
31 0.147913 0.523881 0.110708 0.068657
0 0.135209 0.670149 0.085299 0.140299
3 0.135209 0.825373 0.085299 0.140299
4 0.253176 0.100000 0.085299 0.140299
15 0.248639 0.279104 0.076225 0.098507
17 0.245917 0.394030 0.070780 0.095522
33 0.240472 0.543284 0.059891 0.101493
32 0.327586 0.661194 0.234120 0.068657
13 0.253176 0.789552 0.085299 0.140299
7 0.494555 0.108955 0.085299 0.140299
25 0.629764 0.253731 0.355717 0.077612
24 0.477314 0.359701 0.050817 0.086567
6 0.494555 0.526866 0.085299 0.140299
10 0.494555 0.711940 0.085299 0.140299
14 0.494555 0.905970 0.085299 0.140299
22 0.843013 0.082090 0.056261 0.080597
12 0.857532 0.246269 0.085299 0.140299
19 0.848457 0.405970 0.067151 0.083582
1 0.857532 0.544776 0.085299 0.140299
23 0.845735 0.705970 0.061706 0.092537
21 0.841198 0.811940 0.052632 0.083582
5 0.950091 0.111940 0.085299 0.140299
35 0.938294 0.271642 0.061706 0.083582
28 0.935572 0.382090 0.056261 0.095522
27 0.932849 0.489552 0.050817 0.083582
20 0.941924 0.598507 0.068966 0.098507
16 0.935572 0.734328 0.056261 0.083582