6 0.042650 0.083807 0.085299 0.133523
3 0.042650 0.257102 0.085299 0.133523
16 0.028131 0.420455 0.056261 0.079545
15 0.038113 0.538352 0.076225 0.093750
35 0.030853 0.664773 0.061706 0.079545
28 0.028131 0.792614 0.056261 0.090909
12 0.135209 0.109375 0.085299 0.133523
25 0.270417 0.238636 0.355717 0.073864
22 0.120690 0.359375 0.056261 0.076705
14 0.135209 0.501420 0.085299 0.133523
30 0.127042 0.667614 0.068966 0.107955
23 0.123412 0.794034 0.061706 0.088068
27 0.480944 0.053977 0.050817 0.079545
33 0.485481 0.193182 0.059891 0.096591
1 0.498185 0.328125 0.085299 0.133523
19 0.489111 0.482955 0.067151 0.079545
2 0.498185 0.623580 0.085299 0.133523
18 0.489111 0.764205 0.067151 0.096591
24 0.573503 0.072443 0.050817 0.082386
13 0.590744 0.197443 0.085299 0.133523
8 0.590744 0.348011 0.085299 0.133523
7 0.590744 0.518466 0.085299 0.133523
5 0.590744 0.703125 0.085299 0.133523
10 0.590744 0.879261 0.085299 0.133523
26 0.669691 0.063920 0.058076 0.099432
31 0.696007 0.177557 0.110708 0.065341
29 0.669691 0.292614 0.058076 0.102273
11 0.683303 0.430398 0.085299 0.133523
4 0.683303 0.606534 0.085299 0.133523
0 0.683303 0.759943 0.085299 0.133523
34 0.784936 0.072443 0.052632 0.093750
21 0.784936 0.181818 0.052632 0.079545
9 0.801270 0.342330 0.085299 0.133523
32 0.875681 0.478693 0.234120 0.065341
20 0.793103 0.603693 0.068966 0.093750
17 0.794011 0.727273 0.070780 0.090909