14 0.043762 0.112952 0.087523 0.141566
0 0.043762 0.302711 0.087523 0.141566
5 0.043762 0.462349 0.087523 0.141566
17 0.036313 0.620482 0.072626 0.096386
24 0.026071 0.733434 0.052142 0.087349
12 0.043762 0.862952 0.087523 0.141566
19 0.129423 0.057229 0.068901 0.084337
20 0.130354 0.191265 0.070764 0.099398
25 0.277467 0.316265 0.364991 0.078313
31 0.151769 0.432229 0.113594 0.069277
4 0.138734 0.594880 0.087523 0.141566
29 0.124767 0.750000 0.059590 0.108434
7 0.511173 0.106928 0.087523 0.141566
6 0.511173 0.281627 0.087523 0.141566
3 0.511173 0.468373 0.087523 0.141566
16 0.496276 0.602410 0.057728 0.084337
22 0.496276 0.715361 0.057728 0.081325
35 0.499069 0.831325 0.063315 0.084337
15 0.601490 0.070783 0.078212 0.099398
26 0.592179 0.200301 0.059590 0.105422
9 0.606145 0.381024 0.087523 0.141566
30 0.597765 0.569277 0.070764 0.114458
27 0.588454 0.707831 0.052142 0.084337
34 0.589385 0.841867 0.054004 0.099398
28 0.686220 0.078313 0.057728 0.096386
32 0.777467 0.215361 0.240223 0.069277
23 0.689013 0.335843 0.063315 0.093373
8 0.701117 0.498494 0.087523 0.141566
13 0.701117 0.700301 0.087523 0.141566
2 0.701117 0.878012 0.087523 0.141566
33 0.935754 0.087349 0.061453 0.102410
21 0.932030 0.222892 0.054004 0.084337
11 0.948790 0.390060 0.087523 0.141566
10 0.948790 0.558735 0.087523 0.141566
1 0.948790 0.715361 0.087523 0.141566
18 0.939479 0.852410 0.068901 0.102410