15 0.038113 0.086648 0.076225 0.093750
26 0.029038 0.223011 0.058076 0.099432
30 0.034483 0.352273 0.068966 0.107955
4 0.042650 0.509943 0.085299 0.133523
17 0.035390 0.667614 0.070780 0.090909
32 0.117060 0.788352 0.234120 0.065341
13 0.284029 0.098011 0.085299 0.133523
5 0.284029 0.265625 0.085299 0.133523
20 0.275862 0.424716 0.068966 0.093750
33 0.271325 0.576705 0.059891 0.096591
11 0.284029 0.717330 0.085299 0.133523
8 0.284029 0.893466 0.085299 0.133523
35 0.364791 0.071023 0.061706 0.079545
0 0.376588 0.197443 0.085299 0.133523
18 0.367514 0.363636 0.067151 0.096591
34 0.360254 0.487216 0.052632 0.093750
10 0.376588 0.649148 0.085299 0.133523
23 0.364791 0.811080 0.061706 0.088068
3 0.469147 0.080966 0.085299 0.133523
24 0.451906 0.231534 0.050817 0.082386
22 0.454628 0.365057 0.056261 0.076705
19 0.460073 0.494318 0.067151 0.079545
21 0.452813 0.605114 0.052632 0.079545
31 0.481851 0.705966 0.110708 0.065341
14 0.587114 0.086648 0.085299 0.133523
16 0.572595 0.221591 0.056261 0.079545
28 0.572595 0.346591 0.056261 0.090909
6 0.587114 0.495739 0.085299 0.133523
27 0.569873 0.633523 0.050817 0.079545
12 0.587114 0.796875 0.085299 0.133523
29 0.666062 0.079545 0.058076 0.102273
1 0.679673 0.237216 0.085299 0.133523
25 0.814882 0.360795 0.355717 0.073864
9 0.679673 0.478693 0.085299 0.133523
2 0.679673 0.634943 0.085299 0.133523
7 0.679673 0.819602 0.085299 0.133523