27 0.025408 0.082353 0.050817 0.082353
26 0.029038 0.222059 0.058076 0.102941
15 0.038113 0.375000 0.076225 0.097059
14 0.042650 0.522059 0.085299 0.138235
8 0.042650 0.719118 0.085299 0.138235
18 0.033575 0.879412 0.067151 0.100000
32 0.209619 0.057353 0.234120 0.067647
17 0.127949 0.197059 0.070780 0.094118
4 0.135209 0.351471 0.085299 0.138235
20 0.127042 0.519118 0.068966 0.097059
34 0.118875 0.651471 0.052632 0.097059
5 0.135209 0.807353 0.085299 0.138235
3 0.376588 0.092647 0.085299 0.138235
28 0.362069 0.267647 0.056261 0.094118
1 0.376588 0.407353 0.085299 0.138235
2 0.376588 0.583824 0.085299 0.138235
6 0.376588 0.766176 0.085299 0.138235
22 0.362069 0.933824 0.056261 0.079412
33 0.456443 0.067647 0.059891 0.100000
19 0.460073 0.208824 0.067151 0.082353
12 0.469147 0.342647 0.085299 0.138235
21 0.452813 0.505882 0.052632 0.082353
35 0.457350 0.608824 0.061706 0.082353
0 0.469147 0.739706 0.085299 0.138235
29 0.548094 0.097059 0.058076 0.105882
16 0.547187 0.223529 0.056261 0.082353
7 0.561706 0.369118 0.085299 0.138235
24 0.544465 0.513235 0.050817 0.085294
11 0.561706 0.660294 0.085299 0.138235
25 0.696915 0.805882 0.355717 0.076471
9 0.924682 0.086765 0.085299 0.138235
31 0.937387 0.210294 0.110708 0.067647
23 0.912886 0.336765 0.061706 0.091176
10 0.924682 0.498529 0.085299 0.138235
30 0.916515 0.650000 0.068966 0.111765
13 0.924682 0.813235 0.085299 0.138235