26 0.029038 0.074018 0.058076 0.105740
9 0.042650 0.212991 0.085299 0.141994
10 0.042650 0.373112 0.085299 0.141994
29 0.029038 0.546828 0.058076 0.108761
6 0.042650 0.726586 0.085299 0.141994
23 0.030853 0.904834 0.061706 0.093656
24 0.117967 0.077039 0.050817 0.087613
18 0.126134 0.196375 0.067151 0.102719
5 0.135209 0.358006 0.085299 0.141994
28 0.120690 0.537764 0.056261 0.096677
8 0.135209 0.693353 0.085299 0.141994
31 0.147913 0.829305 0.110708 0.069486
32 0.327586 0.058912 0.234120 0.069486
13 0.253176 0.203927 0.085299 0.141994
35 0.241379 0.347432 0.061706 0.084592
19 0.244102 0.459215 0.067151 0.084592
0 0.253176 0.626888 0.085299 0.141994
4 0.253176 0.787009 0.085299 0.141994
3 0.494555 0.104230 0.085299 0.141994
16 0.480036 0.238671 0.056261 0.084592
25 0.629764 0.356495 0.355717 0.078550
30 0.486388 0.468278 0.068966 0.114804
27 0.477314 0.583082 0.050817 0.084592
12 0.494555 0.741692 0.085299 0.141994
15 0.852995 0.070997 0.076225 0.099698
2 0.857532 0.225076 0.085299 0.141994
11 0.857532 0.397281 0.085299 0.141994
14 0.857532 0.566465 0.085299 0.141994
17 0.850272 0.706949 0.070780 0.096677
22 0.843013 0.841390 0.056261 0.081571
33 0.937387 0.093656 0.059891 0.102719
20 0.941924 0.237160 0.068966 0.099698
1 0.950091 0.376133 0.085299 0.141994
34 0.933757 0.545317 0.052632 0.099698
21 0.933757 0.685801 0.052632 0.084592
7 0.950091 0.847432 0.085299 0.141994