29 0.034115 0.085627 0.068230 0.110092
21 0.030917 0.232416 0.061834 0.085627
13 0.050107 0.374618 0.100213 0.143731
22 0.033049 0.539755 0.066098 0.082569
19 0.039446 0.645260 0.078891 0.085627
15 0.044776 0.790520 0.089552 0.100917
1 0.158849 0.102446 0.100213 0.143731
5 0.158849 0.301223 0.100213 0.143731
27 0.138593 0.440367 0.059701 0.085627
12 0.158849 0.594801 0.100213 0.143731
28 0.141791 0.733945 0.066098 0.097859
18 0.148188 0.877676 0.078891 0.103976
23 0.253731 0.093272 0.072495 0.094801
24 0.247335 0.243119 0.059701 0.088685
35 0.253731 0.388379 0.072495 0.085627
20 0.257996 0.518349 0.081023 0.100917
0 0.267591 0.701835 0.100213 0.143731
14 0.267591 0.885321 0.100213 0.143731
16 0.359275 0.070336 0.066098 0.085627
4 0.376333 0.218654 0.100213 0.143731
8 0.376333 0.420489 0.100213 0.143731
6 0.376333 0.594801 0.100213 0.143731
25 0.535181 0.737003 0.417910 0.079511
32 0.463753 0.851682 0.275053 0.070336
30 0.793177 0.082569 0.081023 0.116208
34 0.783582 0.249235 0.061834 0.100917
2 0.802772 0.392966 0.100213 0.143731
9 0.802772 0.588685 0.100213 0.143731
3 0.802772 0.762997 0.100213 0.143731
31 0.817697 0.922018 0.130064 0.070336
17 0.932836 0.067278 0.083156 0.097859
33 0.926439 0.198777 0.070362 0.103976
11 0.941365 0.377676 0.100213 0.143731
26 0.925373 0.533639 0.068230 0.107034
10 0.941365 0.698777 0.100213 0.143731
7 0.941365 0.876147 0.100213 0.143731