9 0.043762 0.098291 0.087523 0.133903
19 0.034451 0.222222 0.068901 0.079772
28 0.028864 0.333333 0.057728 0.091168
25 0.182495 0.438746 0.364991 0.074074
18 0.034451 0.549858 0.068901 0.096866
11 0.043762 0.702279 0.087523 0.133903
15 0.411546 0.069801 0.078212 0.094017
0 0.416201 0.240741 0.087523 0.133903
6 0.416201 0.391738 0.087523 0.133903
4 0.416201 0.565527 0.087523 0.133903
23 0.404097 0.690883 0.063315 0.088319
20 0.407821 0.821937 0.070764 0.094017
34 0.494413 0.081197 0.054004 0.094017
35 0.499069 0.190883 0.063315 0.079772
24 0.493482 0.314815 0.052142 0.082621
3 0.511173 0.448718 0.087523 0.133903
21 0.494413 0.581197 0.054004 0.079772
5 0.511173 0.745014 0.087523 0.133903
30 0.597765 0.096866 0.070764 0.108262
1 0.606145 0.272080 0.087523 0.133903
7 0.606145 0.460114 0.087523 0.133903
10 0.606145 0.619658 0.087523 0.133903
14 0.606145 0.767806 0.087523 0.133903
22 0.591248 0.904558 0.057728 0.076923
16 0.686220 0.062678 0.057728 0.079772
13 0.701117 0.192308 0.087523 0.133903
31 0.714153 0.334758 0.113594 0.065527
32 0.777467 0.454416 0.240223 0.065527
2 0.701117 0.571225 0.087523 0.133903
8 0.701117 0.736467 0.087523 0.133903
12 0.948790 0.103989 0.087523 0.133903
26 0.934823 0.266382 0.059590 0.099715
27 0.931099 0.413105 0.052142 0.079772
17 0.941341 0.538462 0.072626 0.091168
33 0.935754 0.652422 0.061453 0.096866
29 0.934823 0.766382 0.059590 0.102564