12 0.042650 0.100601 0.085299 0.141141
20 0.034483 0.238739 0.068966 0.099099
5 0.042650 0.376877 0.085299 0.141141
32 0.117060 0.530030 0.234120 0.069069
28 0.028131 0.660661 0.056261 0.096096
30 0.034483 0.825826 0.068966 0.114114
35 0.272232 0.063063 0.061706 0.084084
25 0.419238 0.204204 0.355717 0.078078
16 0.269510 0.300300 0.056261 0.084084
21 0.267695 0.420420 0.052632 0.084084
8 0.284029 0.578078 0.085299 0.141141
14 0.284029 0.779279 0.085299 0.141141
4 0.647005 0.112613 0.085299 0.141141
9 0.647005 0.292793 0.085299 0.141141
15 0.642468 0.469970 0.076225 0.099099
26 0.633394 0.599099 0.058076 0.105105
13 0.647005 0.773273 0.085299 0.141141
22 0.632486 0.908408 0.056261 0.081081
7 0.739564 0.091592 0.085299 0.141141
2 0.739564 0.259760 0.085299 0.141141
11 0.739564 0.424925 0.085299 0.141141
19 0.730490 0.591592 0.067151 0.084084
23 0.727768 0.734234 0.061706 0.093093
1 0.739564 0.893393 0.085299 0.141141
6 0.832123 0.115616 0.085299 0.141141
18 0.823049 0.264264 0.067151 0.102102
27 0.814882 0.402402 0.050817 0.084084
24 0.814882 0.527027 0.050817 0.087087
0 0.832123 0.671171 0.085299 0.141141
34 0.815789 0.806306 0.052632 0.099099
3 0.924682 0.103604 0.085299 0.141141
29 0.911071 0.246246 0.058076 0.108108
17 0.917423 0.381381 0.070780 0.096096
10 0.924682 0.524024 0.085299 0.141141
33 0.911978 0.675676 0.059891 0.102102
31 0.937387 0.782282 0.110708 0.069069