1 0.043762 0.100829 0.087523 0.129834
13 0.043762 0.269337 0.087523 0.129834
7 0.043762 0.421271 0.087523 0.129834
12 0.043762 0.570442 0.087523 0.129834
10 0.043762 0.755525 0.087523 0.129834
20 0.035382 0.899171 0.070764 0.091160
4 0.138734 0.100829 0.087523 0.129834
5 0.138734 0.283149 0.087523 0.129834
17 0.131285 0.447514 0.072626 0.088398
33 0.125698 0.580110 0.061453 0.093923
27 0.121043 0.718232 0.052142 0.077348
25 0.277467 0.806630 0.364991 0.071823
19 0.501862 0.060773 0.068901 0.077348
18 0.501862 0.162983 0.068901 0.093923
16 0.496276 0.290055 0.057728 0.077348
22 0.496276 0.390884 0.057728 0.074586
28 0.496276 0.522099 0.057728 0.088398
0 0.511173 0.675414 0.087523 0.129834
26 0.592179 0.067680 0.059590 0.096685
21 0.589385 0.190608 0.054004 0.077348
3 0.606145 0.341160 0.087523 0.129834
24 0.588454 0.476519 0.052142 0.080110
34 0.589385 0.603591 0.054004 0.091160
23 0.594041 0.705801 0.063315 0.085635
30 0.692737 0.069061 0.070764 0.104972
31 0.714153 0.203039 0.113594 0.063536
35 0.689013 0.314917 0.063315 0.077348
32 0.777467 0.421271 0.240223 0.063536
8 0.701117 0.551105 0.087523 0.129834
6 0.701117 0.733425 0.087523 0.129834
9 0.948790 0.081492 0.087523 0.129834
11 0.948790 0.227901 0.087523 0.129834
14 0.948790 0.385359 0.087523 0.129834
29 0.934823 0.513812 0.059590 0.099448
2 0.948790 0.656077 0.087523 0.129834
15 0.944134 0.791436 0.078212 0.091160