2 0.043762 0.107450 0.087523 0.134670
13 0.043762 0.299427 0.087523 0.134670
5 0.043762 0.457020 0.087523 0.134670
23 0.031657 0.594556 0.063315 0.088825
11 0.043762 0.757880 0.087523 0.134670
16 0.028864 0.922636 0.057728 0.080229
33 0.125698 0.065903 0.061453 0.097421
27 0.121043 0.212034 0.052142 0.080229
19 0.129423 0.323782 0.068901 0.080229
22 0.123836 0.431232 0.057728 0.077364
4 0.138734 0.563037 0.087523 0.134670
35 0.126629 0.707736 0.063315 0.080229
3 0.233706 0.087393 0.087523 0.134670
7 0.233706 0.244986 0.087523 0.134670
20 0.225326 0.414040 0.070764 0.094556
10 0.233706 0.560172 0.087523 0.134670
28 0.218808 0.693410 0.057728 0.091691
15 0.229050 0.843840 0.078212 0.094556
30 0.320298 0.068768 0.070764 0.108883
34 0.311918 0.202006 0.054004 0.094556
21 0.311918 0.338109 0.054004 0.080229
24 0.310987 0.436963 0.052142 0.083095
6 0.328678 0.591691 0.087523 0.134670
26 0.314711 0.763610 0.059590 0.100287
17 0.416201 0.068768 0.072626 0.091691
1 0.423650 0.239255 0.087523 0.134670
14 0.423650 0.425501 0.087523 0.134670
32 0.500000 0.577364 0.240223 0.065903
0 0.423650 0.694842 0.087523 0.134670
9 0.423650 0.843840 0.087523 0.134670
31 0.684358 0.073066 0.113594 0.065903
8 0.671322 0.213467 0.087523 0.134670
25 0.810056 0.346705 0.364991 0.074499
12 0.671322 0.505731 0.087523 0.134670
18 0.662011 0.644699 0.068901 0.097421
29 0.657356 0.776504 0.059590 0.103152