31 0.055354 0.060117 0.110708 0.067449
22 0.028131 0.186217 0.056261 0.079179
3 0.042650 0.353372 0.085299 0.137830
26 0.029038 0.526393 0.058076 0.102639
19 0.033575 0.662757 0.067151 0.082111
9 0.042650 0.807918 0.085299 0.137830
35 0.148820 0.076246 0.061706 0.082111
30 0.152450 0.187683 0.068966 0.111437
34 0.144283 0.326979 0.052632 0.096774
0 0.160617 0.485337 0.085299 0.137830
25 0.295826 0.642229 0.355717 0.076246
18 0.151543 0.768328 0.067151 0.099707
2 0.523593 0.089443 0.085299 0.137830
7 0.523593 0.282991 0.085299 0.137830
21 0.507260 0.431085 0.052632 0.082111
29 0.509982 0.571848 0.058076 0.105572
28 0.509074 0.712610 0.056261 0.093842
5 0.523593 0.857771 0.085299 0.137830
4 0.616152 0.092375 0.085299 0.137830
33 0.603448 0.237537 0.059891 0.099707
32 0.690563 0.341642 0.234120 0.067449
6 0.616152 0.482405 0.085299 0.137830
12 0.616152 0.649560 0.085299 0.137830
27 0.598911 0.791789 0.050817 0.082111
1 0.857532 0.092375 0.085299 0.137830
24 0.840290 0.256598 0.050817 0.085044
17 0.850272 0.392962 0.070780 0.093842
8 0.857532 0.549853 0.085299 0.137830
11 0.857532 0.708211 0.085299 0.137830
14 0.857532 0.898827 0.085299 0.137830
23 0.938294 0.071848 0.061706 0.090909
20 0.941924 0.215543 0.068966 0.096774
15 0.945554 0.335777 0.076225 0.096774
16 0.935572 0.478006 0.056261 0.082111
13 0.950091 0.617302 0.085299 0.137830
10 0.950091 0.793255 0.085299 0.137830