30 0.034483 0.083573 0.068966 0.109510
3 0.042650 0.257925 0.085299 0.135447
33 0.029946 0.423631 0.059891 0.097983
27 0.025408 0.538905 0.050817 0.080692
10 0.042650 0.690202 0.085299 0.135447
22 0.028131 0.814121 0.056261 0.077810
25 0.270417 0.060519 0.355717 0.074928
34 0.118875 0.165706 0.052632 0.095101
15 0.130672 0.275216 0.076225 0.095101
0 0.135209 0.413545 0.085299 0.135447
12 0.135209 0.589337 0.085299 0.135447
9 0.135209 0.759366 0.085299 0.135447
4 0.498185 0.085014 0.085299 0.135447
16 0.483666 0.216138 0.056261 0.080692
18 0.489111 0.360231 0.067151 0.097983
31 0.510889 0.456772 0.110708 0.066282
11 0.498185 0.597983 0.085299 0.135447
35 0.486388 0.731988 0.061706 0.080692
7 0.616152 0.108069 0.085299 0.135447
8 0.616152 0.257925 0.085299 0.135447
23 0.604356 0.416427 0.061706 0.089337
6 0.616152 0.560519 0.085299 0.135447
5 0.616152 0.739193 0.085299 0.135447
17 0.608893 0.910663 0.070780 0.092219
28 0.694192 0.089337 0.056261 0.092219
29 0.695100 0.216138 0.058076 0.103746
21 0.692377 0.357349 0.052632 0.080692
24 0.691470 0.479827 0.050817 0.083573
26 0.695100 0.612392 0.058076 0.100865
13 0.708711 0.747839 0.085299 0.135447
20 0.793103 0.090778 0.068966 0.095101
1 0.801270 0.226225 0.085299 0.135447
2 0.801270 0.410663 0.085299 0.135447
14 0.801270 0.574928 0.085299 0.135447
32 0.875681 0.704611 0.234120 0.066282
19 0.792196 0.806916 0.067151 0.080692