26 0.034115 0.079104 0.068230 0.104478
34 0.030917 0.207463 0.061834 0.098507
11 0.050107 0.344776 0.100213 0.140299
27 0.029851 0.483582 0.059701 0.083582
7 0.050107 0.643284 0.100213 0.140299
2 0.050107 0.843284 0.100213 0.140299
31 0.173774 0.052239 0.130064 0.068657
22 0.141791 0.168657 0.066098 0.080597
30 0.149254 0.310448 0.081023 0.113433
10 0.158849 0.470149 0.100213 0.140299
15 0.153518 0.616418 0.089552 0.098507
6 0.158849 0.777612 0.100213 0.140299
5 0.297441 0.094030 0.100213 0.140299
17 0.288913 0.235821 0.083156 0.095522
12 0.297441 0.398507 0.100213 0.140299
18 0.286780 0.564179 0.078891 0.101493
35 0.283582 0.680597 0.072495 0.083582
9 0.297441 0.831343 0.100213 0.140299
25 0.565032 0.065672 0.417910 0.077612
23 0.392324 0.210448 0.072495 0.092537
33 0.391258 0.349254 0.070362 0.101493
16 0.389126 0.498507 0.066098 0.083582
19 0.395522 0.629851 0.078891 0.083582
32 0.493603 0.738806 0.275053 0.068657
8 0.832623 0.114925 0.100213 0.140299
24 0.812367 0.249254 0.059701 0.086567
13 0.832623 0.401493 0.100213 0.140299
4 0.832623 0.562687 0.100213 0.140299
14 0.832623 0.756716 0.100213 0.140299
21 0.813433 0.910448 0.061834 0.083582
1 0.941365 0.091045 0.100213 0.140299
20 0.931770 0.252239 0.081023 0.098507
29 0.925373 0.373134 0.068230 0.107463
0 0.941365 0.550746 0.100213 0.140299
3 0.941365 0.711940 0.100213 0.140299
28 0.924307 0.868657 0.066098 0.095522