30 0.035382 0.095101 0.070764 0.109510
22 0.028864 0.211816 0.057728 0.077810
31 0.056797 0.304035 0.113594 0.066282
33 0.030726 0.403458 0.061453 0.097983
32 0.120112 0.525937 0.240223 0.066282
15 0.039106 0.641210 0.078212 0.095101
25 0.430168 0.069164 0.364991 0.074928
29 0.277467 0.190202 0.059590 0.103746
5 0.291434 0.367435 0.087523 0.135447
34 0.274674 0.511527 0.054004 0.095101
3 0.291434 0.641210 0.087523 0.135447
21 0.274674 0.798271 0.054004 0.080692
23 0.651769 0.059078 0.063315 0.089337
27 0.646182 0.187320 0.052142 0.080692
9 0.663873 0.338617 0.087523 0.135447
18 0.654562 0.472622 0.068901 0.097983
17 0.656425 0.622478 0.072626 0.092219
8 0.663873 0.765130 0.087523 0.135447
4 0.758845 0.102305 0.087523 0.135447
35 0.746741 0.242075 0.063315 0.080692
14 0.758845 0.387608 0.087523 0.135447
11 0.758845 0.548991 0.087523 0.135447
26 0.744879 0.719020 0.059590 0.100865
2 0.758845 0.886167 0.087523 0.135447
0 0.853818 0.087896 0.087523 0.135447
13 0.853818 0.275216 0.087523 0.135447
7 0.853818 0.436599 0.087523 0.135447
19 0.844507 0.602305 0.068901 0.080692
24 0.836127 0.727666 0.052142 0.083573
12 0.853818 0.877522 0.087523 0.135447
10 0.948790 0.087896 0.087523 0.135447
1 0.948790 0.249280 0.087523 0.135447
6 0.948790 0.425072 0.087523 0.135447
28 0.933892 0.564841 0.057728 0.092219
16 0.933892 0.668588 0.057728 0.080692
20 0.940410 0.793948 0.070764 0.095101