18 0.033575 0.092814 0.067151 0.101796
4 0.042650 0.267964 0.085299 0.140719
7 0.042650 0.456587 0.085299 0.140719
3 0.042650 0.624251 0.085299 0.140719
30 0.034483 0.778443 0.068966 0.113772
34 0.026316 0.902695 0.052632 0.098802
11 0.135209 0.100299 0.085299 0.140719
20 0.127042 0.244012 0.068966 0.098802
0 0.135209 0.381737 0.085299 0.140719
35 0.123412 0.547904 0.061706 0.083832
27 0.117967 0.691617 0.050817 0.083832
24 0.117967 0.800898 0.050817 0.086826
26 0.214156 0.097305 0.058076 0.104790
28 0.213249 0.242515 0.056261 0.095808
25 0.362976 0.368263 0.355717 0.077844
5 0.227768 0.522455 0.085299 0.140719
10 0.227768 0.702096 0.085299 0.140719
13 0.227768 0.875749 0.085299 0.140719
23 0.578947 0.061377 0.061706 0.092814
17 0.583485 0.179641 0.070780 0.095808
12 0.590744 0.339820 0.085299 0.140719
6 0.590744 0.534431 0.085299 0.140719
16 0.576225 0.700599 0.056261 0.083832
2 0.590744 0.863772 0.085299 0.140719
15 0.678766 0.091317 0.076225 0.098802
8 0.683303 0.261976 0.085299 0.140719
32 0.757713 0.387725 0.234120 0.068862
21 0.666969 0.505988 0.052632 0.083832
1 0.683303 0.651198 0.085299 0.140719
9 0.683303 0.833832 0.085299 0.140719
22 0.910163 0.079341 0.056261 0.080838
29 0.911071 0.188623 0.058076 0.107784
33 0.911978 0.308383 0.059891 0.101796
19 0.915608 0.461078 0.067151 0.083832
31 0.937387 0.561377 0.110708 0.068862
14 0.924682 0.684132 0.085299 0.140719