32 0.117060 0.052260 0.234120 0.064972
26 0.029038 0.159605 0.058076 0.098870
16 0.028131 0.296610 0.056261 0.079096
9 0.042650 0.453390 0.085299 0.132768
30 0.034483 0.601695 0.068966 0.107345
19 0.033575 0.717514 0.067151 0.079096
34 0.267695 0.083333 0.052632 0.093220
8 0.284029 0.210452 0.085299 0.132768
12 0.284029 0.365819 0.085299 0.132768
1 0.284029 0.535311 0.085299 0.132768
33 0.271325 0.669492 0.059891 0.096045
28 0.269510 0.802260 0.056261 0.090395
4 0.376588 0.105932 0.085299 0.132768
6 0.376588 0.281073 0.085299 0.132768
31 0.389292 0.416667 0.110708 0.064972
35 0.364791 0.522599 0.061706 0.079096
5 0.376588 0.656780 0.085299 0.132768
11 0.376588 0.829096 0.085299 0.132768
3 0.494555 0.105932 0.085299 0.132768
0 0.494555 0.292373 0.085299 0.132768
17 0.487296 0.457627 0.070780 0.090395
15 0.490018 0.583333 0.076225 0.093220
7 0.494555 0.727401 0.085299 0.132768
13 0.494555 0.894068 0.085299 0.132768
14 0.587114 0.086158 0.085299 0.132768
20 0.578947 0.255650 0.068966 0.093220
2 0.587114 0.405367 0.085299 0.132768
29 0.573503 0.576271 0.058076 0.101695
24 0.569873 0.707627 0.050817 0.081921
18 0.578040 0.819209 0.067151 0.096045
22 0.665154 0.077684 0.056261 0.076271
27 0.662432 0.172316 0.050817 0.079096
25 0.814882 0.288136 0.355717 0.073446
10 0.679673 0.408192 0.085299 0.132768
23 0.667877 0.540960 0.061706 0.087571
21 0.663339 0.669492 0.052632 0.079096