1 0.043762 0.089041 0.087523 0.128767
0 0.043762 0.247945 0.087523 0.128767
19 0.034451 0.386301 0.068901 0.076712
27 0.026071 0.495890 0.052142 0.076712
26 0.029795 0.598630 0.059590 0.095890
8 0.043762 0.727397 0.087523 0.128767
9 0.138734 0.089041 0.087523 0.128767
2 0.138734 0.242466 0.087523 0.128767
10 0.138734 0.412329 0.087523 0.128767
35 0.126629 0.547945 0.063315 0.076712
7 0.138734 0.678082 0.087523 0.128767
16 0.123836 0.816438 0.057728 0.076712
17 0.226257 0.065753 0.072626 0.087671
25 0.372439 0.175342 0.364991 0.071233
23 0.221601 0.302740 0.063315 0.084932
15 0.229050 0.434247 0.078212 0.090411
21 0.216946 0.572603 0.054004 0.076712
31 0.246741 0.664384 0.113594 0.063014
34 0.589385 0.061644 0.054004 0.090411
32 0.682495 0.168493 0.240223 0.063014
12 0.606145 0.313699 0.087523 0.128767
29 0.592179 0.460274 0.059590 0.098630
22 0.591248 0.560274 0.057728 0.073973
3 0.606145 0.713699 0.087523 0.128767
33 0.840782 0.060274 0.061453 0.093151
20 0.845438 0.193151 0.070764 0.090411
30 0.845438 0.315068 0.070764 0.104110
18 0.844507 0.432877 0.068901 0.093151
5 0.853818 0.571233 0.087523 0.128767
28 0.838920 0.701370 0.057728 0.087671
24 0.931099 0.078082 0.052142 0.079452
14 0.948790 0.234247 0.087523 0.128767
6 0.948790 0.393151 0.087523 0.128767
11 0.948790 0.563014 0.087523 0.128767
4 0.948790 0.732877 0.087523 0.128767
13 0.948790 0.889041 0.087523 0.128767