12 0.042650 0.114679 0.085299 0.143731
4 0.042650 0.273700 0.085299 0.143731
22 0.028131 0.414373 0.056261 0.082569
18 0.033575 0.532110 0.067151 0.103976
25 0.177858 0.645260 0.355717 0.079511
8 0.042650 0.793578 0.085299 0.143731
10 0.405626 0.108563 0.085299 0.143731
5 0.405626 0.270642 0.085299 0.143731
28 0.391107 0.415902 0.056261 0.097859
19 0.396552 0.559633 0.067151 0.085627
20 0.397459 0.680428 0.068966 0.100917
1 0.405626 0.845566 0.085299 0.143731
15 0.493648 0.090214 0.076225 0.100917
30 0.490018 0.238532 0.068966 0.116208
32 0.572595 0.347095 0.234120 0.070336
7 0.498185 0.487768 0.085299 0.143731
2 0.498185 0.686544 0.085299 0.143731
3 0.498185 0.882263 0.085299 0.143731
24 0.722323 0.059633 0.050817 0.088685
35 0.727768 0.207951 0.061706 0.085627
27 0.722323 0.345566 0.050817 0.085627
13 0.739564 0.487768 0.085299 0.143731
6 0.739564 0.662080 0.085299 0.143731
0 0.739564 0.842508 0.085299 0.143731
23 0.820327 0.084098 0.061706 0.094801
17 0.824864 0.232416 0.070780 0.097859
34 0.815789 0.392966 0.052632 0.100917
33 0.819419 0.525994 0.059891 0.103976
9 0.832123 0.692661 0.085299 0.143731
14 0.832123 0.866972 0.085299 0.143731
31 0.937387 0.068807 0.110708 0.070336
21 0.908348 0.207951 0.052632 0.085627
11 0.924682 0.383792 0.085299 0.143731
26 0.911071 0.539755 0.058076 0.107034
29 0.911071 0.706422 0.058076 0.110092
16 0.910163 0.822630 0.056261 0.085627