25 0.208955 0.061947 0.417910 0.076696
1 0.050107 0.228614 0.100213 0.138643
32 0.137527 0.361357 0.275053 0.067847
8 0.050107 0.508850 0.100213 0.138643
35 0.036247 0.672566 0.072495 0.082596
2 0.050107 0.815634 0.100213 0.138643
34 0.457356 0.081121 0.061834 0.097345
13 0.476546 0.222714 0.100213 0.138643
17 0.468017 0.356932 0.083156 0.094395
5 0.476546 0.502950 0.100213 0.138643
22 0.459488 0.647493 0.066098 0.079646
24 0.456290 0.786136 0.059701 0.085546
14 0.585288 0.089971 0.100213 0.138643
19 0.574627 0.233038 0.078891 0.082596
6 0.585288 0.376106 0.100213 0.138643
27 0.565032 0.501475 0.059701 0.082596
4 0.585288 0.656342 0.100213 0.138643
26 0.569296 0.830383 0.068230 0.103245
30 0.684435 0.094395 0.081023 0.112094
15 0.688699 0.249263 0.089552 0.097345
23 0.680171 0.370206 0.072495 0.091445
31 0.708955 0.508850 0.130064 0.067847
16 0.676972 0.643068 0.066098 0.082596
10 0.694030 0.803835 0.100213 0.138643
28 0.815565 0.073746 0.066098 0.094395
29 0.816631 0.206490 0.068230 0.106195
21 0.813433 0.321534 0.061834 0.082596
3 0.832623 0.449853 0.100213 0.138643
18 0.821962 0.587021 0.078891 0.100295
7 0.832623 0.730088 0.100213 0.138643
9 0.941365 0.092920 0.100213 0.138643
20 0.931770 0.243363 0.081023 0.097345
33 0.926439 0.374631 0.070362 0.100295
0 0.941365 0.508850 0.100213 0.138643
12 0.941365 0.700590 0.100213 0.138643
11 0.941365 0.886431 0.100213 0.138643