6 0.043762 0.104545 0.087523 0.142424
1 0.043762 0.298485 0.087523 0.142424
21 0.027002 0.427273 0.054004 0.084848
28 0.028864 0.575758 0.057728 0.096970
10 0.043762 0.725758 0.087523 0.142424
23 0.031657 0.904545 0.063315 0.093939
2 0.138734 0.104545 0.087523 0.142424
15 0.134078 0.259091 0.078212 0.100000
20 0.130354 0.413636 0.070764 0.100000
19 0.129423 0.527273 0.068901 0.084848
30 0.130354 0.669697 0.070764 0.115152
0 0.138734 0.840909 0.087523 0.142424
22 0.218808 0.062121 0.057728 0.081818
14 0.233706 0.207576 0.087523 0.142424
9 0.233706 0.392424 0.087523 0.142424
26 0.219739 0.553030 0.059590 0.106061
16 0.218808 0.709091 0.057728 0.084848
3 0.233706 0.853030 0.087523 0.142424
7 0.328678 0.089394 0.087523 0.142424
34 0.311918 0.240909 0.054004 0.100000
27 0.310987 0.366667 0.052142 0.084848
8 0.328678 0.510606 0.087523 0.142424
32 0.405028 0.662121 0.240223 0.069697
11 0.328678 0.798485 0.087523 0.142424
33 0.563315 0.093939 0.061453 0.103030
29 0.562384 0.233333 0.059590 0.109091
12 0.576350 0.410606 0.087523 0.142424
4 0.576350 0.583333 0.087523 0.142424
17 0.568901 0.760606 0.072626 0.096970
18 0.567039 0.884848 0.068901 0.103030
25 0.810056 0.081818 0.364991 0.078788
35 0.659218 0.221212 0.063315 0.084848
13 0.671322 0.374242 0.087523 0.142424
5 0.671322 0.546970 0.087523 0.142424
24 0.653631 0.716667 0.052142 0.087879
31 0.684358 0.837879 0.113594 0.069697