28 0.028131 0.069164 0.056261 0.092219
9 0.042650 0.211816 0.085299 0.135447
17 0.035390 0.357349 0.070780 0.092219
22 0.028131 0.488473 0.056261 0.077810
14 0.042650 0.615274 0.085299 0.135447
34 0.026316 0.782421 0.052632 0.095101
10 0.135209 0.099424 0.085299 0.135447
18 0.126134 0.233429 0.067151 0.097983
27 0.117967 0.360231 0.050817 0.080692
16 0.120690 0.455331 0.056261 0.080692
26 0.121597 0.586455 0.058076 0.100865
33 0.122505 0.734870 0.059891 0.097983
29 0.214156 0.069164 0.058076 0.103746
24 0.210526 0.185879 0.050817 0.083573
32 0.302178 0.286744 0.234120 0.066282
20 0.219601 0.410663 0.068966 0.095101
6 0.227768 0.548991 0.085299 0.135447
13 0.227768 0.727666 0.085299 0.135447
1 0.469147 0.093660 0.085299 0.135447
4 0.469147 0.260807 0.085299 0.135447
11 0.469147 0.451009 0.085299 0.135447
3 0.469147 0.612392 0.085299 0.135447
21 0.452813 0.757925 0.052632 0.080692
0 0.469147 0.891931 0.085299 0.135447
5 0.561706 0.099424 0.085299 0.135447
12 0.561706 0.280980 0.085299 0.135447
2 0.561706 0.462536 0.085299 0.135447
25 0.696915 0.613833 0.355717 0.074928
30 0.553539 0.734870 0.068966 0.109510
8 0.561706 0.880403 0.085299 0.135447
7 0.924682 0.090778 0.085299 0.135447
23 0.912886 0.240634 0.061706 0.089337
15 0.920145 0.361671 0.076225 0.095101
35 0.912886 0.495677 0.061706 0.080692
19 0.915608 0.593660 0.067151 0.080692
31 0.937387 0.719020 0.110708 0.066282