2 0.042650 0.084821 0.085299 0.139881
19 0.033575 0.235119 0.067151 0.083333
32 0.117060 0.343750 0.234120 0.068452
26 0.029038 0.480655 0.058076 0.104167
35 0.030853 0.619048 0.061706 0.083333
12 0.042650 0.757440 0.085299 0.139881
0 0.284029 0.093750 0.085299 0.139881
10 0.284029 0.290179 0.085299 0.139881
7 0.284029 0.489583 0.085299 0.139881
4 0.284029 0.647321 0.085299 0.139881
25 0.419238 0.782738 0.355717 0.077381
16 0.269510 0.922619 0.056261 0.083333
20 0.638838 0.063988 0.068966 0.098214
1 0.647005 0.206845 0.085299 0.139881
33 0.634301 0.363095 0.059891 0.101190
21 0.630672 0.497024 0.052632 0.083333
29 0.633394 0.633929 0.058076 0.107143
14 0.647005 0.790179 0.085299 0.139881
27 0.722323 0.062500 0.050817 0.083333
23 0.727768 0.200893 0.061706 0.092262
13 0.739564 0.370536 0.085299 0.139881
34 0.723230 0.540179 0.052632 0.098214
18 0.730490 0.663690 0.067151 0.101190
30 0.731397 0.785714 0.068966 0.113095
17 0.824864 0.071429 0.070780 0.095238
8 0.832123 0.218750 0.085299 0.139881
15 0.827586 0.382440 0.076225 0.098214
9 0.832123 0.522321 0.085299 0.139881
11 0.832123 0.712798 0.085299 0.139881
31 0.844828 0.852679 0.110708 0.068452
3 0.950091 0.114583 0.085299 0.139881
24 0.932849 0.275298 0.050817 0.086310
6 0.950091 0.430060 0.085299 0.139881
22 0.935572 0.572917 0.056261 0.080357
28 0.935572 0.693452 0.056261 0.095238
5 0.950091 0.861607 0.085299 0.139881