6 0.042650 0.099407 0.085299 0.139466
33 0.029946 0.270030 0.059891 0.100890
1 0.042650 0.446588 0.085299 0.139466
25 0.177858 0.569733 0.355717 0.077151
5 0.042650 0.713650 0.085299 0.139466
2 0.042650 0.897626 0.085299 0.139466
23 0.393829 0.063798 0.061706 0.091988
13 0.405626 0.229970 0.085299 0.139466
29 0.392015 0.370920 0.058076 0.106825
31 0.418330 0.482196 0.110708 0.068249
3 0.405626 0.615727 0.085299 0.139466
24 0.388385 0.755193 0.050817 0.086053
35 0.511797 0.056380 0.061706 0.083086
16 0.509074 0.186944 0.056261 0.083086
19 0.514519 0.311573 0.067151 0.083086
8 0.523593 0.461424 0.085299 0.139466
18 0.514519 0.626113 0.067151 0.100890
26 0.509982 0.772997 0.058076 0.103858
7 0.616152 0.105341 0.085299 0.139466
11 0.616152 0.298220 0.085299 0.139466
20 0.607985 0.467359 0.068966 0.097923
15 0.611615 0.583086 0.076225 0.097923
0 0.616152 0.746291 0.085299 0.139466
32 0.690563 0.867953 0.234120 0.068249
21 0.841198 0.068249 0.052632 0.083086
9 0.857532 0.235905 0.085299 0.139466
30 0.849365 0.406528 0.068966 0.112760
34 0.841198 0.544510 0.052632 0.097923
12 0.857532 0.686944 0.085299 0.139466
22 0.843013 0.844214 0.056261 0.080119
28 0.935572 0.083086 0.056261 0.094955
10 0.950091 0.250742 0.085299 0.139466
14 0.950091 0.422849 0.085299 0.139466
27 0.932849 0.587537 0.050817 0.083086
4 0.950091 0.722552 0.085299 0.139466
17 0.942831 0.896142 0.070780 0.094955