27 0.029851 0.065527 0.059701 0.079772
31 0.065032 0.163818 0.130064 0.065527
8 0.050107 0.303419 0.100213 0.133903
22 0.033049 0.457265 0.066098 0.076923
33 0.035181 0.575499 0.070362 0.096866
35 0.036247 0.700855 0.072495 0.079772
30 0.179104 0.088319 0.081023 0.108262
15 0.183369 0.246439 0.089552 0.094017
5 0.188699 0.391738 0.100213 0.133903
6 0.188699 0.548433 0.100213 0.133903
3 0.188699 0.733618 0.100213 0.133903
9 0.188699 0.915954 0.100213 0.133903
19 0.286780 0.076923 0.078891 0.079772
29 0.281450 0.188034 0.068230 0.102564
2 0.297441 0.360399 0.100213 0.133903
11 0.297441 0.517094 0.100213 0.133903
7 0.297441 0.685185 0.100213 0.133903
14 0.297441 0.861823 0.100213 0.133903
1 0.406183 0.081197 0.100213 0.133903
23 0.392324 0.229345 0.072495 0.088319
34 0.386994 0.343305 0.061834 0.094017
10 0.406183 0.494302 0.100213 0.133903
0 0.406183 0.676638 0.100213 0.133903
17 0.397655 0.843305 0.083156 0.091168
26 0.498934 0.066952 0.068230 0.099715
16 0.497868 0.170940 0.066098 0.079772
21 0.495736 0.287749 0.061834 0.079772
20 0.505330 0.414530 0.081023 0.094017
13 0.514925 0.585470 0.100213 0.133903
24 0.494670 0.722222 0.059701 0.082621
4 0.623667 0.106838 0.100213 0.133903
25 0.782516 0.267806 0.417910 0.074074
32 0.711087 0.383191 0.275053 0.065527
12 0.623667 0.502849 0.100213 0.133903
28 0.606610 0.666667 0.066098 0.091168
18 0.613006 0.789174 0.078891 0.096866