35 0.031657 0.054913 0.063315 0.080925
20 0.035382 0.200867 0.070764 0.095376
6 0.043762 0.365607 0.087523 0.135838
27 0.026071 0.514451 0.052142 0.080925
23 0.031657 0.637283 0.063315 0.089595
13 0.043762 0.781792 0.087523 0.135838
8 0.138734 0.091040 0.087523 0.135838
31 0.151769 0.232659 0.113594 0.066474
32 0.215084 0.351156 0.240223 0.066474
10 0.138734 0.486994 0.087523 0.135838
9 0.138734 0.669075 0.087523 0.135838
7 0.138734 0.851156 0.087523 0.135838
3 0.386406 0.096821 0.087523 0.135838
34 0.369646 0.232659 0.054004 0.095376
16 0.371508 0.341040 0.057728 0.080925
1 0.386406 0.466763 0.087523 0.135838
21 0.369646 0.601156 0.054004 0.080925
17 0.378957 0.708092 0.072626 0.092486
33 0.468343 0.063584 0.061453 0.098266
2 0.481378 0.229769 0.087523 0.135838
28 0.466480 0.398844 0.057728 0.092486
14 0.481378 0.565029 0.087523 0.135838
11 0.481378 0.744220 0.087523 0.135838
29 0.467412 0.921965 0.059590 0.104046
18 0.567039 0.083815 0.068901 0.098266
26 0.562384 0.215318 0.059590 0.101156
30 0.567970 0.352601 0.070764 0.109827
25 0.715084 0.482659 0.364991 0.075145
5 0.576350 0.643064 0.087523 0.135838
0 0.576350 0.799133 0.087523 0.135838
4 0.948790 0.111272 0.087523 0.135838
22 0.933892 0.252890 0.057728 0.078035
24 0.931099 0.388728 0.052142 0.083815
19 0.939479 0.485549 0.068901 0.080925
12 0.948790 0.614162 0.087523 0.135838
15 0.944134 0.750000 0.078212 0.095376