22 0.028131 0.060185 0.056261 0.083333
16 0.028131 0.175926 0.056261 0.086420
17 0.035390 0.290123 0.070780 0.098765
30 0.034483 0.429012 0.068966 0.117284
31 0.055354 0.578704 0.110708 0.070988
11 0.042650 0.736111 0.085299 0.145062
10 0.160617 0.091049 0.085299 0.145062
12 0.160617 0.282407 0.085299 0.145062
8 0.160617 0.470679 0.085299 0.145062
34 0.144283 0.609568 0.052632 0.101852
3 0.160617 0.788580 0.085299 0.145062
24 0.143376 0.924383 0.050817 0.089506
19 0.244102 0.061728 0.067151 0.086420
2 0.253176 0.217593 0.085299 0.145062
25 0.388385 0.373457 0.355717 0.080247
20 0.245009 0.526235 0.068966 0.101852
14 0.253176 0.689815 0.085299 0.145062
9 0.253176 0.859568 0.085299 0.145062
32 0.690563 0.069444 0.234120 0.070988
15 0.611615 0.195988 0.076225 0.101852
33 0.603448 0.342593 0.059891 0.104938
4 0.616152 0.489198 0.085299 0.145062
1 0.616152 0.668210 0.085299 0.145062
18 0.607078 0.836420 0.067151 0.104938
7 0.857532 0.109568 0.085299 0.145062
26 0.843920 0.266975 0.058076 0.108025
27 0.840290 0.382716 0.050817 0.086420
21 0.841198 0.487654 0.052632 0.086420
29 0.843920 0.623457 0.058076 0.111111
5 0.857532 0.788580 0.085299 0.145062
0 0.950091 0.091049 0.085299 0.145062
28 0.935572 0.234568 0.056261 0.098765
6 0.950091 0.384259 0.085299 0.145062
35 0.938294 0.524691 0.061706 0.086420
13 0.950091 0.680556 0.085299 0.145062
23 0.938294 0.825617 0.061706 0.095679