1 0.042650 0.109971 0.085299 0.137830
30 0.034483 0.252199 0.068966 0.111437
24 0.025408 0.376833 0.050817 0.085044
2 0.042650 0.541056 0.085299 0.137830
31 0.055354 0.693548 0.110708 0.067449
26 0.029038 0.828446 0.058076 0.102639
35 0.148820 0.067449 0.061706 0.082111
14 0.160617 0.218475 0.085299 0.137830
34 0.144283 0.362170 0.052632 0.096774
32 0.235027 0.488270 0.234120 0.067449
33 0.147913 0.612903 0.059891 0.099707
16 0.146098 0.741935 0.056261 0.082111
20 0.393829 0.089443 0.068966 0.096774
17 0.394737 0.217009 0.070780 0.093842
4 0.401996 0.382698 0.085299 0.137830
21 0.385662 0.519062 0.052632 0.082111
9 0.401996 0.670088 0.085299 0.137830
27 0.384755 0.809384 0.050817 0.082111
5 0.494555 0.109971 0.085299 0.137830
15 0.490018 0.268328 0.076225 0.096774
23 0.482759 0.397361 0.061706 0.090909
0 0.494555 0.538123 0.085299 0.137830
28 0.480036 0.689150 0.056261 0.093842
22 0.480036 0.813783 0.056261 0.079179
6 0.587114 0.092375 0.085299 0.137830
8 0.587114 0.280059 0.085299 0.137830
19 0.578040 0.422287 0.067151 0.082111
7 0.587114 0.567449 0.085299 0.137830
29 0.573503 0.744868 0.058076 0.105572
18 0.578040 0.906158 0.067151 0.099707
11 0.679673 0.101173 0.085299 0.137830
25 0.814882 0.249267 0.355717 0.076246
13 0.679673 0.385630 0.085299 0.137830
12 0.679673 0.552786 0.085299 0.137830
3 0.679673 0.725806 0.085299 0.137830
10 0.679673 0.881232 0.085299 0.137830