26 0.029038 0.079942 0.058076 0.101744
30 0.034483 0.206395 0.068966 0.110465
27 0.025408 0.325581 0.050817 0.081395
20 0.034483 0.434593 0.068966 0.095930
24 0.025408 0.565407 0.050817 0.084302
13 0.042650 0.734012 0.085299 0.136628
3 0.135209 0.094477 0.085299 0.136628
1 0.135209 0.283430 0.085299 0.136628
19 0.126134 0.415698 0.067151 0.081395
10 0.135209 0.553779 0.085299 0.136628
9 0.135209 0.742733 0.085299 0.136628
31 0.147913 0.882267 0.110708 0.066860
22 0.238657 0.082849 0.056261 0.078488
17 0.245917 0.223837 0.070780 0.093023
5 0.253176 0.388081 0.085299 0.136628
15 0.248639 0.539244 0.076225 0.095930
25 0.388385 0.642442 0.355717 0.075581
4 0.253176 0.765988 0.085299 0.136628
16 0.601633 0.075581 0.056261 0.081395
11 0.616152 0.231105 0.085299 0.136628
23 0.604356 0.393895 0.061706 0.090116
21 0.599819 0.497093 0.052632 0.081395
2 0.616152 0.643895 0.085299 0.136628
35 0.604356 0.802326 0.061706 0.081395
29 0.695100 0.087209 0.058076 0.104651
28 0.694192 0.215116 0.056261 0.093023
0 0.708711 0.376453 0.085299 0.136628
12 0.708711 0.565407 0.085299 0.136628
8 0.708711 0.742733 0.085299 0.136628
6 0.708711 0.905523 0.085299 0.136628
32 0.875681 0.071221 0.234120 0.066860
14 0.801270 0.216570 0.085299 0.136628
7 0.801270 0.393895 0.085299 0.136628
18 0.792196 0.537791 0.067151 0.098837
33 0.788566 0.680233 0.059891 0.098837
34 0.784936 0.818314 0.052632 0.095930