4 0.042650 0.121451 0.085299 0.148265
34 0.026316 0.285489 0.052632 0.104101
29 0.029038 0.429022 0.058076 0.113565
23 0.030853 0.572555 0.061706 0.097792
24 0.025408 0.708202 0.050817 0.091483
10 0.042650 0.869085 0.085299 0.148265
31 0.147913 0.083596 0.110708 0.072555
19 0.126134 0.211356 0.067151 0.088328
2 0.135209 0.361199 0.085299 0.148265
0 0.135209 0.569401 0.085299 0.148265
16 0.120690 0.722397 0.056261 0.088328
15 0.130672 0.865931 0.076225 0.104101
5 0.253176 0.115142 0.085299 0.148265
26 0.239564 0.279180 0.058076 0.110410
20 0.245009 0.449527 0.068966 0.104101
33 0.240472 0.570978 0.059891 0.107256
27 0.235935 0.703470 0.050817 0.088328
3 0.253176 0.847003 0.085299 0.148265
17 0.338475 0.094637 0.070780 0.100946
11 0.345735 0.241325 0.085299 0.148265
25 0.480944 0.381703 0.355717 0.082019
18 0.336661 0.517350 0.067151 0.107256
6 0.345735 0.705047 0.085299 0.148265
30 0.337568 0.864353 0.068966 0.119874
14 0.708711 0.102524 0.085299 0.148265
22 0.694192 0.266562 0.056261 0.085174
1 0.708711 0.402208 0.085299 0.148265
12 0.708711 0.597792 0.085299 0.148265
13 0.708711 0.799685 0.085299 0.148265
35 0.696915 0.936909 0.061706 0.088328
7 0.801270 0.118297 0.085299 0.148265
9 0.801270 0.288644 0.085299 0.148265
21 0.784936 0.463722 0.052632 0.088328
32 0.875681 0.582019 0.234120 0.072555
8 0.801270 0.746057 0.085299 0.148265
28 0.786751 0.886435 0.056261 0.100946