22 0.034066 0.062121 0.068132 0.081818
30 0.041758 0.187879 0.083516 0.115152
10 0.051648 0.353030 0.103297 0.142424
18 0.040659 0.530303 0.081319 0.103030
11 0.051648 0.704545 0.103297 0.142424
20 0.041758 0.865152 0.083516 0.100000
0 0.163736 0.089394 0.103297 0.142424
23 0.149451 0.253030 0.074725 0.093939
12 0.163736 0.386364 0.103297 0.142424
21 0.143956 0.548485 0.063736 0.084848
26 0.147253 0.701515 0.070330 0.106061
19 0.152747 0.812121 0.081319 0.084848
29 0.259341 0.069697 0.070330 0.109091
35 0.261538 0.227273 0.074725 0.084848
34 0.256044 0.334848 0.063736 0.100000
4 0.275824 0.504545 0.103297 0.142424
2 0.275824 0.707576 0.103297 0.142424
8 0.275824 0.883333 0.103297 0.142424
1 0.387912 0.092424 0.103297 0.142424
25 0.551648 0.230303 0.430769 0.078788
33 0.372527 0.375758 0.072527 0.103030
31 0.403297 0.501515 0.134066 0.069697
13 0.387912 0.625758 0.103297 0.142424
32 0.478022 0.765152 0.283516 0.069697
15 0.821978 0.083333 0.092308 0.100000
17 0.818681 0.236364 0.085714 0.096970
28 0.809890 0.387879 0.068132 0.096970
14 0.827473 0.556061 0.103297 0.142424
7 0.827473 0.737879 0.103297 0.142424
16 0.809890 0.912121 0.068132 0.084848
3 0.939560 0.101515 0.103297 0.142424
5 0.939560 0.289394 0.103297 0.142424
6 0.939560 0.486364 0.103297 0.142424
27 0.918681 0.624242 0.061538 0.084848
9 0.939560 0.777273 0.103297 0.142424
24 0.918681 0.913636 0.061538 0.087879