19 0.034451 0.085044 0.068901 0.082111
17 0.036313 0.211144 0.072626 0.093842
30 0.035382 0.366569 0.070764 0.111437
32 0.120112 0.494135 0.240223 0.067449
11 0.043762 0.649560 0.087523 0.137830
18 0.034451 0.815249 0.068901 0.099707
0 0.291434 0.092375 0.087523 0.137830
10 0.291434 0.277126 0.087523 0.137830
8 0.291434 0.461877 0.087523 0.137830
27 0.273743 0.612903 0.052142 0.082111
29 0.277467 0.756598 0.059590 0.105572
23 0.279330 0.907625 0.063315 0.090909
31 0.399441 0.051320 0.113594 0.067449
4 0.386406 0.212610 0.087523 0.137830
3 0.386406 0.388563 0.087523 0.137830
13 0.386406 0.555718 0.087523 0.137830
25 0.525140 0.700880 0.364991 0.076246
15 0.381750 0.813783 0.078212 0.096774
5 0.758845 0.092375 0.087523 0.137830
12 0.758845 0.256598 0.087523 0.137830
9 0.758845 0.447214 0.087523 0.137830
2 0.758845 0.626100 0.087523 0.137830
34 0.742086 0.769795 0.054004 0.096774
22 0.743948 0.892962 0.057728 0.079179
28 0.838920 0.090909 0.057728 0.093842
35 0.841713 0.193548 0.063315 0.082111
24 0.836127 0.335777 0.052142 0.085044
1 0.853818 0.491202 0.087523 0.137830
6 0.853818 0.655425 0.087523 0.137830
20 0.845438 0.796188 0.070764 0.096774
16 0.933892 0.064516 0.057728 0.082111
33 0.935754 0.196481 0.061453 0.099707
21 0.932030 0.328446 0.054004 0.082111
7 0.948790 0.464809 0.087523 0.137830
14 0.948790 0.643695 0.087523 0.137830
26 0.934823 0.807918 0.059590 0.102639