10 0.043040 0.109065 0.086081 0.133144
13 0.043040 0.290368 0.086081 0.133144
21 0.026557 0.441926 0.053114 0.079320
7 0.043040 0.573654 0.086081 0.133144
11 0.043040 0.726629 0.086081 0.133144
4 0.043040 0.890935 0.086081 0.133144
31 0.149267 0.052408 0.111722 0.065156
33 0.123626 0.169972 0.060440 0.096317
23 0.124542 0.281870 0.062271 0.087819
27 0.119048 0.410765 0.051282 0.079320
0 0.136447 0.559490 0.086081 0.133144
20 0.128205 0.698300 0.069597 0.093484
6 0.255495 0.094901 0.086081 0.133144
32 0.330586 0.216714 0.236264 0.065156
1 0.255495 0.364023 0.086081 0.133144
14 0.255495 0.525496 0.086081 0.133144
34 0.239011 0.652975 0.053114 0.093484
18 0.246337 0.764873 0.067766 0.096317
35 0.487179 0.079320 0.062271 0.079320
22 0.484432 0.211048 0.056777 0.076487
24 0.481685 0.327195 0.051282 0.082153
19 0.489927 0.444759 0.067766 0.079320
17 0.491758 0.575071 0.071429 0.090652
15 0.494505 0.715297 0.076923 0.093484
25 0.719780 0.059490 0.358974 0.073654
16 0.568681 0.192635 0.056777 0.079320
8 0.583333 0.347025 0.086081 0.133144
26 0.569597 0.497167 0.058608 0.099150
29 0.569597 0.648725 0.058608 0.101983
9 0.583333 0.817280 0.086081 0.133144
5 0.949634 0.083569 0.086081 0.133144
30 0.941392 0.252125 0.069597 0.107649
2 0.949634 0.398017 0.086081 0.133144
12 0.949634 0.553824 0.086081 0.133144
28 0.934982 0.699717 0.056777 0.090652
3 0.949634 0.862606 0.086081 0.133144