26 0.029795 0.079341 0.059590 0.104790
7 0.043762 0.250000 0.087523 0.140719
5 0.043762 0.423653 0.087523 0.140719
33 0.030726 0.568862 0.061453 0.101796
1 0.043762 0.738024 0.087523 0.140719
28 0.028864 0.889222 0.057728 0.095808
14 0.138734 0.109281 0.087523 0.140719
12 0.138734 0.264970 0.087523 0.140719
9 0.138734 0.465569 0.087523 0.140719
2 0.138734 0.648204 0.087523 0.140719
17 0.131285 0.787425 0.072626 0.095808
29 0.124767 0.925150 0.059590 0.107784
4 0.233706 0.097305 0.087523 0.140719
0 0.233706 0.276946 0.087523 0.140719
16 0.218808 0.413174 0.057728 0.083832
19 0.224395 0.511976 0.068901 0.083832
24 0.216015 0.630240 0.052142 0.086826
30 0.225326 0.790419 0.070764 0.113772
11 0.328678 0.103293 0.087523 0.140719
15 0.324022 0.238024 0.078212 0.098802
18 0.319367 0.365269 0.068901 0.101796
35 0.316574 0.476048 0.063315 0.083832
25 0.467412 0.610778 0.364991 0.077844
13 0.328678 0.755988 0.087523 0.140719
8 0.701117 0.112275 0.087523 0.140719
3 0.701117 0.294910 0.087523 0.140719
27 0.683426 0.437126 0.052142 0.083832
6 0.701117 0.600299 0.087523 0.140719
22 0.686220 0.758982 0.057728 0.080838
23 0.689013 0.860778 0.063315 0.092814
21 0.779330 0.086826 0.054004 0.083832
32 0.872439 0.208084 0.240223 0.068862
20 0.787709 0.312874 0.070764 0.098802
31 0.809125 0.435629 0.113594 0.068862
10 0.796089 0.570359 0.087523 0.140719
34 0.779330 0.750000 0.054004 0.098802