35 0.030853 0.083333 0.061706 0.083333
14 0.042650 0.251488 0.085299 0.139881
30 0.034483 0.401786 0.068966 0.113095
18 0.033575 0.565476 0.067151 0.101190
8 0.042650 0.709821 0.085299 0.139881
12 0.042650 0.891369 0.085299 0.139881
11 0.135209 0.108631 0.085299 0.139881
17 0.127949 0.279762 0.070780 0.095238
21 0.118875 0.398810 0.052632 0.083333
29 0.121597 0.514881 0.058076 0.107143
19 0.126134 0.639881 0.067151 0.083333
7 0.135209 0.784226 0.085299 0.139881
15 0.223230 0.090774 0.076225 0.098214
32 0.302178 0.233631 0.234120 0.068452
23 0.215971 0.340774 0.061706 0.092262
1 0.227768 0.495536 0.085299 0.139881
33 0.215064 0.657738 0.059891 0.101190
34 0.211434 0.787202 0.052632 0.098214
24 0.451906 0.072917 0.050817 0.086310
3 0.469147 0.239583 0.085299 0.139881
16 0.454628 0.380952 0.056261 0.083333
13 0.469147 0.540179 0.085299 0.139881
6 0.469147 0.736607 0.085299 0.139881
22 0.454628 0.900298 0.056261 0.080357
9 0.561706 0.087798 0.085299 0.139881
26 0.548094 0.251488 0.058076 0.104167
5 0.561706 0.418155 0.085299 0.139881
25 0.696915 0.580357 0.355717 0.077381
28 0.547187 0.693452 0.056261 0.095238
27 0.544465 0.830357 0.050817 0.083333
4 0.924682 0.108631 0.085299 0.139881
31 0.937387 0.263393 0.110708 0.068452
2 0.924682 0.394345 0.085299 0.139881
10 0.924682 0.555060 0.085299 0.139881
20 0.916515 0.730655 0.068966 0.098214
0 0.924682 0.873512 0.085299 0.139881