4 0.042650 0.103293 0.085299 0.140719
9 0.042650 0.276946 0.085299 0.140719
29 0.029038 0.461078 0.058076 0.107784
1 0.042650 0.630240 0.085299 0.140719
24 0.025408 0.797904 0.050817 0.086826
31 0.055354 0.917665 0.110708 0.068862
30 0.152450 0.101796 0.068966 0.113772
13 0.160617 0.276946 0.085299 0.140719
34 0.144283 0.411677 0.052632 0.098802
25 0.295826 0.535928 0.355717 0.077844
17 0.153358 0.637725 0.070780 0.095808
33 0.147913 0.754491 0.059891 0.101796
27 0.506352 0.068862 0.050817 0.083832
5 0.523593 0.196108 0.085299 0.140719
28 0.509074 0.344311 0.056261 0.095808
19 0.514519 0.488024 0.067151 0.083832
6 0.523593 0.651198 0.085299 0.140719
26 0.509982 0.824850 0.058076 0.104790
0 0.616152 0.115269 0.085299 0.140719
3 0.616152 0.309880 0.085299 0.140719
14 0.616152 0.510479 0.085299 0.140719
22 0.601633 0.672156 0.056261 0.080838
21 0.599819 0.799401 0.052632 0.083832
35 0.604356 0.928144 0.061706 0.083832
7 0.708711 0.103293 0.085299 0.140719
8 0.708711 0.282934 0.085299 0.140719
32 0.783122 0.429641 0.234120 0.068862
10 0.708711 0.549401 0.085299 0.140719
12 0.708711 0.708084 0.085299 0.140719
20 0.700544 0.872754 0.068966 0.098802
11 0.950091 0.100299 0.085299 0.140719
18 0.941016 0.281437 0.067151 0.101796
23 0.938294 0.396707 0.061706 0.092814
16 0.935572 0.505988 0.056261 0.083832
2 0.950091 0.645210 0.085299 0.140719
15 0.945554 0.791916 0.076225 0.098802