0 0.043762 0.088785 0.087523 0.146417
8 0.043762 0.272586 0.087523 0.146417
2 0.043762 0.437695 0.087523 0.146417
18 0.034451 0.579439 0.068901 0.105919
25 0.182495 0.728972 0.364991 0.080997
3 0.043762 0.858255 0.087523 0.146417
23 0.404097 0.079439 0.063315 0.096573
34 0.399441 0.200935 0.054004 0.102804
12 0.416201 0.381620 0.087523 0.146417
20 0.407821 0.562305 0.070764 0.102804
21 0.399441 0.719626 0.054004 0.087227
9 0.416201 0.883178 0.087523 0.146417
22 0.496276 0.066978 0.057728 0.084112
33 0.498138 0.199377 0.061453 0.105919
11 0.511173 0.372274 0.087523 0.146417
7 0.511173 0.562305 0.087523 0.146417
5 0.511173 0.727414 0.087523 0.146417
26 0.497207 0.901869 0.059590 0.109034
30 0.597765 0.090343 0.070764 0.118380
1 0.606145 0.247664 0.087523 0.146417
24 0.588454 0.415888 0.052142 0.090343
29 0.592179 0.538941 0.059590 0.112150
6 0.606145 0.699377 0.087523 0.146417
13 0.606145 0.861371 0.087523 0.146417
10 0.701117 0.107477 0.087523 0.146417
14 0.701117 0.275701 0.087523 0.146417
27 0.683426 0.442368 0.052142 0.087227
16 0.686220 0.551402 0.057728 0.087227
15 0.696462 0.661994 0.078212 0.102804
28 0.686220 0.791277 0.057728 0.099688
17 0.788641 0.068536 0.072626 0.099688
19 0.786778 0.208723 0.068901 0.087227
32 0.872439 0.341121 0.240223 0.071651
31 0.809125 0.462617 0.113594 0.071651
4 0.796089 0.621495 0.087523 0.146417
35 0.783985 0.794393 0.063315 0.087227