2 0.042650 0.106534 0.085299 0.133523
29 0.029038 0.269886 0.058076 0.102273
25 0.177858 0.375000 0.355717 0.073864
9 0.042650 0.535511 0.085299 0.133523
8 0.042650 0.711648 0.085299 0.133523
4 0.042650 0.882102 0.085299 0.133523
27 0.388385 0.056818 0.050817 0.079545
24 0.388385 0.177557 0.050817 0.082386
14 0.405626 0.311080 0.085299 0.133523
35 0.393829 0.448864 0.061706 0.079545
34 0.389292 0.563920 0.052632 0.093750
18 0.396552 0.681818 0.067151 0.096591
6 0.498185 0.098011 0.085299 0.133523
28 0.483666 0.267045 0.056261 0.090909
0 0.498185 0.413352 0.085299 0.133523
17 0.490926 0.582386 0.070780 0.090909
10 0.498185 0.723011 0.085299 0.133523
32 0.572595 0.865057 0.234120 0.065341
15 0.735027 0.078125 0.076225 0.093750
31 0.752269 0.208807 0.110708 0.065341
30 0.731397 0.315341 0.068966 0.107955
23 0.727768 0.436080 0.061706 0.088068
5 0.739564 0.603693 0.085299 0.133523
19 0.730490 0.744318 0.067151 0.079545
13 0.857532 0.103693 0.085299 0.133523
20 0.849365 0.251420 0.068966 0.093750
1 0.857532 0.410511 0.085299 0.133523
22 0.843013 0.566761 0.056261 0.076705
26 0.843920 0.700284 0.058076 0.099432
3 0.857532 0.873580 0.085299 0.133523
21 0.933757 0.068182 0.052632 0.079545
7 0.950091 0.203125 0.085299 0.133523
11 0.950091 0.359375 0.085299 0.133523
16 0.935572 0.494318 0.056261 0.079545
33 0.937387 0.630682 0.059891 0.096591
12 0.950091 0.774148 0.085299 0.133523