29 0.029795 0.078035 0.059590 0.104046
16 0.028864 0.210983 0.057728 0.080925
13 0.043762 0.365607 0.087523 0.135838
11 0.043762 0.527457 0.087523 0.135838
33 0.030726 0.661850 0.061453 0.098266
34 0.027002 0.781792 0.054004 0.095376
26 0.124767 0.079480 0.059590 0.101156
1 0.138734 0.252890 0.087523 0.135838
20 0.130354 0.426301 0.070764 0.095376
23 0.126629 0.567919 0.063315 0.089595
10 0.138734 0.709538 0.087523 0.135838
18 0.129423 0.841040 0.068901 0.098266
7 0.233706 0.091040 0.087523 0.135838
0 0.233706 0.250000 0.087523 0.135838
25 0.372439 0.404624 0.364991 0.075145
3 0.233706 0.553468 0.087523 0.135838
4 0.233706 0.721098 0.087523 0.135838
14 0.233706 0.874277 0.087523 0.135838
2 0.606145 0.105491 0.087523 0.135838
19 0.596834 0.239884 0.068901 0.080925
21 0.589385 0.343931 0.054004 0.080925
35 0.594041 0.468208 0.063315 0.080925
30 0.597765 0.604046 0.070764 0.109827
17 0.598696 0.719653 0.072626 0.092486
22 0.686220 0.065029 0.057728 0.078035
28 0.686220 0.173410 0.057728 0.092486
8 0.701117 0.325145 0.087523 0.135838
27 0.683426 0.453757 0.052142 0.080925
9 0.701117 0.576590 0.087523 0.135838
24 0.683426 0.709538 0.052142 0.083815
31 0.809125 0.076590 0.113594 0.066474
5 0.796089 0.221098 0.087523 0.135838
6 0.796089 0.408960 0.087523 0.135838
32 0.872439 0.553468 0.240223 0.066474
12 0.796089 0.712428 0.087523 0.135838
15 0.791434 0.842486 0.078212 0.095376