13 0.043762 0.096154 0.087523 0.139053
25 0.182495 0.224852 0.364991 0.076923
14 0.043762 0.359467 0.087523 0.139053
3 0.043762 0.551775 0.087523 0.139053
20 0.035382 0.702663 0.070764 0.097633
0 0.043762 0.874260 0.087523 0.139053
7 0.416201 0.105030 0.087523 0.139053
26 0.402235 0.255917 0.059590 0.103550
32 0.492551 0.362426 0.240223 0.068047
21 0.399441 0.461538 0.054004 0.082840
18 0.406890 0.594675 0.068901 0.100592
31 0.429236 0.726331 0.113594 0.068047
11 0.663873 0.102071 0.087523 0.139053
16 0.648976 0.245562 0.057728 0.082840
34 0.647114 0.368343 0.054004 0.097633
4 0.663873 0.507396 0.087523 0.139053
35 0.651769 0.662722 0.063315 0.082840
9 0.663873 0.818047 0.087523 0.139053
29 0.744879 0.097633 0.059590 0.106509
1 0.758845 0.252959 0.087523 0.139053
8 0.758845 0.427515 0.087523 0.139053
17 0.751397 0.579882 0.072626 0.094675
6 0.758845 0.755917 0.087523 0.139053
30 0.750466 0.896450 0.070764 0.112426
27 0.836127 0.065089 0.052142 0.082840
22 0.838920 0.173077 0.057728 0.079882
33 0.840782 0.316568 0.061453 0.100592
15 0.849162 0.439349 0.078212 0.097633
23 0.841713 0.563609 0.063315 0.091716
10 0.853818 0.699704 0.087523 0.139053
2 0.948790 0.099112 0.087523 0.139053
5 0.948790 0.261834 0.087523 0.139053
19 0.939479 0.408284 0.068901 0.082840
12 0.948790 0.566568 0.087523 0.139053
28 0.933892 0.727811 0.057728 0.094675
24 0.931099 0.853550 0.052142 0.085799