3 0.042650 0.118098 0.085299 0.144172
22 0.028131 0.286810 0.056261 0.082822
29 0.029038 0.441718 0.058076 0.110429
12 0.042650 0.596626 0.085299 0.144172
32 0.117060 0.746933 0.234120 0.070552
0 0.042650 0.888037 0.085299 0.144172
24 0.266788 0.087423 0.050817 0.088957
5 0.284029 0.222393 0.085299 0.144172
26 0.270417 0.384969 0.058076 0.107362
10 0.284029 0.550613 0.085299 0.144172
9 0.284029 0.728528 0.085299 0.144172
4 0.284029 0.912577 0.085299 0.144172
18 0.367514 0.070552 0.067151 0.104294
28 0.362069 0.211656 0.056261 0.098160
21 0.360254 0.331288 0.052632 0.085890
13 0.376588 0.501534 0.085299 0.144172
7 0.376588 0.688650 0.085299 0.144172
6 0.376588 0.869632 0.085299 0.144172
20 0.460980 0.078221 0.068966 0.101227
27 0.451906 0.202454 0.050817 0.085890
25 0.604356 0.331288 0.355717 0.079755
34 0.452813 0.452454 0.052632 0.101227
8 0.469147 0.593558 0.085299 0.144172
19 0.460073 0.760736 0.067151 0.085890
17 0.824864 0.064417 0.070780 0.098160
35 0.820327 0.205521 0.061706 0.085890
31 0.844828 0.332822 0.110708 0.070552
16 0.817604 0.426380 0.056261 0.085890
14 0.832123 0.581288 0.085299 0.144172
1 0.832123 0.762270 0.085299 0.144172
33 0.937387 0.095092 0.059891 0.104294
30 0.941924 0.251534 0.068966 0.116564
15 0.945554 0.409509 0.076225 0.101227
2 0.950091 0.547546 0.085299 0.144172
23 0.938294 0.725460 0.061706 0.095092
11 0.950091 0.891104 0.085299 0.144172