14 0.042650 0.108757 0.085299 0.132768
0 0.042650 0.298023 0.085299 0.132768
1 0.042650 0.481638 0.085299 0.132768
15 0.038113 0.625706 0.076225 0.093220
9 0.042650 0.778249 0.085299 0.132768
25 0.177858 0.915254 0.355717 0.073446
24 0.388385 0.055085 0.050817 0.081921
11 0.405626 0.210452 0.085299 0.132768
8 0.405626 0.360169 0.085299 0.132768
13 0.405626 0.532486 0.085299 0.132768
32 0.480036 0.679379 0.234120 0.064972
34 0.389292 0.783898 0.052632 0.093220
35 0.635209 0.059322 0.061706 0.079096
6 0.647005 0.218927 0.085299 0.132768
21 0.630672 0.367232 0.052632 0.079096
28 0.632486 0.477401 0.056261 0.090395
12 0.647005 0.603107 0.085299 0.132768
30 0.638838 0.742938 0.068966 0.107345
3 0.739564 0.094633 0.085299 0.132768
22 0.725045 0.233051 0.056261 0.076271
7 0.739564 0.362994 0.085299 0.132768
16 0.725045 0.485876 0.056261 0.079096
26 0.725953 0.600282 0.058076 0.098870
18 0.730490 0.748588 0.067151 0.096045
5 0.832123 0.091808 0.085299 0.132768
31 0.844828 0.210452 0.110708 0.064972
19 0.823049 0.324859 0.067151 0.079096
20 0.823956 0.464689 0.068966 0.093220
33 0.819419 0.604520 0.059891 0.096045
4 0.832123 0.735876 0.085299 0.132768
17 0.942831 0.070621 0.070780 0.090395
23 0.938294 0.196328 0.061706 0.087571
2 0.950091 0.320621 0.085299 0.132768
27 0.932849 0.463277 0.050817 0.079096
10 0.950091 0.594633 0.085299 0.132768
29 0.936479 0.734463 0.058076 0.101695