8 0.042650 0.110315 0.085299 0.134670
1 0.042650 0.265043 0.085299 0.134670
3 0.042650 0.445559 0.085299 0.134670
6 0.042650 0.594556 0.085299 0.134670
26 0.029038 0.757880 0.058076 0.100287
25 0.177858 0.902579 0.355717 0.074499
32 0.480036 0.067335 0.234120 0.065903
9 0.405626 0.213467 0.085299 0.134670
13 0.405626 0.388252 0.085299 0.134670
12 0.405626 0.557307 0.085299 0.134670
11 0.405626 0.740688 0.085299 0.134670
20 0.397459 0.912607 0.068966 0.094556
29 0.633394 0.080229 0.058076 0.103152
16 0.632486 0.209169 0.056261 0.080229
28 0.632486 0.349570 0.056261 0.091691
15 0.642468 0.471347 0.076225 0.094556
31 0.659710 0.583095 0.110708 0.065903
34 0.630672 0.700573 0.052632 0.094556
18 0.755898 0.085960 0.067151 0.097421
17 0.757713 0.203438 0.070780 0.091691
24 0.747731 0.305158 0.050817 0.083095
14 0.764973 0.457020 0.085299 0.134670
22 0.750454 0.577364 0.056261 0.077364
33 0.752269 0.722063 0.059891 0.097421
27 0.840290 0.063037 0.050817 0.080229
35 0.845735 0.183381 0.061706 0.080229
19 0.848457 0.289398 0.067151 0.080229
4 0.857532 0.411175 0.085299 0.134670
7 0.857532 0.565903 0.085299 0.134670
2 0.857532 0.720630 0.085299 0.134670
0 0.950091 0.107450 0.085299 0.134670
21 0.933757 0.263610 0.052632 0.080229
10 0.950091 0.425501 0.085299 0.134670
5 0.950091 0.617479 0.085299 0.134670
30 0.941924 0.756447 0.068966 0.108883
23 0.938294 0.912607 0.061706 0.088825