31 0.056797 0.053191 0.113594 0.069909
33 0.030726 0.194529 0.061453 0.103343
20 0.035382 0.338906 0.070764 0.100304
25 0.182495 0.452888 0.364991 0.079027
2 0.043762 0.603343 0.087523 0.142857
11 0.043762 0.794833 0.087523 0.142857
1 0.416201 0.089666 0.087523 0.142857
12 0.416201 0.268997 0.087523 0.142857
5 0.416201 0.439210 0.087523 0.142857
22 0.401304 0.591185 0.057728 0.082067
18 0.406890 0.708207 0.068901 0.103343
21 0.399441 0.844985 0.054004 0.085106
9 0.511173 0.092705 0.087523 0.142857
4 0.511173 0.262918 0.087523 0.142857
26 0.497207 0.448328 0.059590 0.106383
35 0.499069 0.565350 0.063315 0.085106
34 0.494413 0.694529 0.054004 0.100304
19 0.501862 0.823708 0.068901 0.085106
29 0.592179 0.069909 0.059590 0.109422
32 0.682495 0.205167 0.240223 0.069909
3 0.606145 0.360182 0.087523 0.142857
8 0.606145 0.551672 0.087523 0.142857
6 0.606145 0.718845 0.087523 0.142857
28 0.591248 0.896657 0.057728 0.097264
17 0.846369 0.085106 0.072626 0.097264
24 0.836127 0.202128 0.052142 0.088146
7 0.853818 0.338906 0.087523 0.142857
30 0.845438 0.519757 0.070764 0.115502
14 0.853818 0.700608 0.087523 0.142857
15 0.849162 0.864742 0.078212 0.100304
10 0.948790 0.086626 0.087523 0.142857
16 0.933892 0.243161 0.057728 0.085106
13 0.948790 0.408815 0.087523 0.142857
27 0.931099 0.556231 0.052142 0.085106
23 0.936685 0.703647 0.063315 0.094225
0 0.948790 0.882979 0.087523 0.142857