2 0.043762 0.078512 0.087523 0.129477
16 0.028864 0.206612 0.057728 0.077135
4 0.043762 0.359504 0.087523 0.129477
10 0.043762 0.544077 0.087523 0.129477
8 0.043762 0.717631 0.087523 0.129477
6 0.043762 0.885675 0.087523 0.129477
26 0.124767 0.086777 0.059590 0.096419
18 0.129423 0.231405 0.068901 0.093664
30 0.130354 0.366391 0.070764 0.104683
11 0.138734 0.513774 0.087523 0.129477
15 0.134078 0.659780 0.078212 0.090909
34 0.121974 0.775482 0.054004 0.090909
23 0.221601 0.061983 0.063315 0.085399
31 0.246741 0.188705 0.113594 0.063361
32 0.310056 0.279614 0.240223 0.063361
21 0.216946 0.391185 0.054004 0.077135
0 0.233706 0.522039 0.087523 0.129477
12 0.233706 0.673554 0.087523 0.129477
28 0.466480 0.077135 0.057728 0.088154
9 0.481378 0.207989 0.087523 0.129477
19 0.472067 0.349862 0.068901 0.077135
13 0.481378 0.480716 0.087523 0.129477
7 0.481378 0.640496 0.087523 0.129477
5 0.481378 0.786501 0.087523 0.129477
27 0.558659 0.077135 0.052142 0.077135
25 0.715084 0.190083 0.364991 0.071625
22 0.561453 0.298898 0.057728 0.074380
35 0.564246 0.391185 0.063315 0.077135
33 0.563315 0.495868 0.061453 0.093664
1 0.576350 0.629477 0.087523 0.129477
3 0.948790 0.084022 0.087523 0.129477
14 0.948790 0.257576 0.087523 0.129477
24 0.931099 0.384298 0.052142 0.079890
17 0.941341 0.490358 0.072626 0.088154
20 0.940410 0.621212 0.070764 0.090909
29 0.934823 0.735537 0.059590 0.099174