25 0.182495 0.066066 0.364991 0.078078
22 0.028864 0.160661 0.057728 0.081081
10 0.043762 0.310811 0.087523 0.141141
3 0.043762 0.472973 0.087523 0.141141
31 0.056797 0.620120 0.113594 0.069069
0 0.043762 0.785285 0.087523 0.141141
13 0.416201 0.106607 0.087523 0.141141
33 0.403166 0.264264 0.061453 0.102102
1 0.416201 0.406907 0.087523 0.141141
19 0.406890 0.534535 0.068901 0.084084
24 0.398510 0.665165 0.052142 0.087087
26 0.402235 0.800300 0.059590 0.105105
35 0.499069 0.060060 0.063315 0.084084
9 0.511173 0.226727 0.087523 0.141141
8 0.511173 0.388889 0.087523 0.141141
28 0.496276 0.540541 0.057728 0.096096
16 0.496276 0.657658 0.057728 0.084084
18 0.501862 0.795796 0.068901 0.102102
23 0.594041 0.079580 0.063315 0.093093
4 0.606145 0.238739 0.087523 0.141141
7 0.606145 0.403904 0.087523 0.141141
32 0.682495 0.524024 0.240223 0.069069
30 0.597765 0.666667 0.070764 0.114114
34 0.589385 0.806306 0.054004 0.099099
21 0.837058 0.057057 0.054004 0.084084
5 0.853818 0.202703 0.087523 0.141141
15 0.849162 0.364865 0.078212 0.099099
2 0.853818 0.545045 0.087523 0.141141
12 0.853818 0.713213 0.087523 0.141141
14 0.853818 0.884384 0.087523 0.141141
17 0.941341 0.072072 0.072626 0.096096
29 0.934823 0.234234 0.059590 0.108108
27 0.931099 0.360360 0.052142 0.084084
20 0.940410 0.503003 0.070764 0.099099
11 0.948790 0.668168 0.087523 0.141141
6 0.948790 0.854354 0.087523 0.141141