8 0.043762 0.088323 0.087523 0.140719
21 0.027002 0.215569 0.054004 0.083832
35 0.031657 0.320359 0.063315 0.083832
3 0.043762 0.456587 0.087523 0.140719
29 0.029795 0.640719 0.059590 0.107784
9 0.043762 0.791916 0.087523 0.140719
30 0.130354 0.092814 0.070764 0.113772
33 0.125698 0.251497 0.061453 0.101796
13 0.138734 0.402695 0.087523 0.140719
18 0.129423 0.574850 0.068901 0.101796
7 0.138734 0.729042 0.087523 0.140719
1 0.138734 0.908683 0.087523 0.140719
17 0.226257 0.080838 0.072626 0.095808
27 0.216015 0.221557 0.052142 0.083832
20 0.225326 0.357784 0.070764 0.098802
11 0.233706 0.519461 0.087523 0.140719
22 0.218808 0.684132 0.057728 0.080838
4 0.233706 0.842814 0.087523 0.140719
31 0.341713 0.070359 0.113594 0.068862
2 0.328678 0.229042 0.087523 0.140719
24 0.310987 0.375749 0.052142 0.086826
23 0.316574 0.480539 0.063315 0.092814
19 0.319367 0.583832 0.068901 0.083832
25 0.467412 0.691617 0.364991 0.077844
6 0.701117 0.115269 0.087523 0.140719
34 0.684358 0.288922 0.054004 0.098802
15 0.696462 0.444611 0.078212 0.098802
5 0.701117 0.609281 0.087523 0.140719
16 0.686220 0.739521 0.057728 0.083832
14 0.701117 0.869760 0.087523 0.140719
0 0.796089 0.100299 0.087523 0.140719
32 0.872439 0.247006 0.240223 0.068862
12 0.796089 0.372754 0.087523 0.140719
10 0.796089 0.540419 0.087523 0.140719
28 0.781192 0.685629 0.057728 0.095808
26 0.782123 0.833832 0.059590 0.104790