27 0.025408 0.060870 0.050817 0.081159
9 0.042650 0.192754 0.085299 0.136232
19 0.033575 0.330435 0.067151 0.081159
20 0.034483 0.473913 0.068966 0.095652
6 0.042650 0.642029 0.085299 0.136232
7 0.042650 0.798551 0.085299 0.136232
16 0.120690 0.084058 0.056261 0.081159
32 0.209619 0.181159 0.234120 0.066667
35 0.123412 0.310145 0.061706 0.081159
33 0.122505 0.434783 0.059891 0.098551
18 0.126134 0.565217 0.067151 0.098551
28 0.120690 0.710145 0.056261 0.092754
12 0.376588 0.085507 0.085299 0.136232
1 0.376588 0.273913 0.085299 0.136232
2 0.376588 0.453623 0.085299 0.136232
22 0.362069 0.595652 0.056261 0.078261
21 0.360254 0.701449 0.052632 0.081159
3 0.376588 0.850725 0.085299 0.136232
34 0.452813 0.091304 0.052632 0.095652
23 0.457350 0.233333 0.061706 0.089855
30 0.460980 0.368116 0.068966 0.110145
26 0.455535 0.517391 0.058076 0.101449
15 0.464610 0.659420 0.076225 0.095652
25 0.604356 0.776812 0.355717 0.075362
8 0.832123 0.111594 0.085299 0.136232
14 0.832123 0.271014 0.085299 0.136232
11 0.832123 0.453623 0.085299 0.136232
13 0.832123 0.610145 0.085299 0.136232
4 0.832123 0.766667 0.085299 0.136232
29 0.818512 0.924638 0.058076 0.104348
31 0.937387 0.068116 0.110708 0.066667
10 0.924682 0.189855 0.085299 0.136232
17 0.917423 0.324638 0.070780 0.092754
5 0.924682 0.497101 0.085299 0.136232
0 0.924682 0.688406 0.085299 0.136232
24 0.907441 0.853623 0.050817 0.084058