0 0.043762 0.105828 0.087523 0.144172
14 0.043762 0.311350 0.087523 0.144172
34 0.027002 0.461656 0.054004 0.101227
6 0.043762 0.630368 0.087523 0.144172
22 0.028864 0.805215 0.057728 0.082822
16 0.028864 0.904908 0.057728 0.085890
24 0.121043 0.078221 0.052142 0.088957
17 0.131285 0.214724 0.072626 0.098160
27 0.121043 0.352761 0.052142 0.085890
12 0.138734 0.510736 0.087523 0.144172
18 0.129423 0.690184 0.068901 0.104294
7 0.138734 0.872699 0.087523 0.144172
13 0.233706 0.087423 0.087523 0.144172
26 0.219739 0.250000 0.059590 0.107362
32 0.310056 0.378834 0.240223 0.070552
33 0.220670 0.500000 0.061453 0.104294
5 0.233706 0.661043 0.087523 0.144172
30 0.225326 0.852761 0.070764 0.116564
10 0.481378 0.118098 0.087523 0.144172
19 0.472067 0.269939 0.068901 0.085890
9 0.481378 0.418712 0.087523 0.144172
11 0.481378 0.590491 0.087523 0.144172
28 0.466480 0.745399 0.057728 0.098160
15 0.476723 0.888037 0.078212 0.101227
23 0.564246 0.069018 0.063315 0.095092
20 0.567970 0.185583 0.070764 0.101227
35 0.564246 0.312883 0.063315 0.085890
21 0.559590 0.457055 0.054004 0.085890
8 0.576350 0.615031 0.087523 0.144172
2 0.576350 0.774540 0.087523 0.144172
29 0.657356 0.076687 0.059590 0.110429
3 0.671322 0.237730 0.087523 0.144172
1 0.671322 0.430982 0.087523 0.144172
25 0.810056 0.601227 0.364991 0.079755
4 0.671322 0.765337 0.087523 0.144172
31 0.684358 0.912577 0.113594 0.070552