1 0.042650 0.086301 0.085299 0.128767
23 0.030853 0.215068 0.061706 0.084932
0 0.042650 0.368493 0.085299 0.128767
5 0.042650 0.549315 0.085299 0.128767
7 0.042650 0.710959 0.085299 0.128767
12 0.042650 0.883562 0.085299 0.128767
11 0.135209 0.078082 0.085299 0.128767
21 0.118875 0.202740 0.052632 0.076712
17 0.127949 0.323288 0.070780 0.087671
8 0.135209 0.469863 0.085299 0.128767
22 0.120690 0.601370 0.056261 0.073973
6 0.135209 0.746575 0.085299 0.128767
34 0.211434 0.072603 0.052632 0.090411
27 0.210526 0.172603 0.050817 0.076712
33 0.215064 0.293151 0.059891 0.093151
28 0.213249 0.421918 0.056261 0.087671
16 0.213249 0.528767 0.056261 0.076712
9 0.227768 0.645205 0.085299 0.128767
2 0.320327 0.091781 0.085299 0.128767
15 0.315789 0.242466 0.076225 0.090411
10 0.320327 0.398630 0.085299 0.128767
32 0.394737 0.543836 0.234120 0.063014
13 0.320327 0.683562 0.085299 0.128767
4 0.320327 0.847945 0.085299 0.128767
20 0.553539 0.078082 0.068966 0.090411
24 0.544465 0.190411 0.050817 0.079452
25 0.696915 0.290411 0.355717 0.071233
29 0.548094 0.413699 0.058076 0.098630
18 0.552632 0.558904 0.067151 0.093151
19 0.552632 0.693151 0.067151 0.076712
3 0.924682 0.091781 0.085299 0.128767
14 0.924682 0.261644 0.085299 0.128767
31 0.937387 0.384932 0.110708 0.063014
30 0.916515 0.515068 0.068966 0.104110
26 0.911071 0.636986 0.058076 0.095890
35 0.912886 0.753425 0.061706 0.076712