18 0.033575 0.084337 0.067151 0.102410
34 0.026316 0.227410 0.052632 0.099398
8 0.042650 0.408133 0.085299 0.141566
9 0.042650 0.606928 0.085299 0.141566
10 0.042650 0.781627 0.085299 0.141566
20 0.034483 0.917169 0.068966 0.099398
29 0.121597 0.090361 0.058076 0.108434
12 0.135209 0.245482 0.085299 0.141566
11 0.135209 0.426205 0.085299 0.141566
17 0.127949 0.581325 0.070780 0.096386
23 0.123412 0.700301 0.061706 0.093373
30 0.127042 0.819277 0.068966 0.114458
7 0.227768 0.091867 0.085299 0.141566
4 0.227768 0.266566 0.085299 0.141566
24 0.210526 0.414157 0.050817 0.087349
31 0.240472 0.516566 0.110708 0.069277
0 0.227768 0.655120 0.085299 0.141566
26 0.214156 0.832831 0.058076 0.105422
13 0.345735 0.091867 0.085299 0.141566
33 0.333031 0.253012 0.059891 0.102410
22 0.331216 0.387048 0.056261 0.081325
3 0.345735 0.519578 0.085299 0.141566
1 0.345735 0.691265 0.085299 0.141566
32 0.420145 0.820783 0.234120 0.069277
2 0.587114 0.088855 0.085299 0.141566
15 0.582577 0.224398 0.076225 0.099398
35 0.575318 0.358434 0.061706 0.084337
5 0.587114 0.507530 0.085299 0.141566
14 0.587114 0.706325 0.085299 0.141566
28 0.572595 0.867470 0.056261 0.096386
16 0.665154 0.057229 0.056261 0.084337
25 0.814882 0.162651 0.355717 0.078313
21 0.663339 0.280120 0.052632 0.084337
6 0.679673 0.429217 0.085299 0.141566
27 0.662432 0.602410 0.050817 0.084337
19 0.670599 0.710843 0.067151 0.084337