34 0.026753 0.062319 0.053506 0.095652
4 0.043358 0.210145 0.086716 0.136232
8 0.043358 0.360870 0.086716 0.136232
13 0.043358 0.543478 0.086716 0.136232
14 0.043358 0.734783 0.086716 0.136232
17 0.035978 0.869565 0.071956 0.092754
18 0.128229 0.081159 0.068266 0.098551
32 0.213100 0.178261 0.238007 0.066667
7 0.137454 0.300000 0.086716 0.136232
16 0.122694 0.463768 0.057196 0.081159
35 0.125461 0.588406 0.062731 0.081159
6 0.137454 0.714493 0.086716 0.136232
33 0.369926 0.066667 0.060886 0.098551
25 0.520295 0.168116 0.361624 0.075362
11 0.382841 0.291304 0.086716 0.136232
15 0.378229 0.421739 0.077491 0.095652
1 0.382841 0.586957 0.086716 0.136232
27 0.365314 0.733333 0.051661 0.081159
9 0.751845 0.108696 0.086716 0.136232
3 0.751845 0.279710 0.086716 0.136232
24 0.734317 0.439130 0.051661 0.084058
20 0.743542 0.555072 0.070111 0.095652
10 0.751845 0.714493 0.086716 0.136232
12 0.751845 0.882609 0.086716 0.136232
21 0.829336 0.055072 0.053506 0.081159
29 0.832103 0.200000 0.059041 0.104348
23 0.833948 0.331884 0.062731 0.089855
19 0.836716 0.457971 0.068266 0.081159
30 0.837638 0.602899 0.070111 0.110145
22 0.831181 0.711594 0.057196 0.078261
28 0.908672 0.069565 0.057196 0.092754
2 0.923432 0.210145 0.086716 0.136232
26 0.909594 0.384058 0.059041 0.101449
5 0.923432 0.546377 0.086716 0.136232
31 0.936347 0.662319 0.112546 0.066667
0 0.923432 0.815942 0.086716 0.136232