18 0.034451 0.096273 0.068901 0.105590
28 0.028864 0.245342 0.057728 0.099379
26 0.029795 0.371118 0.059590 0.108696
16 0.028864 0.506211 0.057728 0.086957
9 0.043762 0.669255 0.087523 0.145963
1 0.043762 0.849379 0.087523 0.145963
22 0.123836 0.072981 0.057728 0.083851
2 0.138734 0.240683 0.087523 0.145963
32 0.215084 0.395963 0.240223 0.071429
34 0.121974 0.504658 0.054004 0.102484
13 0.138734 0.678571 0.087523 0.145963
5 0.138734 0.864907 0.087523 0.145963
15 0.381750 0.082298 0.078212 0.102484
11 0.386406 0.225155 0.087523 0.145963
4 0.386406 0.395963 0.087523 0.145963
30 0.378026 0.562112 0.070764 0.118012
17 0.378957 0.689441 0.072626 0.099379
19 0.377095 0.807453 0.068901 0.086957
3 0.481378 0.097826 0.087523 0.145963
14 0.481378 0.302795 0.087523 0.145963
6 0.481378 0.498447 0.087523 0.145963
24 0.463687 0.659938 0.052142 0.090062
21 0.464618 0.788820 0.054004 0.086957
29 0.467412 0.919255 0.059590 0.111801
7 0.576350 0.091615 0.087523 0.145963
8 0.576350 0.268634 0.087523 0.145963
25 0.715084 0.428571 0.364991 0.080745
31 0.589385 0.563665 0.113594 0.071429
33 0.563315 0.704969 0.061453 0.105590
12 0.576350 0.849379 0.087523 0.145963
0 0.948790 0.097826 0.087523 0.145963
20 0.940410 0.262422 0.070764 0.102484
27 0.931099 0.385093 0.052142 0.086957
23 0.936685 0.510870 0.063315 0.096273
10 0.948790 0.663043 0.087523 0.145963
35 0.936685 0.795031 0.063315 0.086957