1 0.043762 0.098611 0.087523 0.130556
10 0.043762 0.284722 0.087523 0.130556
2 0.043762 0.468056 0.087523 0.130556
9 0.043762 0.654167 0.087523 0.130556
35 0.031657 0.805556 0.063315 0.077778
33 0.030726 0.908333 0.061453 0.094444
4 0.138734 0.081944 0.087523 0.130556
13 0.138734 0.226389 0.087523 0.130556
17 0.131285 0.350000 0.072626 0.088889
30 0.130354 0.488889 0.070764 0.105556
20 0.130354 0.601389 0.070764 0.091667
7 0.138734 0.756944 0.087523 0.130556
18 0.224395 0.063889 0.068901 0.094444
23 0.221601 0.195833 0.063315 0.086111
3 0.233706 0.329167 0.087523 0.130556
19 0.224395 0.463889 0.068901 0.077778
6 0.233706 0.601389 0.087523 0.130556
25 0.372439 0.716667 0.364991 0.072222
26 0.592179 0.068056 0.059590 0.097222
15 0.601490 0.204167 0.078212 0.091667
0 0.606145 0.334722 0.087523 0.130556
8 0.606145 0.512500 0.087523 0.130556
12 0.606145 0.695833 0.087523 0.130556
14 0.606145 0.876389 0.087523 0.130556
22 0.686220 0.051389 0.057728 0.075000
24 0.683426 0.173611 0.052142 0.080556
27 0.683426 0.280556 0.052142 0.077778
5 0.701117 0.401389 0.087523 0.130556
29 0.687151 0.538889 0.059590 0.100000
11 0.701117 0.676389 0.087523 0.130556
28 0.781192 0.069444 0.057728 0.088889
31 0.809125 0.159722 0.113594 0.063889
16 0.781192 0.263889 0.057728 0.077778
32 0.872439 0.359722 0.240223 0.063889
21 0.779330 0.463889 0.054004 0.077778
34 0.779330 0.570833 0.054004 0.091667