10 0.042650 0.098784 0.085299 0.142857
12 0.042650 0.290274 0.085299 0.142857
1 0.042650 0.478723 0.085299 0.142857
32 0.117060 0.621581 0.234120 0.069909
16 0.028131 0.738602 0.056261 0.085106
0 0.042650 0.873860 0.085299 0.142857
34 0.267695 0.068389 0.052632 0.100304
15 0.279492 0.205167 0.076225 0.100304
22 0.269510 0.323708 0.056261 0.082067
25 0.419238 0.443769 0.355717 0.079027
6 0.284029 0.585106 0.085299 0.142857
26 0.270417 0.767477 0.058076 0.106383
11 0.647005 0.095745 0.085299 0.142857
17 0.639746 0.237082 0.070780 0.097264
31 0.659710 0.357143 0.110708 0.069909
9 0.647005 0.496960 0.085299 0.142857
18 0.637931 0.671733 0.067151 0.103343
2 0.647005 0.822188 0.085299 0.142857
7 0.764973 0.113982 0.085299 0.142857
5 0.764973 0.302432 0.085299 0.142857
33 0.752269 0.449848 0.059891 0.103343
13 0.764973 0.630699 0.085299 0.142857
28 0.750454 0.793313 0.056261 0.097264
23 0.753176 0.925532 0.061706 0.094225
29 0.843920 0.085106 0.058076 0.109422
21 0.841198 0.218845 0.052632 0.085106
3 0.857532 0.366261 0.085299 0.142857
14 0.857532 0.527356 0.085299 0.142857
27 0.840290 0.702128 0.050817 0.085106
24 0.840290 0.803951 0.050817 0.088146
35 0.938294 0.057751 0.061706 0.085106
20 0.941924 0.168693 0.068966 0.100304
30 0.941924 0.322188 0.068966 0.115502
4 0.950091 0.487842 0.085299 0.142857
8 0.950091 0.691489 0.085299 0.142857
19 0.941016 0.823708 0.067151 0.085106