28 0.033049 0.081325 0.066098 0.096386
35 0.036247 0.201807 0.072495 0.084337
22 0.033049 0.335843 0.066098 0.081325
8 0.050107 0.474398 0.100213 0.141566
31 0.065032 0.625000 0.130064 0.069277
10 0.050107 0.760542 0.100213 0.141566
26 0.172708 0.076807 0.068230 0.105422
19 0.178038 0.201807 0.078891 0.084337
25 0.347548 0.328313 0.417910 0.078313
27 0.168443 0.439759 0.059701 0.084337
0 0.188699 0.570783 0.100213 0.141566
32 0.276119 0.727410 0.275053 0.069277
18 0.604478 0.090361 0.078891 0.102410
9 0.615139 0.242470 0.100213 0.141566
2 0.615139 0.426205 0.100213 0.141566
17 0.606610 0.560241 0.083156 0.096386
11 0.615139 0.721386 0.100213 0.141566
4 0.615139 0.884036 0.100213 0.141566
20 0.714286 0.079819 0.081023 0.099398
3 0.723881 0.221386 0.100213 0.141566
29 0.707889 0.385542 0.068230 0.108434
24 0.703625 0.528614 0.059701 0.087349
23 0.710021 0.646084 0.072495 0.093373
34 0.704691 0.784639 0.061834 0.099398
15 0.827292 0.091867 0.089552 0.099398
14 0.832623 0.245482 0.100213 0.141566
33 0.817697 0.382530 0.070362 0.102410
12 0.832623 0.525602 0.100213 0.141566
7 0.832623 0.700301 0.100213 0.141566
5 0.832623 0.899096 0.100213 0.141566
30 0.931770 0.093373 0.081023 0.114458
13 0.941365 0.260542 0.100213 0.141566
1 0.941365 0.453313 0.100213 0.141566
21 0.922175 0.620482 0.061834 0.084337
6 0.941365 0.793675 0.100213 0.141566
16 0.924307 0.936747 0.066098 0.084337