35 0.036247 0.079268 0.072495 0.085366
16 0.033049 0.222561 0.066098 0.085366
13 0.050107 0.352134 0.100213 0.143293
18 0.039446 0.490854 0.078891 0.103659
22 0.033049 0.626524 0.066098 0.082317
21 0.030917 0.725610 0.061834 0.085366
32 0.246269 0.080793 0.275053 0.070122
25 0.317697 0.179878 0.417910 0.079268
9 0.158849 0.315549 0.100213 0.143293
23 0.144989 0.492378 0.072495 0.094512
30 0.149254 0.618902 0.081023 0.115854
11 0.158849 0.806402 0.100213 0.143293
4 0.585288 0.102134 0.100213 0.143293
34 0.566098 0.260671 0.061834 0.100610
3 0.585288 0.419207 0.100213 0.143293
19 0.574627 0.582317 0.078891 0.085366
7 0.585288 0.745427 0.100213 0.143293
20 0.575693 0.925305 0.081023 0.100610
12 0.694030 0.111280 0.100213 0.143293
27 0.673774 0.243902 0.059701 0.085366
1 0.694030 0.376524 0.100213 0.143293
0 0.694030 0.568598 0.100213 0.143293
5 0.694030 0.745427 0.100213 0.143293
17 0.685501 0.902439 0.083156 0.097561
6 0.802772 0.102134 0.100213 0.143293
2 0.802772 0.288110 0.100213 0.143293
33 0.787846 0.460366 0.070362 0.103659
29 0.786780 0.603659 0.068230 0.109756
24 0.782516 0.751524 0.059701 0.088415
8 0.802772 0.888720 0.100213 0.143293
31 0.926439 0.062500 0.130064 0.070122
26 0.895522 0.193598 0.068230 0.106707
10 0.911514 0.373476 0.100213 0.143293
15 0.906183 0.528963 0.089552 0.100610
28 0.894456 0.670732 0.066098 0.097561
14 0.911514 0.830793 0.100213 0.143293