1 0.042650 0.109649 0.085299 0.137427
28 0.028131 0.271930 0.056261 0.093567
0 0.042650 0.413743 0.085299 0.137427
14 0.042650 0.603801 0.085299 0.137427
25 0.177858 0.745614 0.355717 0.076023
7 0.042650 0.896199 0.085299 0.137427
31 0.418330 0.068713 0.110708 0.067251
10 0.405626 0.185673 0.085299 0.137427
30 0.397459 0.336257 0.068966 0.111111
21 0.389292 0.479532 0.052632 0.081871
33 0.392922 0.584795 0.059891 0.099415
19 0.396552 0.728070 0.067151 0.081871
32 0.598004 0.071637 0.234120 0.067251
18 0.514519 0.204678 0.067151 0.099415
5 0.523593 0.355263 0.085299 0.137427
20 0.515426 0.504386 0.068966 0.096491
35 0.511797 0.640351 0.061706 0.081871
27 0.506352 0.769006 0.050817 0.081871
15 0.760436 0.065789 0.076225 0.096491
3 0.764973 0.206140 0.085299 0.137427
12 0.764973 0.402047 0.085299 0.137427
24 0.747731 0.548246 0.050817 0.084795
26 0.751361 0.676901 0.058076 0.102339
34 0.748639 0.793860 0.052632 0.096491
2 0.857532 0.109649 0.085299 0.137427
11 0.857532 0.285088 0.085299 0.137427
4 0.857532 0.440058 0.085299 0.137427
29 0.843920 0.602339 0.058076 0.105263
13 0.857532 0.744152 0.085299 0.137427
9 0.857532 0.904971 0.085299 0.137427
8 0.950091 0.095029 0.085299 0.137427
17 0.942831 0.263158 0.070780 0.093567
6 0.950091 0.431287 0.085299 0.137427
23 0.938294 0.562865 0.061706 0.090643
16 0.935572 0.707602 0.056261 0.081871
22 0.935572 0.805556 0.056261 0.078947