4 0.043762 0.085329 0.087523 0.140719
3 0.043762 0.258982 0.087523 0.140719
21 0.027002 0.389222 0.054004 0.083832
20 0.035382 0.528443 0.070764 0.098802
25 0.182495 0.637725 0.364991 0.077844
12 0.043762 0.779940 0.087523 0.140719
16 0.401304 0.080838 0.057728 0.083832
15 0.411546 0.232036 0.078212 0.098802
1 0.416201 0.390719 0.087523 0.140719
11 0.416201 0.585329 0.087523 0.140719
19 0.406890 0.751497 0.068901 0.083832
5 0.416201 0.896707 0.087523 0.140719
23 0.499069 0.079341 0.063315 0.092814
13 0.511173 0.211078 0.087523 0.140719
34 0.494413 0.372754 0.054004 0.098802
8 0.511173 0.540419 0.087523 0.140719
14 0.511173 0.714072 0.087523 0.140719
27 0.493482 0.847305 0.052142 0.083832
28 0.591248 0.086826 0.057728 0.095808
18 0.596834 0.239521 0.068901 0.101796
0 0.606145 0.396707 0.087523 0.140719
33 0.593110 0.562874 0.061453 0.101796
10 0.606145 0.738024 0.087523 0.140719
17 0.598696 0.892216 0.072626 0.095808
26 0.687151 0.094311 0.059590 0.104790
29 0.687151 0.227545 0.059590 0.107784
31 0.714153 0.369760 0.113594 0.068862
30 0.692737 0.494012 0.070764 0.113772
32 0.777467 0.636228 0.240223 0.068862
2 0.701117 0.800898 0.087523 0.140719
22 0.933892 0.085329 0.057728 0.080838
9 0.948790 0.229042 0.087523 0.140719
35 0.936685 0.380240 0.063315 0.083832
24 0.931099 0.525449 0.052142 0.086826
6 0.948790 0.693114 0.087523 0.140719
7 0.948790 0.866766 0.087523 0.140719