21 0.026316 0.079179 0.052632 0.082111
15 0.038113 0.200880 0.076225 0.096774
6 0.042650 0.359238 0.085299 0.137830
5 0.042650 0.538123 0.085299 0.137830
14 0.042650 0.702346 0.085299 0.137830
2 0.042650 0.892962 0.085299 0.137830
19 0.126134 0.070381 0.067151 0.082111
16 0.120690 0.190616 0.056261 0.082111
12 0.135209 0.350440 0.085299 0.137830
10 0.135209 0.505865 0.085299 0.137830
30 0.127042 0.645161 0.068966 0.111437
31 0.147913 0.752199 0.110708 0.067449
8 0.253176 0.104106 0.085299 0.137830
13 0.253176 0.256598 0.085299 0.137830
1 0.253176 0.414956 0.085299 0.137830
23 0.241379 0.582111 0.061706 0.090909
34 0.236842 0.731672 0.052632 0.096774
22 0.238657 0.863636 0.056261 0.079179
28 0.331216 0.073314 0.056261 0.093842
24 0.328494 0.221408 0.050817 0.085044
18 0.336661 0.331378 0.067151 0.099707
20 0.337568 0.473607 0.068966 0.096774
32 0.420145 0.579179 0.234120 0.067449
17 0.338475 0.680352 0.070780 0.093842
0 0.587114 0.112903 0.085299 0.137830
25 0.722323 0.258065 0.355717 0.076246
9 0.587114 0.379765 0.085299 0.137830
35 0.575318 0.519062 0.061706 0.082111
3 0.587114 0.661290 0.085299 0.137830
29 0.573503 0.818182 0.058076 0.105572
26 0.936479 0.092375 0.058076 0.102639
4 0.950091 0.253666 0.085299 0.137830
33 0.937387 0.416422 0.059891 0.099707
11 0.950091 0.570381 0.085299 0.137830
27 0.932849 0.727273 0.050817 0.082111
7 0.950091 0.872434 0.085299 0.137830