11 0.042650 0.087156 0.085299 0.143731
6 0.042650 0.255352 0.085299 0.143731
19 0.033575 0.391437 0.067151 0.085627
9 0.042650 0.539755 0.085299 0.143731
7 0.042650 0.726300 0.085299 0.143731
22 0.028131 0.885321 0.056261 0.082569
1 0.135209 0.117737 0.085299 0.143731
24 0.117967 0.276758 0.050817 0.088685
3 0.135209 0.451070 0.085299 0.143731
13 0.135209 0.610092 0.085299 0.143731
29 0.121597 0.755352 0.058076 0.110092
27 0.117967 0.914373 0.050817 0.085627
21 0.211434 0.088685 0.052632 0.085627
26 0.214156 0.200306 0.058076 0.107034
17 0.220508 0.324159 0.070780 0.097859
23 0.215971 0.466361 0.061706 0.094801
25 0.362976 0.590214 0.355717 0.079511
2 0.227768 0.735474 0.085299 0.143731
18 0.581670 0.088685 0.067151 0.103976
20 0.582577 0.212538 0.068966 0.100917
31 0.603448 0.328746 0.110708 0.070336
15 0.586207 0.441896 0.076225 0.100917
14 0.590744 0.594801 0.085299 0.143731
34 0.574410 0.750765 0.052632 0.100917
4 0.708711 0.093272 0.085299 0.143731
10 0.708711 0.288991 0.085299 0.143731
32 0.783122 0.448012 0.234120 0.070336
33 0.696007 0.565749 0.059891 0.103976
28 0.694192 0.681957 0.056261 0.097859
5 0.708711 0.833333 0.085299 0.143731
16 0.935572 0.079511 0.056261 0.085627
8 0.950091 0.252294 0.085299 0.143731
35 0.938294 0.412844 0.061706 0.085627
30 0.941924 0.547401 0.068966 0.116208
0 0.950091 0.701835 0.085299 0.143731
12 0.950091 0.876147 0.085299 0.143731