0 0.050107 0.103107 0.100213 0.132768
30 0.040512 0.240113 0.081023 0.107345
1 0.050107 0.405367 0.100213 0.132768
29 0.034115 0.550847 0.068230 0.101695
23 0.036247 0.693503 0.072495 0.087571
12 0.050107 0.860169 0.100213 0.132768
26 0.142857 0.072034 0.068230 0.098870
10 0.158849 0.207627 0.100213 0.132768
17 0.150320 0.344633 0.083156 0.090395
24 0.138593 0.464689 0.059701 0.081921
4 0.158849 0.628531 0.100213 0.132768
21 0.139659 0.765537 0.061834 0.079096
7 0.267591 0.100282 0.100213 0.132768
16 0.250533 0.231638 0.066098 0.079096
13 0.267591 0.379944 0.100213 0.132768
5 0.267591 0.546610 0.100213 0.132768
2 0.267591 0.716102 0.100213 0.132768
8 0.267591 0.888418 0.100213 0.132768
18 0.365672 0.087571 0.078891 0.096045
34 0.357143 0.238701 0.061834 0.093220
9 0.376333 0.379944 0.100213 0.132768
20 0.366738 0.532486 0.081023 0.093220
35 0.362473 0.669492 0.072495 0.079096
27 0.356077 0.799435 0.059701 0.079096
33 0.470149 0.084746 0.070362 0.096045
3 0.485075 0.252825 0.100213 0.132768
31 0.500000 0.408192 0.130064 0.064972
11 0.485075 0.538136 0.100213 0.132768
22 0.468017 0.696328 0.066098 0.076271
28 0.468017 0.805085 0.066098 0.090395
19 0.613006 0.076271 0.078891 0.079096
15 0.618337 0.190678 0.089552 0.093220
14 0.623667 0.337571 0.100213 0.132768
25 0.782516 0.457627 0.417910 0.073446
6 0.623667 0.600282 0.100213 0.132768
32 0.711087 0.713277 0.275053 0.064972