26 0.029038 0.078348 0.058076 0.099715
30 0.034483 0.196581 0.068966 0.108262
33 0.029946 0.321937 0.059891 0.096866
21 0.026316 0.433048 0.052632 0.079772
11 0.042650 0.579772 0.085299 0.133903
34 0.026316 0.742165 0.052632 0.094017
25 0.270417 0.076923 0.355717 0.074074
9 0.135209 0.220798 0.085299 0.133903
3 0.135209 0.400285 0.085299 0.133903
19 0.126134 0.535613 0.067151 0.079772
13 0.135209 0.688034 0.085299 0.133903
4 0.135209 0.867521 0.085299 0.133903
2 0.498185 0.101140 0.085299 0.133903
24 0.480944 0.223647 0.050817 0.082621
17 0.490926 0.336182 0.070780 0.091168
1 0.498185 0.474359 0.085299 0.133903
7 0.498185 0.662393 0.085299 0.133903
5 0.498185 0.850427 0.085299 0.133903
16 0.576225 0.079772 0.056261 0.079772
10 0.590744 0.206553 0.085299 0.133903
23 0.578947 0.371795 0.061706 0.088319
12 0.590744 0.497151 0.085299 0.133903
18 0.581670 0.658120 0.067151 0.096866
31 0.603448 0.773504 0.110708 0.065527
6 0.708711 0.106838 0.085299 0.133903
0 0.708711 0.294872 0.085299 0.133903
35 0.696915 0.427350 0.061706 0.079772
14 0.708711 0.591168 0.085299 0.133903
29 0.695100 0.749288 0.058076 0.102564
8 0.708711 0.890313 0.085299 0.133903
28 0.786751 0.074074 0.056261 0.091168
15 0.796733 0.209402 0.076225 0.094017
27 0.784029 0.347578 0.050817 0.079772
20 0.793103 0.491453 0.068966 0.094017
32 0.875681 0.625356 0.234120 0.065527
22 0.786751 0.727920 0.056261 0.076923