12 0.042650 0.100567 0.085299 0.133144
6 0.042650 0.253541 0.085299 0.133144
31 0.055354 0.406516 0.110708 0.065156
4 0.042650 0.533994 0.085299 0.133144
14 0.042650 0.681303 0.085299 0.133144
10 0.042650 0.854108 0.085299 0.133144
11 0.160617 0.109065 0.085299 0.133144
3 0.160617 0.287535 0.085299 0.133144
9 0.160617 0.474504 0.085299 0.133144
13 0.160617 0.661473 0.085299 0.133144
23 0.148820 0.803116 0.061706 0.087819
33 0.147913 0.915014 0.059891 0.096317
2 0.253176 0.100567 0.085299 0.133144
15 0.248639 0.256374 0.076225 0.093484
35 0.241379 0.379603 0.061706 0.079320
24 0.235935 0.494334 0.050817 0.082153
30 0.245009 0.628895 0.068966 0.107649
26 0.239564 0.757790 0.058076 0.099150
19 0.336661 0.076487 0.067151 0.079320
7 0.345735 0.213881 0.085299 0.133144
25 0.480944 0.337110 0.355717 0.073654
16 0.331216 0.467422 0.056261 0.079320
29 0.332123 0.603399 0.058076 0.101983
28 0.331216 0.756374 0.056261 0.090652
20 0.700544 0.063739 0.068966 0.093484
17 0.701452 0.169972 0.070780 0.090652
34 0.692377 0.298867 0.052632 0.093484
5 0.708711 0.446176 0.085299 0.133144
32 0.783122 0.587819 0.234120 0.065156
18 0.699637 0.705382 0.067151 0.096317
1 0.950091 0.100567 0.085299 0.133144
8 0.950091 0.279037 0.085299 0.133144
21 0.933757 0.433428 0.052632 0.079320
22 0.935572 0.559490 0.056261 0.076487
27 0.932849 0.662890 0.050817 0.079320
0 0.950091 0.788952 0.085299 0.133144