31 0.055354 0.057522 0.110708 0.067847
0 0.042650 0.202065 0.085299 0.138643
18 0.033575 0.356932 0.067151 0.100295
29 0.029038 0.495575 0.058076 0.106195
1 0.042650 0.674041 0.085299 0.138643
15 0.038113 0.836283 0.076225 0.097345
34 0.144283 0.066372 0.052632 0.097345
32 0.235027 0.207965 0.234120 0.067847
2 0.160617 0.370206 0.085299 0.138643
17 0.153358 0.539823 0.070780 0.094395
10 0.160617 0.715339 0.085299 0.138643
6 0.160617 0.871681 0.085299 0.138643
33 0.389292 0.079646 0.059891 0.100295
13 0.401996 0.249263 0.085299 0.138643
8 0.401996 0.402655 0.085299 0.138643
23 0.390200 0.556047 0.061706 0.091445
27 0.384755 0.687316 0.050817 0.082596
19 0.392922 0.825959 0.067151 0.082596
9 0.494555 0.101770 0.085299 0.138643
12 0.494555 0.261062 0.085299 0.138643
24 0.477314 0.414454 0.050817 0.085546
26 0.480944 0.553097 0.058076 0.103245
4 0.494555 0.709440 0.085299 0.138643
14 0.494555 0.865782 0.085299 0.138643
5 0.587114 0.101770 0.085299 0.138643
20 0.578947 0.255162 0.068966 0.097345
28 0.572595 0.371681 0.056261 0.094395
22 0.572595 0.517699 0.056261 0.079646
7 0.587114 0.659292 0.085299 0.138643
25 0.722323 0.808260 0.355717 0.076696
35 0.938294 0.067847 0.061706 0.082596
30 0.941924 0.194690 0.068966 0.112094
16 0.935572 0.306785 0.056261 0.082596
21 0.933757 0.427729 0.052632 0.082596
11 0.950091 0.570796 0.085299 0.138643
3 0.950091 0.744838 0.085299 0.138643