12 0.042650 0.091592 0.085299 0.141141
10 0.042650 0.262763 0.085299 0.141141
1 0.042650 0.460961 0.085299 0.141141
29 0.029038 0.645646 0.058076 0.108108
23 0.030853 0.806306 0.061706 0.093093
31 0.055354 0.929429 0.110708 0.069069
34 0.144283 0.067568 0.052632 0.099099
26 0.147005 0.208709 0.058076 0.105105
33 0.147913 0.354354 0.059891 0.102102
11 0.160617 0.512012 0.085299 0.141141
20 0.152450 0.683183 0.068966 0.099099
13 0.160617 0.839339 0.085299 0.141141
0 0.253176 0.097598 0.085299 0.141141
6 0.253176 0.289790 0.085299 0.141141
2 0.253176 0.451952 0.085299 0.141141
19 0.244102 0.591592 0.067151 0.084084
9 0.253176 0.752252 0.085299 0.141141
24 0.235935 0.881381 0.050817 0.087087
22 0.331216 0.076577 0.056261 0.081081
35 0.333938 0.219219 0.061706 0.084084
3 0.345735 0.367868 0.085299 0.141141
15 0.341198 0.515015 0.076225 0.099099
5 0.345735 0.656156 0.085299 0.141141
16 0.331216 0.816817 0.056261 0.084084
21 0.421960 0.069069 0.052632 0.084084
17 0.431034 0.210210 0.070780 0.096096
25 0.573503 0.324324 0.355717 0.078078
4 0.438294 0.460961 0.085299 0.141141
28 0.423775 0.624625 0.056261 0.096096
30 0.430127 0.756757 0.068966 0.114114
8 0.801270 0.088589 0.085299 0.141141
27 0.784029 0.219219 0.050817 0.084084
14 0.801270 0.370871 0.085299 0.141141
7 0.801270 0.572072 0.085299 0.141141
18 0.792196 0.717718 0.067151 0.102102
32 0.875681 0.854354 0.234120 0.069069