35 0.030853 0.059347 0.061706 0.083086
18 0.033575 0.166172 0.067151 0.100890
16 0.028131 0.302671 0.056261 0.083086
3 0.042650 0.449555 0.085299 0.139466
23 0.030853 0.594955 0.061706 0.091988
27 0.025408 0.718101 0.050817 0.083086
28 0.120690 0.091988 0.056261 0.094955
11 0.135209 0.238872 0.085299 0.139466
33 0.122505 0.379822 0.059891 0.100890
32 0.209619 0.485163 0.234120 0.068249
12 0.135209 0.606825 0.085299 0.139466
29 0.121597 0.777448 0.058076 0.106825
10 0.376588 0.096439 0.085299 0.139466
21 0.360254 0.246291 0.052632 0.083086
1 0.376588 0.405045 0.085299 0.139466
15 0.372051 0.571217 0.076225 0.097923
20 0.368421 0.698813 0.068966 0.097923
9 0.376588 0.853116 0.085299 0.139466
7 0.469147 0.111276 0.085299 0.139466
26 0.455535 0.271513 0.058076 0.103858
22 0.454628 0.410979 0.056261 0.080119
6 0.469147 0.544510 0.085299 0.139466
2 0.469147 0.716617 0.085299 0.139466
14 0.469147 0.903561 0.085299 0.139466
31 0.574410 0.054896 0.110708 0.068249
34 0.545372 0.173591 0.052632 0.097923
8 0.561706 0.316024 0.085299 0.139466
19 0.552632 0.468843 0.067151 0.083086
13 0.561706 0.615727 0.085299 0.139466
24 0.544465 0.755193 0.050817 0.086053
17 0.672414 0.086053 0.070780 0.094955
4 0.679673 0.221068 0.085299 0.139466
5 0.679673 0.416914 0.085299 0.139466
30 0.671506 0.587537 0.068966 0.112760
25 0.814882 0.712166 0.355717 0.077151
0 0.679673 0.850148 0.085299 0.139466