15 0.039106 0.070605 0.078212 0.095101
9 0.043762 0.243516 0.087523 0.135447
35 0.031657 0.383285 0.063315 0.080692
28 0.028864 0.510086 0.057728 0.092219
0 0.043762 0.649856 0.087523 0.135447
12 0.043762 0.842939 0.087523 0.135447
5 0.138734 0.099424 0.087523 0.135447
34 0.121974 0.266571 0.054004 0.095101
18 0.129423 0.412104 0.068901 0.097983
8 0.138734 0.557637 0.087523 0.135447
13 0.138734 0.727666 0.087523 0.135447
19 0.129423 0.853026 0.068901 0.080692
16 0.218808 0.077810 0.057728 0.080692
24 0.216015 0.174352 0.052142 0.083573
1 0.233706 0.309798 0.087523 0.135447
7 0.233706 0.494236 0.087523 0.135447
26 0.219739 0.646974 0.059590 0.100865
29 0.219739 0.763689 0.059590 0.103746
2 0.328678 0.102305 0.087523 0.135447
33 0.315642 0.247839 0.061453 0.097983
27 0.310987 0.351585 0.052142 0.080692
22 0.313780 0.479827 0.057728 0.077810
30 0.320298 0.593660 0.070764 0.109510
21 0.311918 0.703170 0.054004 0.080692
25 0.562384 0.077810 0.364991 0.074928
3 0.423650 0.220461 0.087523 0.135447
6 0.423650 0.399135 0.087523 0.135447
17 0.416201 0.570605 0.072626 0.092219
20 0.415270 0.707493 0.070764 0.095101
10 0.423650 0.877522 0.087523 0.135447
31 0.809125 0.073487 0.113594 0.066282
32 0.872439 0.177233 0.240223 0.066282
11 0.796089 0.292507 0.087523 0.135447
14 0.796089 0.479827 0.087523 0.135447
23 0.783985 0.606628 0.063315 0.089337
4 0.796089 0.753602 0.087523 0.135447