30 0.035382 0.086420 0.070764 0.117284
35 0.031657 0.222222 0.063315 0.086420
19 0.034451 0.364198 0.068901 0.086420
4 0.043762 0.529321 0.087523 0.145062
8 0.043762 0.689815 0.087523 0.145062
26 0.029795 0.865741 0.059590 0.108025
11 0.138734 0.097222 0.087523 0.145062
23 0.126629 0.245370 0.063315 0.095679
16 0.123836 0.398148 0.057728 0.086420
12 0.138734 0.569444 0.087523 0.145062
20 0.130354 0.742284 0.070764 0.101852
0 0.138734 0.905864 0.087523 0.145062
21 0.216946 0.080247 0.054004 0.086420
28 0.218808 0.212963 0.057728 0.098765
1 0.233706 0.396605 0.087523 0.145062
33 0.220670 0.543210 0.061453 0.104938
27 0.216015 0.694444 0.052142 0.086420
18 0.224395 0.824074 0.068901 0.104938
6 0.328678 0.106481 0.087523 0.145062
17 0.321229 0.265432 0.072626 0.098765
9 0.328678 0.408951 0.087523 0.145062
15 0.324022 0.591049 0.078212 0.101852
13 0.328678 0.754630 0.087523 0.145062
34 0.311918 0.902778 0.054004 0.101852
7 0.423650 0.100309 0.087523 0.145062
29 0.409683 0.246914 0.059590 0.111111
5 0.423650 0.415123 0.087523 0.145062
3 0.423650 0.600309 0.087523 0.145062
25 0.562384 0.762346 0.364991 0.080247
24 0.405959 0.902778 0.052142 0.089506
10 0.796089 0.115741 0.087523 0.145062
31 0.809125 0.248457 0.113594 0.070988
2 0.796089 0.387346 0.087523 0.145062
14 0.796089 0.569444 0.087523 0.145062
32 0.872439 0.699074 0.240223 0.070988
22 0.781192 0.828704 0.057728 0.083333