2 0.043762 0.089971 0.087523 0.138643
23 0.031657 0.234513 0.063315 0.091445
24 0.026071 0.376106 0.052142 0.085546
34 0.027002 0.485251 0.054004 0.097345
4 0.043762 0.641593 0.087523 0.138643
5 0.043762 0.797935 0.087523 0.138643
26 0.124767 0.092920 0.059590 0.103245
20 0.130354 0.240413 0.070764 0.097345
9 0.138734 0.390855 0.087523 0.138643
27 0.121043 0.545723 0.052142 0.082596
7 0.138734 0.679941 0.087523 0.138643
29 0.124767 0.831858 0.059590 0.106195
0 0.233706 0.084071 0.087523 0.138643
14 0.233706 0.275811 0.087523 0.138643
19 0.224395 0.436578 0.068901 0.082596
1 0.233706 0.606195 0.087523 0.138643
11 0.233706 0.780236 0.087523 0.138643
35 0.221601 0.920354 0.063315 0.082596
13 0.328678 0.107670 0.087523 0.138643
15 0.324022 0.261062 0.078212 0.097345
18 0.319367 0.398230 0.068901 0.100295
8 0.328678 0.570796 0.087523 0.138643
6 0.328678 0.762537 0.087523 0.138643
21 0.311918 0.896755 0.054004 0.082596
25 0.562384 0.056047 0.364991 0.076696
12 0.423650 0.181416 0.087523 0.138643
33 0.410615 0.324484 0.061453 0.100295
10 0.423650 0.482301 0.087523 0.138643
17 0.416201 0.616519 0.072626 0.094395
22 0.408752 0.733038 0.057728 0.079646
3 0.796089 0.087021 0.087523 0.138643
32 0.872439 0.237463 0.240223 0.067847
28 0.781192 0.374631 0.057728 0.094395
16 0.781192 0.513274 0.057728 0.082596
30 0.787709 0.648968 0.070764 0.112094
31 0.809125 0.771386 0.113594 0.067847