22 0.028131 0.075137 0.056261 0.073770
1 0.042650 0.214481 0.085299 0.128415
3 0.042650 0.389344 0.085299 0.128415
20 0.034483 0.534153 0.068966 0.090164
8 0.042650 0.662568 0.085299 0.128415
5 0.042650 0.823770 0.085299 0.128415
12 0.135209 0.077869 0.085299 0.128415
15 0.130672 0.217213 0.076225 0.090164
0 0.135209 0.381148 0.085299 0.128415
35 0.123412 0.532787 0.061706 0.076503
26 0.121597 0.640710 0.058076 0.095628
31 0.147913 0.755464 0.110708 0.062842
19 0.244102 0.068306 0.067151 0.076503
32 0.327586 0.170765 0.234120 0.062842
23 0.241379 0.274590 0.061706 0.084699
14 0.253176 0.397541 0.085299 0.128415
16 0.238657 0.530055 0.056261 0.076503
18 0.244102 0.669399 0.067151 0.092896
33 0.481851 0.060109 0.059891 0.092896
28 0.480036 0.169399 0.056261 0.087432
21 0.478221 0.289617 0.052632 0.076503
2 0.494555 0.411202 0.085299 0.128415
25 0.629764 0.549180 0.355717 0.071038
6 0.494555 0.703552 0.085299 0.128415
30 0.849365 0.084699 0.068966 0.103825
9 0.857532 0.250000 0.085299 0.128415
10 0.857532 0.433060 0.085299 0.128415
13 0.857532 0.588798 0.085299 0.128415
11 0.857532 0.769126 0.085299 0.128415
24 0.840290 0.905738 0.050817 0.079235
7 0.950091 0.091530 0.085299 0.128415
4 0.950091 0.252732 0.085299 0.128415
17 0.942831 0.377049 0.070780 0.087432
29 0.936479 0.519126 0.058076 0.098361
34 0.933757 0.627049 0.052632 0.090164
27 0.932849 0.734973 0.050817 0.076503