21 0.026316 0.083573 0.052632 0.080692
1 0.042650 0.208934 0.085299 0.135447
23 0.030853 0.341499 0.061706 0.089337
32 0.117060 0.442363 0.234120 0.066282
30 0.034483 0.561960 0.068966 0.109510
12 0.042650 0.698847 0.085299 0.135447
26 0.270417 0.085014 0.058076 0.100865
35 0.272232 0.210375 0.061706 0.080692
5 0.284029 0.335735 0.085299 0.135447
25 0.419238 0.455331 0.355717 0.074928
16 0.269510 0.561960 0.056261 0.080692
28 0.269510 0.677233 0.056261 0.092219
9 0.647005 0.093660 0.085299 0.135447
20 0.638838 0.255043 0.068966 0.095101
22 0.632486 0.373199 0.056261 0.077810
6 0.647005 0.534582 0.085299 0.135447
4 0.647005 0.716138 0.085299 0.135447
3 0.647005 0.874640 0.085299 0.135447
17 0.732305 0.074928 0.070780 0.092219
0 0.739564 0.223343 0.085299 0.135447
29 0.725953 0.377522 0.058076 0.103746
18 0.730490 0.510086 0.067151 0.097983
31 0.752269 0.632565 0.110708 0.066282
8 0.739564 0.773775 0.085299 0.135447
15 0.852995 0.073487 0.076225 0.095101
11 0.857532 0.246398 0.085299 0.135447
27 0.840290 0.371758 0.050817 0.080692
19 0.848457 0.472622 0.067151 0.080692
24 0.840290 0.580692 0.050817 0.083573
14 0.857532 0.730548 0.085299 0.135447
13 0.950091 0.087896 0.085299 0.135447
33 0.937387 0.224784 0.059891 0.097983
34 0.933757 0.364553 0.052632 0.095101
10 0.950091 0.497118 0.085299 0.135447
2 0.950091 0.684438 0.085299 0.135447
7 0.950091 0.837176 0.085299 0.135447