7 0.042650 0.098784 0.085299 0.142857
21 0.026316 0.270517 0.052632 0.085106
34 0.026316 0.390578 0.052632 0.100304
3 0.042650 0.545593 0.085299 0.142857
18 0.033575 0.696049 0.067151 0.103343
31 0.055354 0.813070 0.110708 0.069909
22 0.146098 0.086626 0.056261 0.082067
20 0.152450 0.223404 0.068966 0.100304
29 0.147005 0.364742 0.058076 0.109422
19 0.151543 0.486322 0.067151 0.085106
13 0.160617 0.627660 0.085299 0.142857
25 0.295826 0.790274 0.355717 0.079027
11 0.523593 0.098784 0.085299 0.142857
5 0.523593 0.262918 0.085299 0.142857
32 0.598004 0.405775 0.234120 0.069909
24 0.506352 0.524316 0.050817 0.088146
14 0.523593 0.688450 0.085299 0.142857
8 0.523593 0.876900 0.085299 0.142857
6 0.764973 0.098784 0.085299 0.142857
16 0.750454 0.234043 0.056261 0.085106
15 0.760436 0.360182 0.076225 0.100304
30 0.756806 0.498480 0.068966 0.115502
35 0.753176 0.647416 0.061706 0.085106
0 0.764973 0.788754 0.085299 0.142857
10 0.857532 0.098784 0.085299 0.142857
26 0.843920 0.281155 0.058076 0.106383
27 0.840290 0.419453 0.050817 0.085106
9 0.857532 0.591185 0.085299 0.142857
4 0.857532 0.749240 0.085299 0.142857
33 0.844828 0.893617 0.059891 0.103343
23 0.938294 0.074468 0.061706 0.094225
1 0.950091 0.235562 0.085299 0.142857
17 0.942831 0.376900 0.070780 0.097264
28 0.935572 0.531915 0.056261 0.097264
2 0.950091 0.688450 0.085299 0.142857
12 0.950091 0.864742 0.085299 0.142857