9 0.042650 0.086510 0.085299 0.137830
6 0.042650 0.262463 0.085299 0.137830
2 0.042650 0.453079 0.085299 0.137830
25 0.177858 0.618768 0.355717 0.076246
17 0.035390 0.736070 0.070780 0.093842
13 0.042650 0.878299 0.085299 0.137830
18 0.396552 0.070381 0.067151 0.099707
10 0.405626 0.230205 0.085299 0.137830
1 0.405626 0.388563 0.085299 0.137830
30 0.397459 0.563050 0.068966 0.111437
5 0.405626 0.717009 0.085299 0.137830
14 0.405626 0.887097 0.085299 0.137830
21 0.481851 0.070381 0.052632 0.082111
35 0.486388 0.202346 0.061706 0.082111
32 0.572595 0.332845 0.234120 0.067449
28 0.483666 0.434018 0.056261 0.093842
34 0.481851 0.543988 0.052632 0.096774
29 0.484574 0.703812 0.058076 0.105572
27 0.722323 0.079179 0.050817 0.082111
8 0.739564 0.244868 0.085299 0.137830
11 0.739564 0.397361 0.085299 0.137830
22 0.725045 0.561584 0.056261 0.079179
12 0.739564 0.728739 0.085299 0.137830
19 0.730490 0.897361 0.067151 0.082111
31 0.844828 0.065982 0.110708 0.067449
20 0.823956 0.180352 0.068966 0.096774
0 0.832123 0.335777 0.085299 0.137830
4 0.832123 0.511730 0.085299 0.137830
23 0.820327 0.675953 0.061706 0.090909
16 0.817604 0.780059 0.056261 0.082111
26 0.936479 0.092375 0.058076 0.102639
3 0.950091 0.230205 0.085299 0.137830
33 0.937387 0.369501 0.059891 0.099707
24 0.932849 0.479472 0.050817 0.085044
15 0.945554 0.585044 0.076225 0.096774
7 0.950091 0.749267 0.085299 0.137830