15 0.038113 0.078635 0.076225 0.097923
0 0.042650 0.244807 0.085299 0.139466
25 0.177858 0.394659 0.355717 0.077151
16 0.028131 0.495549 0.056261 0.083086
21 0.026316 0.637982 0.052632 0.083086
17 0.035390 0.759644 0.070780 0.094955
30 0.397459 0.094955 0.068966 0.112760
28 0.391107 0.231454 0.056261 0.094955
8 0.405626 0.390208 0.085299 0.139466
12 0.405626 0.556380 0.085299 0.139466
26 0.392015 0.737389 0.058076 0.103858
29 0.392015 0.887240 0.058076 0.106825
18 0.489111 0.094955 0.067151 0.100890
35 0.486388 0.228487 0.061706 0.083086
3 0.498185 0.378338 0.085299 0.139466
23 0.486388 0.511869 0.061706 0.091988
33 0.485481 0.667656 0.059891 0.100890
1 0.498185 0.844214 0.085299 0.139466
20 0.582577 0.093472 0.068966 0.097923
7 0.590744 0.256677 0.085299 0.139466
11 0.590744 0.425816 0.085299 0.139466
2 0.590744 0.583086 0.085299 0.139466
31 0.603448 0.743323 0.110708 0.068249
10 0.590744 0.879822 0.085299 0.139466
6 0.708711 0.096439 0.085299 0.139466
24 0.691470 0.241840 0.050817 0.086053
22 0.694192 0.375371 0.056261 0.080119
5 0.708711 0.511869 0.085299 0.139466
32 0.783122 0.630564 0.234120 0.068249
27 0.691470 0.765579 0.050817 0.083086
34 0.933757 0.081602 0.052632 0.097923
19 0.941016 0.186944 0.067151 0.083086
14 0.950091 0.354599 0.085299 0.139466
4 0.950091 0.535608 0.085299 0.139466
13 0.950091 0.701780 0.085299 0.139466
9 0.950091 0.870920 0.085299 0.139466