21 0.026316 0.063218 0.052632 0.080460
18 0.033575 0.183908 0.067151 0.097701
29 0.029038 0.313218 0.058076 0.103448
14 0.042650 0.489943 0.085299 0.135057
15 0.038113 0.642241 0.076225 0.094828
3 0.042650 0.806034 0.085299 0.135057
0 0.135209 0.104885 0.085299 0.135057
22 0.120690 0.262931 0.056261 0.077586
32 0.209619 0.360632 0.234120 0.066092
6 0.135209 0.481322 0.085299 0.135057
34 0.118875 0.627874 0.052632 0.094828
26 0.121597 0.777299 0.058076 0.100575
17 0.369328 0.077586 0.070780 0.091954
5 0.376588 0.211207 0.085299 0.135057
27 0.359347 0.347701 0.050817 0.080460
33 0.363884 0.474138 0.059891 0.097701
19 0.367514 0.577586 0.067151 0.080460
16 0.362069 0.715517 0.056261 0.080460
31 0.481851 0.064655 0.110708 0.066092
4 0.469147 0.219828 0.085299 0.135057
9 0.469147 0.383621 0.085299 0.135057
30 0.460980 0.531609 0.068966 0.109195
28 0.454628 0.660920 0.056261 0.091954
23 0.457350 0.788793 0.061706 0.089080
13 0.587114 0.102011 0.085299 0.135057
1 0.587114 0.283046 0.085299 0.135057
11 0.587114 0.443966 0.085299 0.135057
24 0.569873 0.596264 0.050817 0.083333
8 0.587114 0.742816 0.085299 0.135057
25 0.722323 0.905172 0.355717 0.074713
12 0.950091 0.104885 0.085299 0.135057
35 0.938294 0.252874 0.061706 0.080460
7 0.950091 0.418103 0.085299 0.135057
20 0.941924 0.556034 0.068966 0.094828
10 0.950091 0.702586 0.085299 0.135057
2 0.950091 0.872126 0.085299 0.135057