9 0.043762 0.098820 0.087523 0.138643
1 0.043762 0.275811 0.087523 0.138643
27 0.026071 0.439528 0.052142 0.082596
0 0.043762 0.582596 0.087523 0.138643
20 0.035382 0.735988 0.070764 0.097345
13 0.043762 0.907080 0.087523 0.138643
29 0.124767 0.067847 0.059590 0.106195
33 0.125698 0.188791 0.061453 0.100295
10 0.138734 0.355457 0.087523 0.138643
8 0.138734 0.511799 0.087523 0.138643
26 0.124767 0.691740 0.059590 0.103245
30 0.130354 0.834808 0.070764 0.112094
12 0.233706 0.087021 0.087523 0.138643
24 0.216015 0.216814 0.052142 0.085546
14 0.233706 0.355457 0.087523 0.138643
2 0.233706 0.538348 0.087523 0.138643
19 0.224395 0.681416 0.068901 0.082596
7 0.233706 0.848083 0.087523 0.138643
22 0.313780 0.072271 0.057728 0.079646
15 0.324022 0.210914 0.078212 0.097345
28 0.313780 0.339233 0.057728 0.094395
32 0.405028 0.464602 0.240223 0.067847
23 0.316574 0.585546 0.063315 0.091445
18 0.319367 0.713864 0.068901 0.100295
3 0.576350 0.084071 0.087523 0.138643
35 0.564246 0.253687 0.063315 0.082596
25 0.715084 0.377581 0.364991 0.076696
31 0.589385 0.476401 0.113594 0.067847
17 0.568901 0.589971 0.072626 0.094395
34 0.559590 0.738938 0.054004 0.097345
4 0.948790 0.087021 0.087523 0.138643
11 0.948790 0.278761 0.087523 0.138643
21 0.932030 0.418879 0.054004 0.082596
16 0.933892 0.522124 0.057728 0.082596
6 0.948790 0.650442 0.087523 0.138643
5 0.948790 0.803835 0.087523 0.138643