19 0.033575 0.073239 0.067151 0.078873
14 0.042650 0.212676 0.085299 0.132394
8 0.042650 0.373239 0.085299 0.132394
24 0.025408 0.519718 0.050817 0.081690
20 0.034483 0.654930 0.068966 0.092958
30 0.034483 0.805634 0.068966 0.107042
33 0.122505 0.061972 0.059891 0.095775
15 0.130672 0.192958 0.076225 0.092958
9 0.135209 0.325352 0.085299 0.132394
34 0.118875 0.457746 0.052632 0.092958
32 0.209619 0.581690 0.234120 0.064789
26 0.121597 0.694366 0.058076 0.098592
25 0.511797 0.059155 0.355717 0.073239
21 0.360254 0.191549 0.052632 0.078873
6 0.376588 0.316901 0.085299 0.132394
23 0.364791 0.471831 0.061706 0.087324
17 0.369328 0.580282 0.070780 0.090141
27 0.359347 0.709859 0.050817 0.078873
1 0.739564 0.094366 0.085299 0.132394
28 0.725045 0.250704 0.056261 0.090141
2 0.739564 0.387324 0.085299 0.132394
12 0.739564 0.570423 0.085299 0.132394
4 0.739564 0.750704 0.085299 0.132394
13 0.739564 0.902817 0.085299 0.132394
0 0.832123 0.100000 0.085299 0.132394
18 0.823049 0.250704 0.067151 0.095775
3 0.832123 0.415493 0.085299 0.132394
35 0.820327 0.560563 0.061706 0.078873
11 0.832123 0.722535 0.085299 0.132394
7 0.832123 0.880282 0.085299 0.132394
31 0.937387 0.046479 0.110708 0.064789
10 0.924682 0.173239 0.085299 0.132394
22 0.910163 0.319718 0.056261 0.076056
5 0.924682 0.460563 0.085299 0.132394
29 0.911071 0.608451 0.058076 0.101408
16 0.910163 0.746479 0.056261 0.078873