32 0.120112 0.077982 0.240223 0.070336
20 0.035382 0.188073 0.070764 0.100917
30 0.035382 0.333333 0.070764 0.116208
31 0.056797 0.460245 0.113594 0.070336
33 0.030726 0.596330 0.061453 0.103976
14 0.043762 0.741590 0.087523 0.143731
6 0.291434 0.096330 0.087523 0.143731
4 0.291434 0.282875 0.087523 0.143731
23 0.279330 0.448012 0.063315 0.094801
21 0.274674 0.581040 0.054004 0.085627
26 0.277467 0.726300 0.059590 0.107034
1 0.291434 0.894495 0.087523 0.143731
12 0.386406 0.108563 0.087523 0.143731
15 0.381750 0.279817 0.078212 0.100917
13 0.386406 0.417431 0.087523 0.143731
8 0.386406 0.622324 0.087523 0.143731
24 0.368715 0.753823 0.052142 0.088685
5 0.386406 0.903670 0.087523 0.143731
19 0.472067 0.085627 0.068901 0.085627
29 0.467412 0.229358 0.059590 0.110092
10 0.481378 0.374618 0.087523 0.143731
17 0.473929 0.513761 0.072626 0.097859
18 0.472067 0.633028 0.068901 0.103976
22 0.466480 0.787462 0.057728 0.082569
2 0.576350 0.102446 0.087523 0.143731
7 0.576350 0.304281 0.087523 0.143731
11 0.576350 0.463303 0.087523 0.143731
35 0.564246 0.596330 0.063315 0.085627
34 0.559590 0.720183 0.054004 0.100917
16 0.561453 0.859327 0.057728 0.085627
9 0.671322 0.087156 0.087523 0.143731
0 0.671322 0.273700 0.087523 0.143731
3 0.671322 0.478593 0.087523 0.143731
27 0.653631 0.642202 0.052142 0.085627
28 0.656425 0.776758 0.057728 0.097859
25 0.810056 0.889908 0.364991 0.079511