13 0.043762 0.113905 0.087523 0.139053
12 0.043762 0.303254 0.087523 0.139053
32 0.120112 0.427515 0.240223 0.068047
26 0.029795 0.534024 0.059590 0.103550
0 0.043762 0.670118 0.087523 0.139053
7 0.043762 0.850592 0.087523 0.139053
28 0.276536 0.068047 0.057728 0.094675
10 0.291434 0.211538 0.087523 0.139053
18 0.282123 0.357988 0.068901 0.100592
11 0.291434 0.519231 0.087523 0.139053
6 0.291434 0.693787 0.087523 0.139053
24 0.273743 0.841716 0.052142 0.085799
21 0.369646 0.068047 0.054004 0.082840
4 0.386406 0.214497 0.087523 0.139053
19 0.377095 0.360947 0.068901 0.082840
3 0.386406 0.492604 0.087523 0.139053
30 0.378026 0.639053 0.070764 0.112426
27 0.368715 0.784024 0.052142 0.082840
5 0.481378 0.107988 0.087523 0.139053
17 0.473929 0.284024 0.072626 0.094675
9 0.481378 0.451183 0.087523 0.139053
34 0.464618 0.587278 0.054004 0.097633
1 0.481378 0.758876 0.087523 0.139053
20 0.472998 0.930473 0.070764 0.097633
31 0.589385 0.060651 0.113594 0.068047
23 0.564246 0.167160 0.063315 0.091716
25 0.715084 0.289941 0.364991 0.076923
29 0.562384 0.420118 0.059590 0.106509
35 0.564246 0.544379 0.063315 0.082840
33 0.563315 0.683432 0.061453 0.100592
15 0.944134 0.078402 0.078212 0.097633
14 0.948790 0.250000 0.087523 0.139053
16 0.933892 0.387574 0.057728 0.082840
22 0.933892 0.513314 0.057728 0.079882
8 0.948790 0.643491 0.087523 0.139053
2 0.948790 0.818047 0.087523 0.139053