23 0.031657 0.070605 0.063315 0.089337
0 0.043762 0.211816 0.087523 0.135447
14 0.043762 0.381844 0.087523 0.135447
33 0.030726 0.533141 0.061453 0.097983
22 0.028864 0.667147 0.057728 0.077810
4 0.043762 0.811239 0.087523 0.135447
3 0.138734 0.082133 0.087523 0.135447
26 0.124767 0.252161 0.059590 0.100865
30 0.130354 0.406340 0.070764 0.109510
12 0.138734 0.554755 0.087523 0.135447
11 0.138734 0.724784 0.087523 0.135447
35 0.126629 0.861671 0.063315 0.080692
32 0.310056 0.073487 0.240223 0.066282
17 0.226257 0.178674 0.072626 0.092219
19 0.224395 0.305476 0.068901 0.080692
28 0.218808 0.412104 0.057728 0.092219
31 0.246741 0.517291 0.113594 0.066282
34 0.216946 0.632565 0.054004 0.095101
9 0.481378 0.087896 0.087523 0.135447
5 0.481378 0.272334 0.087523 0.135447
16 0.466480 0.438040 0.057728 0.080692
6 0.481378 0.586455 0.087523 0.135447
18 0.472067 0.737752 0.068901 0.097983
7 0.481378 0.868876 0.087523 0.135447
8 0.576350 0.105187 0.087523 0.135447
13 0.576350 0.286744 0.087523 0.135447
15 0.571695 0.436599 0.078212 0.095101
1 0.576350 0.569164 0.087523 0.135447
2 0.576350 0.739193 0.087523 0.135447
29 0.562384 0.890490 0.059590 0.103746
10 0.671322 0.108069 0.087523 0.135447
24 0.653631 0.240634 0.052142 0.083573
21 0.654562 0.357349 0.054004 0.080692
27 0.653631 0.484150 0.052142 0.080692
20 0.662942 0.615274 0.070764 0.095101
25 0.810056 0.740634 0.364991 0.074928