16 0.028131 0.056380 0.056261 0.083086
27 0.025408 0.192878 0.050817 0.083086
1 0.042650 0.342730 0.085299 0.139466
26 0.029038 0.502967 0.058076 0.103858
22 0.028131 0.636499 0.056261 0.080119
32 0.117060 0.746291 0.234120 0.068249
19 0.274955 0.077151 0.067151 0.083086
6 0.284029 0.206231 0.085299 0.139466
17 0.276770 0.344214 0.070780 0.094955
4 0.284029 0.482196 0.085299 0.139466
33 0.271325 0.623145 0.059891 0.100890
35 0.272232 0.753709 0.061706 0.083086
18 0.367514 0.077151 0.067151 0.100890
8 0.376588 0.238872 0.085299 0.139466
2 0.376588 0.422849 0.085299 0.139466
29 0.362976 0.560831 0.058076 0.106825
3 0.376588 0.713650 0.085299 0.139466
21 0.360254 0.860534 0.052632 0.083086
5 0.469147 0.108309 0.085299 0.139466
15 0.464610 0.274481 0.076225 0.097923
31 0.481851 0.399110 0.110708 0.068249
20 0.460980 0.523739 0.068966 0.097923
34 0.452813 0.675074 0.052632 0.097923
23 0.457350 0.793769 0.061706 0.091988
28 0.572595 0.068249 0.056261 0.094955
13 0.587114 0.212166 0.085299 0.139466
12 0.587114 0.369436 0.085299 0.139466
9 0.587114 0.553412 0.085299 0.139466
25 0.722323 0.700297 0.355717 0.077151
0 0.587114 0.826409 0.085299 0.139466
11 0.950091 0.111276 0.085299 0.139466
30 0.941924 0.255193 0.068966 0.112760
24 0.932849 0.402077 0.050817 0.086053
14 0.950091 0.565282 0.085299 0.139466
10 0.950091 0.722552 0.085299 0.139466
7 0.950091 0.897626 0.085299 0.139466