16 0.028131 0.058462 0.056261 0.086154
6 0.042650 0.223077 0.085299 0.144615
19 0.033575 0.400000 0.067151 0.086154
26 0.029038 0.530769 0.058076 0.107692
0 0.042650 0.703077 0.085299 0.144615
3 0.042650 0.869231 0.085299 0.144615
27 0.117967 0.073846 0.050817 0.086154
25 0.270417 0.203077 0.355717 0.080000
29 0.121597 0.335385 0.058076 0.110769
5 0.135209 0.503077 0.085299 0.144615
8 0.135209 0.663077 0.085299 0.144615
22 0.120690 0.801538 0.056261 0.083077
7 0.498185 0.118462 0.085299 0.144615
11 0.498185 0.321538 0.085299 0.144615
32 0.572595 0.472308 0.234120 0.070769
35 0.486388 0.609231 0.061706 0.086154
33 0.485481 0.732308 0.059891 0.104615
12 0.498185 0.903077 0.085299 0.144615
30 0.731397 0.092308 0.068966 0.116923
9 0.739564 0.272308 0.085299 0.144615
18 0.730490 0.455385 0.067151 0.104615
1 0.739564 0.620000 0.085299 0.144615
24 0.722323 0.764615 0.050817 0.089231
31 0.752269 0.896923 0.110708 0.070769
17 0.850272 0.092308 0.070780 0.098462
13 0.857532 0.266154 0.085299 0.144615
14 0.857532 0.438462 0.085299 0.144615
23 0.845735 0.573846 0.061706 0.095385
28 0.843013 0.710769 0.056261 0.098462
34 0.841198 0.841538 0.052632 0.101538
2 0.950091 0.096923 0.085299 0.144615
15 0.945554 0.247692 0.076225 0.101538
4 0.950091 0.413846 0.085299 0.144615
20 0.941924 0.567692 0.068966 0.101538
10 0.950091 0.730769 0.085299 0.144615
21 0.933757 0.889231 0.052632 0.086154