21 0.026316 0.056213 0.052632 0.082840
26 0.029038 0.187870 0.058076 0.103550
14 0.042650 0.332840 0.085299 0.139053
35 0.030853 0.502959 0.061706 0.082840
34 0.026316 0.637574 0.052632 0.097633
30 0.034483 0.778107 0.068966 0.112426
1 0.135209 0.090237 0.085299 0.139053
27 0.117967 0.227811 0.050817 0.082840
5 0.135209 0.389053 0.085299 0.139053
11 0.135209 0.587278 0.085299 0.139053
29 0.121597 0.739645 0.058076 0.106509
3 0.135209 0.894970 0.085299 0.139053
12 0.227768 0.107988 0.085299 0.139053
6 0.227768 0.288462 0.085299 0.139053
28 0.213249 0.461538 0.056261 0.094675
17 0.220508 0.597633 0.070780 0.094675
20 0.219601 0.744083 0.068966 0.097633
0 0.227768 0.883136 0.085299 0.139053
10 0.320327 0.093195 0.085299 0.139053
8 0.320327 0.270710 0.085299 0.139053
32 0.394737 0.392012 0.234120 0.068047
7 0.320327 0.548817 0.085299 0.139053
15 0.315789 0.714497 0.076225 0.097633
16 0.305808 0.860947 0.056261 0.082840
23 0.549909 0.081361 0.061706 0.091716
19 0.552632 0.183432 0.067151 0.082840
22 0.547187 0.285503 0.056261 0.079882
13 0.561706 0.421598 0.085299 0.139053
2 0.561706 0.581361 0.085299 0.139053
31 0.574410 0.711538 0.110708 0.068047
25 0.814882 0.073964 0.355717 0.076923
18 0.670599 0.177515 0.067151 0.100592
24 0.662432 0.297337 0.050817 0.085799
33 0.666969 0.420118 0.059891 0.100592
4 0.679673 0.590237 0.085299 0.139053
9 0.679673 0.744083 0.085299 0.139053