26 0.029038 0.073913 0.058076 0.101449
34 0.026316 0.218841 0.052632 0.095652
10 0.042650 0.372464 0.085299 0.136232
7 0.042650 0.528986 0.085299 0.136232
24 0.025408 0.694203 0.050817 0.084058
32 0.117060 0.789855 0.234120 0.066667
9 0.284029 0.088406 0.085299 0.136232
21 0.267695 0.240580 0.052632 0.081159
33 0.271325 0.350725 0.059891 0.098551
23 0.272232 0.462319 0.061706 0.089855
5 0.284029 0.604348 0.085299 0.136232
25 0.419238 0.736232 0.355717 0.075362
2 0.647005 0.097101 0.085299 0.136232
13 0.647005 0.288406 0.085299 0.136232
27 0.629764 0.452174 0.050817 0.081159
8 0.647005 0.613043 0.085299 0.136232
14 0.647005 0.775362 0.085299 0.136232
17 0.639746 0.918841 0.070780 0.092754
28 0.725045 0.078261 0.056261 0.092754
4 0.739564 0.227536 0.085299 0.136232
6 0.739564 0.392754 0.085299 0.136232
12 0.739564 0.543478 0.085299 0.136232
35 0.727768 0.689855 0.061706 0.081159
16 0.725045 0.788406 0.056261 0.081159
1 0.832123 0.082609 0.085299 0.136232
22 0.817604 0.204348 0.056261 0.078261
20 0.823956 0.328986 0.068966 0.095652
3 0.832123 0.497101 0.085299 0.136232
31 0.844828 0.627536 0.110708 0.066667
0 0.832123 0.746377 0.085299 0.136232
18 0.941016 0.081159 0.067151 0.098551
11 0.950091 0.215942 0.085299 0.136232
19 0.941016 0.376812 0.067151 0.081159
30 0.941924 0.513043 0.068966 0.110145
15 0.945554 0.659420 0.076225 0.095652
29 0.936479 0.779710 0.058076 0.104348