8 0.042650 0.097892 0.085299 0.141566
19 0.033575 0.268072 0.067151 0.084337
29 0.029038 0.406627 0.058076 0.108434
32 0.117060 0.528614 0.234120 0.069277
2 0.042650 0.655120 0.085299 0.141566
13 0.042650 0.820783 0.085299 0.141566
28 0.269510 0.072289 0.056261 0.096386
6 0.284029 0.218373 0.085299 0.141566
18 0.274955 0.370482 0.067151 0.102410
17 0.276770 0.509036 0.070780 0.096386
26 0.270417 0.640060 0.058076 0.105422
5 0.284029 0.796687 0.085299 0.141566
25 0.511797 0.066265 0.355717 0.078313
34 0.360254 0.197289 0.052632 0.099398
24 0.359347 0.329819 0.050817 0.087349
10 0.376588 0.465361 0.085299 0.141566
14 0.376588 0.625000 0.085299 0.141566
33 0.363884 0.762048 0.059891 0.102410
4 0.739564 0.112952 0.085299 0.141566
0 0.739564 0.302711 0.085299 0.141566
11 0.739564 0.477410 0.085299 0.141566
27 0.722323 0.626506 0.050817 0.084337
7 0.739564 0.781627 0.085299 0.141566
21 0.723230 0.933735 0.052632 0.084337
12 0.832123 0.094880 0.085299 0.141566
35 0.820327 0.243976 0.061706 0.084337
15 0.827586 0.353916 0.076225 0.099398
16 0.817604 0.503012 0.056261 0.084337
22 0.817604 0.609940 0.056261 0.081325
9 0.832123 0.760542 0.085299 0.141566
30 0.916515 0.093373 0.068966 0.114458
23 0.912886 0.236446 0.061706 0.093373
20 0.916515 0.350904 0.068966 0.099398
3 0.924682 0.504518 0.085299 0.141566
31 0.937387 0.631024 0.110708 0.069277
1 0.924682 0.784639 0.085299 0.141566