16 0.028131 0.073955 0.056261 0.090032
7 0.042650 0.233119 0.085299 0.151125
33 0.029946 0.418006 0.059891 0.109325
10 0.042650 0.573955 0.085299 0.151125
31 0.055354 0.744373 0.110708 0.073955
8 0.042650 0.892283 0.085299 0.151125
13 0.160617 0.114148 0.085299 0.151125
1 0.160617 0.284566 0.085299 0.151125
17 0.153358 0.427653 0.070780 0.102894
4 0.160617 0.573955 0.085299 0.151125
18 0.151543 0.726688 0.067151 0.109325
20 0.152450 0.879421 0.068966 0.106109
29 0.239564 0.077170 0.058076 0.115756
5 0.253176 0.242765 0.085299 0.151125
28 0.238657 0.405145 0.056261 0.102894
12 0.253176 0.554662 0.085299 0.151125
32 0.327586 0.709003 0.234120 0.073955
14 0.253176 0.856913 0.085299 0.151125
23 0.482759 0.072347 0.061706 0.099678
30 0.486388 0.247588 0.068966 0.122186
11 0.494555 0.448553 0.085299 0.151125
9 0.494555 0.641479 0.085299 0.151125
24 0.477314 0.792605 0.050817 0.093248
21 0.478221 0.919614 0.052632 0.090032
22 0.572595 0.085209 0.056261 0.086817
2 0.587114 0.236334 0.085299 0.151125
34 0.570780 0.416399 0.052632 0.106109
27 0.569873 0.543408 0.050817 0.090032
25 0.722323 0.662379 0.355717 0.083601
0 0.587114 0.795820 0.085299 0.151125
26 0.936479 0.078778 0.058076 0.112540
19 0.941016 0.241158 0.067151 0.090032
6 0.950091 0.384244 0.085299 0.151125
35 0.938294 0.530547 0.061706 0.090032
15 0.945554 0.673633 0.076225 0.106109
3 0.950091 0.831190 0.085299 0.151125