34 0.030917 0.072857 0.061834 0.094286
30 0.040512 0.220000 0.081023 0.108571
24 0.029851 0.338571 0.059701 0.082857
7 0.050107 0.470000 0.100213 0.134286
14 0.050107 0.621429 0.100213 0.134286
19 0.039446 0.760000 0.078891 0.080000
2 0.158849 0.098571 0.100213 0.134286
0 0.158849 0.275714 0.100213 0.134286
16 0.141791 0.408571 0.066098 0.080000
1 0.158849 0.547143 0.100213 0.134286
35 0.144989 0.685714 0.072495 0.080000
11 0.158849 0.815714 0.100213 0.134286
25 0.426439 0.077143 0.417910 0.074286
33 0.252665 0.208571 0.070362 0.097143
3 0.267591 0.344286 0.100213 0.134286
32 0.355011 0.472857 0.275053 0.065714
10 0.267591 0.618571 0.100213 0.134286
22 0.250533 0.772857 0.066098 0.077143
17 0.685501 0.068571 0.083156 0.091429
6 0.694030 0.230000 0.100213 0.134286
18 0.683369 0.362857 0.078891 0.097143
26 0.678038 0.501429 0.068230 0.100000
28 0.676972 0.617143 0.066098 0.091429
21 0.674840 0.757143 0.061834 0.080000
29 0.786780 0.080000 0.068230 0.102857
13 0.802772 0.238571 0.100213 0.134286
8 0.802772 0.390000 0.100213 0.134286
9 0.802772 0.564286 0.100213 0.134286
12 0.802772 0.752857 0.100213 0.134286
5 0.802772 0.904286 0.100213 0.134286
20 0.901919 0.087143 0.081023 0.094286
23 0.897655 0.195714 0.072495 0.088571
31 0.926439 0.304286 0.130064 0.065714
27 0.891258 0.397143 0.059701 0.080000
4 0.911514 0.530000 0.100213 0.134286
15 0.906183 0.698571 0.089552 0.094286