34 0.026316 0.063609 0.052632 0.097633
2 0.042650 0.199704 0.085299 0.139053
32 0.117060 0.353550 0.234120 0.068047
14 0.042650 0.489645 0.085299 0.139053
8 0.042650 0.684911 0.085299 0.139053
33 0.029946 0.819527 0.059891 0.100592
19 0.274955 0.062130 0.067151 0.082840
15 0.279492 0.205621 0.076225 0.097633
30 0.275862 0.343195 0.068966 0.112426
16 0.269510 0.458580 0.056261 0.082840
5 0.284029 0.596154 0.085299 0.139053
21 0.267695 0.754438 0.052632 0.082840
13 0.376588 0.102071 0.085299 0.139053
23 0.364791 0.244083 0.061706 0.091716
31 0.389292 0.362426 0.110708 0.068047
11 0.376588 0.513314 0.085299 0.139053
22 0.362069 0.676036 0.056261 0.079882
0 0.376588 0.829882 0.085299 0.139053
18 0.485481 0.082840 0.067151 0.100592
3 0.494555 0.217456 0.085299 0.139053
17 0.487296 0.352071 0.070780 0.094675
12 0.494555 0.498521 0.085299 0.139053
9 0.494555 0.687870 0.085299 0.139053
4 0.494555 0.883136 0.085299 0.139053
20 0.578947 0.063609 0.068966 0.097633
25 0.722323 0.171598 0.355717 0.076923
29 0.573503 0.304734 0.058076 0.106509
24 0.569873 0.436391 0.050817 0.085799
35 0.575318 0.538462 0.061706 0.082840
1 0.587114 0.693787 0.085299 0.139053
10 0.950091 0.102071 0.085299 0.139053
7 0.950091 0.264793 0.085299 0.139053
26 0.936479 0.403846 0.058076 0.103550
27 0.932849 0.550296 0.050817 0.082840
6 0.950091 0.684911 0.085299 0.139053
28 0.935572 0.860947 0.056261 0.094675