32 0.120112 0.048529 0.240223 0.067647
27 0.026071 0.173529 0.052142 0.082353
35 0.031657 0.302941 0.063315 0.082353
20 0.035382 0.410294 0.070764 0.097059
34 0.027002 0.527941 0.054004 0.097059
11 0.043762 0.675000 0.087523 0.138235
29 0.277467 0.079412 0.059590 0.105882
22 0.276536 0.225000 0.057728 0.079412
10 0.291434 0.351471 0.087523 0.138235
18 0.282123 0.500000 0.068901 0.100000
7 0.291434 0.633824 0.087523 0.138235
4 0.291434 0.827941 0.087523 0.138235
21 0.369646 0.070588 0.054004 0.082353
5 0.386406 0.213235 0.087523 0.138235
25 0.525140 0.373529 0.364991 0.076471
31 0.399441 0.477941 0.113594 0.067647
6 0.386406 0.633824 0.087523 0.138235
14 0.386406 0.807353 0.087523 0.138235
2 0.758845 0.104412 0.087523 0.138235
23 0.746741 0.245588 0.063315 0.091176
15 0.754190 0.395588 0.078212 0.097059
28 0.743948 0.535294 0.057728 0.094118
17 0.751397 0.682353 0.072626 0.094118
3 0.758845 0.830882 0.087523 0.138235
1 0.853818 0.086765 0.087523 0.138235
24 0.836127 0.257353 0.052142 0.085294
9 0.853818 0.386765 0.087523 0.138235
0 0.853818 0.577941 0.087523 0.138235
12 0.853818 0.757353 0.087523 0.138235
13 0.853818 0.910294 0.087523 0.138235
30 0.940410 0.076471 0.070764 0.111765
16 0.933892 0.188235 0.057728 0.082353
8 0.948790 0.313235 0.087523 0.138235
33 0.935754 0.461765 0.061453 0.100000
19 0.939479 0.594118 0.068901 0.082353
26 0.934823 0.739706 0.059590 0.102941