3 0.042650 0.108232 0.085299 0.143293
32 0.117060 0.236280 0.234120 0.070122
19 0.033575 0.338415 0.067151 0.085366
34 0.026316 0.474085 0.052632 0.100610
2 0.042650 0.657012 0.085299 0.143293
6 0.042650 0.830793 0.085299 0.143293
10 0.284029 0.105183 0.085299 0.143293
31 0.296733 0.236280 0.110708 0.070122
24 0.266788 0.352134 0.050817 0.088415
20 0.275862 0.474085 0.068966 0.100610
8 0.284029 0.641768 0.085299 0.143293
15 0.279492 0.812500 0.076225 0.100610
4 0.401996 0.117378 0.085299 0.143293
29 0.388385 0.283537 0.058076 0.109756
22 0.387477 0.407012 0.056261 0.082317
28 0.387477 0.554878 0.056261 0.097561
1 0.401996 0.724085 0.085299 0.143293
26 0.388385 0.885671 0.058076 0.106707
27 0.477314 0.073171 0.050817 0.085366
13 0.494555 0.202744 0.085299 0.143293
33 0.481851 0.378049 0.059891 0.103659
12 0.494555 0.516768 0.085299 0.143293
18 0.485481 0.695122 0.067151 0.103659
7 0.494555 0.852134 0.085299 0.143293
11 0.587114 0.089939 0.085299 0.143293
5 0.587114 0.263720 0.085299 0.143293
0 0.587114 0.425305 0.085299 0.143293
17 0.579855 0.603659 0.070780 0.097561
14 0.587114 0.748476 0.085299 0.143293
9 0.587114 0.910061 0.085299 0.143293
25 0.814882 0.070122 0.355717 0.079268
16 0.665154 0.192073 0.056261 0.085366
35 0.667877 0.301829 0.061706 0.085366
23 0.667877 0.431402 0.061706 0.094512
21 0.663339 0.551829 0.052632 0.085366
30 0.671506 0.698171 0.068966 0.115854