32 0.120112 0.065350 0.240223 0.069909
17 0.036313 0.197568 0.072626 0.097264
11 0.043762 0.360182 0.087523 0.142857
0 0.043762 0.524316 0.087523 0.142857
30 0.035382 0.689970 0.070764 0.115502
31 0.056797 0.834347 0.113594 0.069909
1 0.291434 0.117021 0.087523 0.142857
29 0.277467 0.270517 0.059590 0.109422
33 0.278399 0.434650 0.061453 0.103343
34 0.274674 0.560790 0.054004 0.100304
9 0.291434 0.731003 0.087523 0.142857
22 0.276536 0.867781 0.057728 0.082067
3 0.386406 0.101824 0.087523 0.142857
15 0.381750 0.281155 0.078212 0.100304
12 0.386406 0.454407 0.087523 0.142857
28 0.371508 0.589666 0.057728 0.097264
16 0.371508 0.714286 0.057728 0.085106
23 0.374302 0.855623 0.063315 0.094225
6 0.481378 0.095745 0.087523 0.142857
13 0.481378 0.268997 0.087523 0.142857
25 0.620112 0.404255 0.364991 0.079027
35 0.469274 0.547112 0.063315 0.085106
24 0.463687 0.679331 0.052142 0.088146
26 0.467412 0.806991 0.059590 0.106383
2 0.853818 0.104863 0.087523 0.142857
27 0.836127 0.258359 0.052142 0.085106
7 0.853818 0.433131 0.087523 0.142857
18 0.844507 0.586626 0.068901 0.103343
10 0.853818 0.740122 0.087523 0.142857
5 0.853818 0.910334 0.087523 0.142857
21 0.932030 0.069909 0.054004 0.085106
8 0.948790 0.226444 0.087523 0.142857
19 0.939479 0.389058 0.068901 0.085106
14 0.948790 0.527356 0.087523 0.142857
20 0.940410 0.697568 0.070764 0.100304
4 0.948790 0.873860 0.087523 0.142857