9 0.042650 0.087989 0.085299 0.131285
23 0.030853 0.244413 0.061706 0.086592
20 0.034483 0.372905 0.068966 0.092179
24 0.025408 0.479050 0.050817 0.081006
3 0.042650 0.613128 0.085299 0.131285
7 0.042650 0.777933 0.085299 0.131285
34 0.118875 0.065642 0.052632 0.092179
26 0.121597 0.182961 0.058076 0.097765
29 0.121597 0.324022 0.058076 0.100559
25 0.270417 0.446927 0.355717 0.072626
30 0.127042 0.564246 0.068966 0.106145
2 0.135209 0.710894 0.085299 0.131285
19 0.489111 0.061453 0.067151 0.078212
35 0.486388 0.173184 0.061706 0.078212
11 0.498185 0.319832 0.085299 0.131285
32 0.572595 0.442737 0.234120 0.064246
5 0.498185 0.557263 0.085299 0.131285
15 0.493648 0.682961 0.076225 0.092179
10 0.739564 0.082402 0.085299 0.131285
6 0.739564 0.266760 0.085299 0.131285
0 0.739564 0.420391 0.085299 0.131285
4 0.739564 0.593575 0.085299 0.131285
28 0.725045 0.754190 0.056261 0.089385
1 0.739564 0.884078 0.085299 0.131285
18 0.823049 0.081006 0.067151 0.094972
21 0.815789 0.198324 0.052632 0.078212
17 0.824864 0.301676 0.070780 0.089385
33 0.819419 0.449721 0.059891 0.094972
8 0.832123 0.596369 0.085299 0.131285
13 0.832123 0.769553 0.085299 0.131285
12 0.924682 0.099162 0.085299 0.131285
16 0.910163 0.245810 0.056261 0.078212
14 0.924682 0.392458 0.085299 0.131285
27 0.907441 0.547486 0.050817 0.078212
31 0.937387 0.666201 0.110708 0.064246
22 0.910163 0.769553 0.056261 0.075419