33 0.029946 0.072674 0.059891 0.098837
17 0.035390 0.191860 0.070780 0.093023
0 0.042650 0.338663 0.085299 0.136628
19 0.033575 0.462209 0.067151 0.081395
7 0.042650 0.626453 0.085299 0.136628
16 0.028131 0.781977 0.056261 0.081395
27 0.117967 0.075581 0.050817 0.081395
6 0.135209 0.207849 0.085299 0.136628
5 0.135209 0.367733 0.085299 0.136628
28 0.120690 0.529070 0.056261 0.093023
26 0.121597 0.643895 0.058076 0.101744
32 0.209619 0.771802 0.234120 0.066860
31 0.389292 0.065407 0.110708 0.066860
12 0.376588 0.225291 0.085299 0.136628
1 0.376588 0.417151 0.085299 0.136628
21 0.360254 0.572674 0.052632 0.081395
11 0.376588 0.707849 0.085299 0.136628
9 0.376588 0.879360 0.085299 0.136628
10 0.494555 0.106105 0.085299 0.136628
23 0.482759 0.277616 0.061706 0.090116
18 0.485481 0.398256 0.067151 0.098837
15 0.490018 0.547965 0.076225 0.095930
20 0.486388 0.684593 0.068966 0.095930
29 0.480944 0.822674 0.058076 0.104651
13 0.587114 0.100291 0.085299 0.136628
4 0.587114 0.260174 0.085299 0.136628
34 0.570780 0.422965 0.052632 0.095930
30 0.578947 0.581395 0.068966 0.110465
2 0.587114 0.731105 0.085299 0.136628
25 0.722323 0.872093 0.355717 0.075581
24 0.932849 0.082849 0.050817 0.084302
14 0.950091 0.251453 0.085299 0.136628
35 0.938294 0.377907 0.061706 0.081395
22 0.935572 0.507267 0.056261 0.078488
8 0.950091 0.652616 0.085299 0.136628
3 0.950091 0.832849 0.085299 0.136628