15 0.039106 0.086765 0.078212 0.097059
18 0.034451 0.229412 0.068901 0.100000
28 0.028864 0.352941 0.057728 0.094118
34 0.027002 0.498529 0.054004 0.097059
0 0.043762 0.651471 0.087523 0.138235
21 0.027002 0.820588 0.054004 0.082353
17 0.131285 0.076471 0.072626 0.094118
33 0.125698 0.217647 0.061453 0.100000
35 0.126629 0.326471 0.063315 0.082353
30 0.130354 0.464706 0.070764 0.111765
3 0.138734 0.622059 0.087523 0.138235
1 0.138734 0.775000 0.087523 0.138235
25 0.372439 0.058824 0.364991 0.076471
31 0.246741 0.166176 0.113594 0.067647
11 0.233706 0.292647 0.087523 0.138235
7 0.233706 0.483824 0.087523 0.138235
6 0.233706 0.642647 0.087523 0.138235
14 0.233706 0.810294 0.087523 0.138235
29 0.592179 0.097059 0.059590 0.105882
27 0.588454 0.214706 0.052142 0.082353
24 0.588454 0.336765 0.052142 0.085294
8 0.606145 0.483824 0.087523 0.138235
19 0.596834 0.629412 0.068901 0.082353
22 0.591248 0.748529 0.057728 0.079412
2 0.701117 0.086765 0.087523 0.138235
20 0.692737 0.251471 0.070764 0.097059
26 0.687151 0.386765 0.059590 0.102941
16 0.686220 0.497059 0.057728 0.082353
9 0.701117 0.654412 0.087523 0.138235
4 0.701117 0.813235 0.087523 0.138235
12 0.796089 0.086765 0.087523 0.138235
5 0.796089 0.239706 0.087523 0.138235
13 0.796089 0.436765 0.087523 0.138235
23 0.783985 0.610294 0.063315 0.091176
10 0.796089 0.775000 0.087523 0.138235
32 0.872439 0.910294 0.240223 0.067647