26 0.029038 0.072238 0.058076 0.099150
23 0.030853 0.202550 0.061706 0.087819
5 0.042650 0.349858 0.085299 0.133144
34 0.026316 0.514164 0.052632 0.093484
6 0.042650 0.658640 0.085299 0.133144
29 0.029038 0.818697 0.058076 0.101983
27 0.117967 0.065156 0.050817 0.079320
25 0.270417 0.175637 0.355717 0.073654
14 0.135209 0.296034 0.085299 0.133144
19 0.126134 0.453258 0.067151 0.079320
2 0.135209 0.579320 0.085299 0.133144
3 0.135209 0.757790 0.085299 0.133144
9 0.498185 0.092068 0.085299 0.133144
28 0.483666 0.218130 0.056261 0.090652
4 0.498185 0.372521 0.085299 0.133144
22 0.483666 0.502833 0.056261 0.076487
35 0.486388 0.614731 0.061706 0.079320
24 0.480944 0.740793 0.050817 0.082153
10 0.590744 0.106232 0.085299 0.133144
18 0.581670 0.274788 0.067151 0.096317
31 0.603448 0.403683 0.110708 0.065156
1 0.590744 0.548159 0.085299 0.133144
11 0.590744 0.715297 0.085299 0.133144
7 0.590744 0.899433 0.085299 0.133144
16 0.694192 0.073654 0.056261 0.079320
12 0.708711 0.196884 0.085299 0.133144
17 0.701452 0.325779 0.070780 0.090652
15 0.704174 0.463173 0.076225 0.093484
13 0.708711 0.627479 0.085299 0.133144
32 0.783122 0.749292 0.234120 0.065156
0 0.950091 0.089235 0.085299 0.133144
30 0.941924 0.226629 0.068966 0.107649
20 0.941924 0.375354 0.068966 0.093484
33 0.937387 0.498584 0.059891 0.096317
21 0.933757 0.606232 0.052632 0.079320
8 0.950091 0.757790 0.085299 0.133144