33 0.035181 0.064706 0.070362 0.100000
1 0.050107 0.225000 0.100213 0.138235
29 0.034115 0.376471 0.068230 0.105882
6 0.050107 0.545588 0.100213 0.138235
2 0.050107 0.707353 0.100213 0.138235
8 0.050107 0.901471 0.100213 0.138235
18 0.148188 0.073529 0.078891 0.100000
14 0.158849 0.213235 0.100213 0.138235
15 0.153518 0.366176 0.089552 0.097059
7 0.158849 0.501471 0.100213 0.138235
11 0.158849 0.677941 0.100213 0.138235
5 0.158849 0.842647 0.100213 0.138235
30 0.257996 0.085294 0.081023 0.111765
16 0.250533 0.235294 0.066098 0.082353
28 0.250533 0.344118 0.066098 0.094118
13 0.267591 0.513235 0.100213 0.138235
24 0.247335 0.657353 0.059701 0.085294
31 0.282516 0.786765 0.130064 0.067647
12 0.406183 0.092647 0.100213 0.138235
34 0.386994 0.269118 0.061834 0.097059
23 0.392324 0.386765 0.072495 0.091176
4 0.406183 0.542647 0.100213 0.138235
27 0.385928 0.705882 0.059701 0.082353
22 0.389126 0.836765 0.066098 0.079412
26 0.498934 0.080882 0.068230 0.102941
0 0.514925 0.254412 0.100213 0.138235
25 0.673774 0.402941 0.417910 0.076471
32 0.602345 0.507353 0.275053 0.067647
17 0.506397 0.623529 0.083156 0.094118
9 0.514925 0.786765 0.100213 0.138235
21 0.922175 0.064706 0.061834 0.082353
20 0.931770 0.207353 0.081023 0.097059
35 0.927505 0.338235 0.072495 0.082353
3 0.941365 0.495588 0.100213 0.138235
10 0.941365 0.680882 0.100213 0.138235
19 0.930704 0.811765 0.078891 0.082353