29 0.029795 0.096096 0.059590 0.108108
5 0.043762 0.280781 0.087523 0.141141
26 0.029795 0.442943 0.059590 0.105105
34 0.027002 0.569069 0.054004 0.099099
28 0.028864 0.690691 0.057728 0.096096
1 0.043762 0.869369 0.087523 0.141141
20 0.130354 0.076577 0.070764 0.099099
13 0.138734 0.238739 0.087523 0.141141
24 0.121043 0.409910 0.052142 0.087087
2 0.138734 0.566066 0.087523 0.141141
21 0.121974 0.720721 0.054004 0.084084
25 0.277467 0.840841 0.364991 0.078078
32 0.587523 0.070571 0.240223 0.069069
14 0.511173 0.229730 0.087523 0.141141
31 0.524209 0.382883 0.113594 0.069069
0 0.511173 0.512012 0.087523 0.141141
15 0.506518 0.689189 0.078212 0.099099
22 0.496276 0.830330 0.057728 0.081081
12 0.758845 0.112613 0.087523 0.141141
10 0.758845 0.304805 0.087523 0.141141
19 0.749534 0.474474 0.068901 0.084084
17 0.751397 0.603604 0.072626 0.096096
35 0.746741 0.723724 0.063315 0.084084
9 0.758845 0.875375 0.087523 0.141141
11 0.853818 0.091592 0.087523 0.141141
4 0.853818 0.292793 0.087523 0.141141
8 0.853818 0.457958 0.087523 0.141141
27 0.836127 0.591592 0.052142 0.084084
30 0.845438 0.735736 0.070764 0.114114
23 0.841713 0.875375 0.063315 0.093093
7 0.948790 0.088589 0.087523 0.141141
6 0.948790 0.277778 0.087523 0.141141
33 0.935754 0.447447 0.061453 0.102102
3 0.948790 0.584084 0.087523 0.141141
18 0.939479 0.759760 0.068901 0.102102
16 0.933892 0.888889 0.057728 0.084084