1 0.051648 0.108232 0.103297 0.143293
32 0.141758 0.254573 0.283516 0.070122
5 0.051648 0.394817 0.103297 0.143293
22 0.034066 0.553354 0.068132 0.082317
31 0.067033 0.657012 0.134066 0.070122
25 0.215385 0.789634 0.430769 0.079268
24 0.470330 0.083841 0.061538 0.088415
2 0.491209 0.257622 0.103297 0.143293
0 0.491209 0.452744 0.103297 0.143293
21 0.471429 0.594512 0.063736 0.085366
20 0.481319 0.736280 0.083516 0.100610
34 0.471429 0.888720 0.063736 0.100610
35 0.589011 0.079268 0.074725 0.085366
8 0.603297 0.221037 0.103297 0.143293
26 0.586813 0.370427 0.070330 0.106707
30 0.593407 0.530488 0.083516 0.115854
13 0.603297 0.708841 0.103297 0.143293
15 0.597802 0.867378 0.092308 0.100610
14 0.715385 0.096037 0.103297 0.143293
16 0.697802 0.237805 0.068132 0.085366
29 0.698901 0.365854 0.070330 0.109756
11 0.715385 0.510671 0.103297 0.143293
17 0.706593 0.667683 0.085714 0.097561
23 0.701099 0.821646 0.074725 0.094512
19 0.816484 0.070122 0.081319 0.085366
3 0.827473 0.202744 0.103297 0.143293
33 0.812088 0.344512 0.072527 0.103659
6 0.827473 0.510671 0.103297 0.143293
9 0.827473 0.708841 0.103297 0.143293
4 0.827473 0.913110 0.103297 0.143293
12 0.939560 0.096037 0.103297 0.143293
18 0.928571 0.280488 0.081319 0.103659
28 0.921978 0.411585 0.068132 0.097561
10 0.939560 0.571646 0.103297 0.143293
27 0.918681 0.704268 0.061538 0.085366
7 0.939560 0.855183 0.103297 0.143293