19 0.033575 0.053977 0.067151 0.079545
6 0.042650 0.217330 0.085299 0.133523
27 0.025408 0.372159 0.050817 0.079545
4 0.042650 0.521307 0.085299 0.133523
11 0.042650 0.686080 0.085299 0.133523
16 0.028131 0.829545 0.056261 0.079545
7 0.135209 0.109375 0.085299 0.133523
28 0.120690 0.267045 0.056261 0.090909
25 0.270417 0.383523 0.355717 0.073864
35 0.123412 0.488636 0.061706 0.079545
15 0.130672 0.632102 0.076225 0.093750
17 0.127949 0.758523 0.070780 0.090909
14 0.498185 0.109375 0.085299 0.133523
23 0.486388 0.268466 0.061706 0.088068
3 0.498185 0.396307 0.085299 0.133523
30 0.490018 0.559659 0.068966 0.107955
12 0.498185 0.731534 0.085299 0.133523
10 0.498185 0.887784 0.085299 0.133523
9 0.590744 0.109375 0.085299 0.133523
31 0.603448 0.240057 0.110708 0.065341
8 0.590744 0.353693 0.085299 0.133523
1 0.590744 0.507102 0.085299 0.133523
33 0.578040 0.656250 0.059891 0.096591
22 0.576225 0.788352 0.056261 0.076705
32 0.783122 0.066761 0.234120 0.065341
18 0.699637 0.161932 0.067151 0.096591
13 0.708711 0.313920 0.085299 0.133523
0 0.708711 0.475852 0.085299 0.133523
24 0.691470 0.623580 0.050817 0.082386
29 0.695100 0.735795 0.058076 0.102273
21 0.933757 0.082386 0.052632 0.079545
5 0.950091 0.208807 0.085299 0.133523
20 0.941924 0.348011 0.068966 0.093750
26 0.936479 0.492898 0.058076 0.099432
34 0.933757 0.646307 0.052632 0.093750
2 0.950091 0.799716 0.085299 0.133523