18 0.034133 0.094955 0.068266 0.100890
3 0.043358 0.274481 0.086716 0.139466
23 0.031365 0.443620 0.062731 0.091988
27 0.025830 0.545994 0.051661 0.083086
15 0.038745 0.683976 0.077491 0.097923
17 0.035978 0.824926 0.071956 0.094955
10 0.137454 0.096439 0.086716 0.139466
29 0.123616 0.255193 0.059041 0.106825
6 0.137454 0.396142 0.086716 0.139466
31 0.150369 0.514837 0.112546 0.068249
26 0.123616 0.657270 0.059041 0.103858
13 0.137454 0.796736 0.086716 0.139466
19 0.248155 0.077151 0.068266 0.083086
20 0.249077 0.188427 0.070111 0.097923
14 0.257380 0.345697 0.086716 0.139466
32 0.333026 0.488131 0.238007 0.068249
24 0.239852 0.624629 0.051661 0.086053
1 0.257380 0.758160 0.086716 0.139466
33 0.489852 0.086053 0.060886 0.100890
28 0.488007 0.240356 0.057196 0.094955
30 0.494465 0.373887 0.070111 0.112760
35 0.490775 0.495549 0.062731 0.083086
22 0.488007 0.636499 0.057196 0.080119
34 0.486162 0.749258 0.053506 0.097923
5 0.580258 0.084570 0.086716 0.139466
9 0.580258 0.241840 0.086716 0.139466
2 0.580258 0.399110 0.086716 0.139466
0 0.580258 0.577151 0.086716 0.139466
21 0.563653 0.741840 0.053506 0.083086
4 0.580258 0.903561 0.086716 0.139466
7 0.674354 0.099407 0.086716 0.139466
8 0.674354 0.256677 0.086716 0.139466
11 0.674354 0.428783 0.086716 0.139466
25 0.811808 0.587537 0.361624 0.077151
12 0.674354 0.749258 0.086716 0.139466
16 0.659594 0.913947 0.057196 0.083086