7 0.043762 0.081944 0.087523 0.130556
18 0.034451 0.208333 0.068901 0.094444
13 0.043762 0.359722 0.087523 0.130556
2 0.043762 0.534722 0.087523 0.130556
15 0.039106 0.693056 0.078212 0.091667
33 0.030726 0.802778 0.061453 0.094444
10 0.138734 0.084722 0.087523 0.130556
5 0.138734 0.259722 0.087523 0.130556
21 0.121974 0.416667 0.054004 0.077778
12 0.138734 0.556944 0.087523 0.130556
9 0.138734 0.740278 0.087523 0.130556
14 0.138734 0.887500 0.087523 0.130556
4 0.233706 0.106944 0.087523 0.130556
1 0.233706 0.256944 0.087523 0.130556
8 0.233706 0.426389 0.087523 0.130556
34 0.216946 0.576389 0.054004 0.091667
20 0.225326 0.715278 0.070764 0.091667
30 0.225326 0.827778 0.070764 0.105556
22 0.313780 0.068056 0.057728 0.075000
24 0.310987 0.168056 0.052142 0.080556
19 0.319367 0.297222 0.068901 0.077778
0 0.328678 0.440278 0.087523 0.130556
17 0.321229 0.569444 0.072626 0.088889
27 0.310987 0.675000 0.052142 0.077778
3 0.423650 0.104167 0.087523 0.130556
35 0.411546 0.250000 0.063315 0.077778
29 0.409683 0.383333 0.059590 0.100000
32 0.500000 0.487500 0.240223 0.063889
23 0.411546 0.612500 0.063315 0.086111
6 0.423650 0.776389 0.087523 0.130556
25 0.810056 0.066667 0.364991 0.072222
16 0.656425 0.163889 0.057728 0.077778
31 0.684358 0.251389 0.113594 0.063889
11 0.671322 0.381944 0.087523 0.130556
28 0.656425 0.511111 0.057728 0.088889
26 0.657356 0.634722 0.059590 0.097222