15 0.038113 0.069293 0.076225 0.089674
28 0.028131 0.192935 0.056261 0.086957
10 0.042650 0.327446 0.085299 0.127717
26 0.029038 0.476902 0.058076 0.095109
1 0.042650 0.610054 0.085299 0.127717
9 0.042650 0.762228 0.085299 0.127717
12 0.135209 0.088315 0.085299 0.127717
31 0.147913 0.205163 0.110708 0.062500
18 0.126134 0.307065 0.067151 0.092391
23 0.123412 0.433424 0.061706 0.084239
24 0.117967 0.552989 0.050817 0.078804
30 0.127042 0.663043 0.068966 0.103261
2 0.253176 0.082880 0.085299 0.127717
25 0.388385 0.201087 0.355717 0.070652
21 0.236842 0.317935 0.052632 0.076087
11 0.253176 0.466033 0.085299 0.127717
22 0.238657 0.585598 0.056261 0.073370
14 0.253176 0.735054 0.085299 0.127717
5 0.616152 0.101902 0.085299 0.127717
13 0.616152 0.273098 0.085299 0.127717
0 0.616152 0.449728 0.085299 0.127717
34 0.599819 0.607337 0.052632 0.089674
8 0.616152 0.748641 0.085299 0.127717
19 0.607078 0.872283 0.067151 0.076087
33 0.696007 0.070652 0.059891 0.092391
20 0.700544 0.202446 0.068966 0.089674
32 0.783122 0.311141 0.234120 0.062500
27 0.691470 0.402174 0.050817 0.076087
35 0.696915 0.502717 0.061706 0.076087
16 0.694192 0.633152 0.056261 0.076087
4 0.950091 0.099185 0.085299 0.127717
7 0.950091 0.262228 0.085299 0.127717
6 0.950091 0.433424 0.085299 0.127717
29 0.936479 0.589674 0.058076 0.097826
3 0.950091 0.751359 0.085299 0.127717
17 0.942831 0.913043 0.070780 0.086957