24 0.025408 0.070093 0.050817 0.090343
10 0.042650 0.204050 0.085299 0.146417
14 0.042650 0.375389 0.085299 0.146417
28 0.028131 0.517134 0.056261 0.099688
31 0.055354 0.652648 0.110708 0.071651
22 0.028131 0.792835 0.056261 0.084112
33 0.147913 0.074766 0.059891 0.105919
1 0.160617 0.250779 0.085299 0.146417
15 0.156080 0.397196 0.076225 0.102804
0 0.160617 0.546729 0.085299 0.146417
9 0.160617 0.718069 0.085299 0.146417
12 0.160617 0.898754 0.085299 0.146417
29 0.239564 0.096573 0.058076 0.112150
16 0.238657 0.218069 0.056261 0.087227
6 0.253176 0.350467 0.085299 0.146417
30 0.245009 0.532710 0.068966 0.118380
8 0.253176 0.690031 0.085299 0.146417
26 0.239564 0.848910 0.058076 0.109034
13 0.345735 0.113707 0.085299 0.146417
2 0.345735 0.297508 0.085299 0.146417
20 0.337568 0.465732 0.068966 0.102804
7 0.345735 0.637072 0.085299 0.146417
19 0.336661 0.797508 0.067151 0.087227
25 0.480944 0.934579 0.355717 0.080997
5 0.708711 0.091900 0.085299 0.146417
11 0.708711 0.253894 0.085299 0.146417
32 0.783122 0.406542 0.234120 0.071651
4 0.708711 0.537383 0.085299 0.146417
18 0.699637 0.697819 0.067151 0.105919
17 0.701452 0.834891 0.070780 0.099688
34 0.933757 0.095016 0.052632 0.102804
27 0.932849 0.230530 0.050817 0.087227
35 0.938294 0.345794 0.061706 0.087227
21 0.933757 0.470405 0.052632 0.087227
23 0.938294 0.612150 0.061706 0.096573
3 0.950091 0.777259 0.085299 0.146417