17 0.036313 0.069909 0.072626 0.097264
28 0.028864 0.221884 0.057728 0.097264
20 0.035382 0.357143 0.070764 0.100304
10 0.043762 0.512158 0.087523 0.142857
8 0.043762 0.682371 0.087523 0.142857
26 0.029795 0.828267 0.059590 0.106383
23 0.126629 0.083587 0.063315 0.094225
22 0.123836 0.232523 0.057728 0.082067
27 0.121043 0.343465 0.052142 0.085106
19 0.129423 0.480243 0.068901 0.085106
3 0.138734 0.612462 0.087523 0.142857
7 0.138734 0.794833 0.087523 0.142857
6 0.233706 0.110942 0.087523 0.142857
12 0.233706 0.305471 0.087523 0.142857
25 0.372439 0.446809 0.364991 0.079027
14 0.233706 0.609422 0.087523 0.142857
34 0.216946 0.770517 0.054004 0.100304
18 0.224395 0.927052 0.068901 0.103343
15 0.601490 0.068389 0.078212 0.100304
29 0.592179 0.206687 0.059590 0.109422
16 0.591248 0.352584 0.057728 0.085106
21 0.589385 0.474164 0.054004 0.085106
31 0.619181 0.600304 0.113594 0.069909
32 0.682495 0.724924 0.240223 0.069909
13 0.853818 0.086626 0.087523 0.142857
9 0.853818 0.256839 0.087523 0.142857
35 0.841713 0.389058 0.063315 0.085106
30 0.845438 0.513678 0.070764 0.115502
5 0.853818 0.703647 0.087523 0.142857
4 0.853818 0.876900 0.087523 0.142857
0 0.948790 0.101824 0.087523 0.142857
1 0.948790 0.281155 0.087523 0.142857
33 0.935754 0.422492 0.061453 0.103343
2 0.948790 0.569909 0.087523 0.142857
24 0.931099 0.721884 0.052142 0.088146
11 0.948790 0.876900 0.087523 0.142857