0 0.042650 0.102679 0.085299 0.139881
34 0.026316 0.239583 0.052632 0.098214
26 0.029038 0.355655 0.058076 0.104167
19 0.033575 0.464286 0.067151 0.083333
20 0.034483 0.596726 0.068966 0.098214
10 0.042650 0.772321 0.085299 0.139881
8 0.135209 0.087798 0.085299 0.139881
1 0.135209 0.263393 0.085299 0.139881
3 0.135209 0.450893 0.085299 0.139881
15 0.130672 0.596726 0.076225 0.098214
13 0.135209 0.763393 0.085299 0.139881
28 0.120690 0.916667 0.056261 0.095238
7 0.227768 0.084821 0.085299 0.139881
23 0.215971 0.257440 0.061706 0.092262
22 0.213249 0.361607 0.056261 0.080357
12 0.227768 0.486607 0.085299 0.139881
5 0.227768 0.653274 0.085299 0.139881
11 0.227768 0.813988 0.085299 0.139881
9 0.320327 0.105655 0.085299 0.139881
6 0.320327 0.278274 0.085299 0.139881
35 0.308530 0.407738 0.061706 0.083333
17 0.313067 0.529762 0.070780 0.095238
2 0.320327 0.668155 0.085299 0.139881
31 0.333031 0.828869 0.110708 0.068452
16 0.423775 0.071429 0.056261 0.083333
4 0.438294 0.239583 0.085299 0.139881
18 0.429220 0.413690 0.067151 0.101190
24 0.421053 0.555060 0.050817 0.086310
21 0.421960 0.687500 0.052632 0.083333
32 0.512704 0.784226 0.234120 0.068452
25 0.814882 0.068452 0.355717 0.077381
30 0.671506 0.190476 0.068966 0.113095
27 0.662432 0.309524 0.050817 0.083333
33 0.666969 0.443452 0.059891 0.101190
29 0.666062 0.571429 0.058076 0.107143
14 0.679673 0.715774 0.085299 0.139881