14 0.042650 0.113905 0.085299 0.139053
34 0.026316 0.273669 0.052632 0.097633
26 0.029038 0.415680 0.058076 0.103550
28 0.028131 0.573964 0.056261 0.094675
11 0.042650 0.744083 0.085299 0.139053
29 0.029038 0.914201 0.058076 0.106509
23 0.123412 0.078402 0.061706 0.091716
16 0.120690 0.192308 0.056261 0.082840
4 0.135209 0.335799 0.085299 0.139053
25 0.270417 0.464497 0.355717 0.076923
10 0.135209 0.619822 0.085299 0.139053
13 0.135209 0.806213 0.085299 0.139053
7 0.498185 0.087278 0.085299 0.139053
5 0.498185 0.264793 0.085299 0.139053
19 0.489111 0.402367 0.067151 0.082840
2 0.498185 0.557692 0.085299 0.139053
27 0.480944 0.701183 0.050817 0.082840
35 0.486388 0.798817 0.061706 0.082840
1 0.590744 0.084320 0.085299 0.139053
8 0.590744 0.261834 0.085299 0.139053
3 0.590744 0.427515 0.085299 0.139053
32 0.665154 0.575444 0.234120 0.068047
0 0.590744 0.693787 0.085299 0.139053
30 0.582577 0.852071 0.068966 0.112426
31 0.844828 0.078402 0.110708 0.068047
18 0.823049 0.183432 0.067151 0.100592
17 0.824864 0.325444 0.070780 0.094675
20 0.823956 0.457101 0.068966 0.097633
24 0.814882 0.590237 0.050817 0.085799
21 0.815789 0.713018 0.052632 0.082840
22 0.935572 0.084320 0.056261 0.079882
9 0.950091 0.220414 0.085299 0.139053
15 0.945554 0.383136 0.076225 0.097633
6 0.950091 0.542899 0.085299 0.139053
12 0.950091 0.708580 0.085299 0.139053
33 0.937387 0.852071 0.059891 0.100592