34 0.027002 0.090778 0.054004 0.095101
17 0.036313 0.201729 0.072626 0.092219
5 0.043762 0.344380 0.087523 0.135447
8 0.043762 0.508646 0.087523 0.135447
27 0.026071 0.674352 0.052142 0.080692
22 0.028864 0.793948 0.057728 0.077810
15 0.134078 0.076369 0.078212 0.095101
16 0.123836 0.190202 0.057728 0.080692
32 0.215084 0.292507 0.240223 0.066282
10 0.138734 0.451009 0.087523 0.135447
1 0.138734 0.603746 0.087523 0.135447
31 0.151769 0.730548 0.113594 0.066282
33 0.373371 0.080692 0.061453 0.097983
7 0.386406 0.249280 0.087523 0.135447
20 0.378026 0.387608 0.070764 0.095101
25 0.525140 0.521614 0.364991 0.074928
21 0.369646 0.625360 0.054004 0.080692
35 0.374302 0.760807 0.063315 0.080692
14 0.758845 0.105187 0.087523 0.135447
0 0.758845 0.298271 0.087523 0.135447
12 0.758845 0.468300 0.087523 0.135447
18 0.749534 0.639769 0.068901 0.097983
4 0.758845 0.782421 0.087523 0.135447
30 0.750466 0.925072 0.070764 0.109510
9 0.853818 0.108069 0.087523 0.135447
24 0.836127 0.260807 0.052142 0.083573
29 0.839851 0.394813 0.059590 0.103746
2 0.853818 0.554755 0.087523 0.135447
3 0.853818 0.736311 0.087523 0.135447
26 0.839851 0.889049 0.059590 0.100865
13 0.948790 0.099424 0.087523 0.135447
11 0.948790 0.252161 0.087523 0.135447
6 0.948790 0.419308 0.087523 0.135447
19 0.939479 0.544669 0.068901 0.080692
23 0.936685 0.658501 0.063315 0.089337
28 0.933892 0.769452 0.057728 0.092219