34 0.027002 0.072485 0.054004 0.097633
8 0.043762 0.226331 0.087523 0.139053
1 0.043762 0.403846 0.087523 0.139053
24 0.026071 0.536982 0.052142 0.085799
30 0.035382 0.656805 0.070764 0.112426
6 0.043762 0.800296 0.087523 0.139053
15 0.134078 0.075444 0.078212 0.097633
27 0.121043 0.207101 0.052142 0.082840
14 0.138734 0.377219 0.087523 0.139053
4 0.138734 0.575444 0.087523 0.139053
18 0.129423 0.745562 0.068901 0.100592
28 0.123836 0.890533 0.057728 0.094675
33 0.220670 0.094675 0.061453 0.100592
25 0.372439 0.236686 0.364991 0.076923
12 0.233706 0.365385 0.087523 0.139053
22 0.218808 0.513314 0.057728 0.079882
0 0.233706 0.640533 0.087523 0.139053
31 0.246741 0.779586 0.113594 0.068047
20 0.597765 0.093195 0.070764 0.097633
5 0.606145 0.241124 0.087523 0.139053
17 0.598696 0.387574 0.072626 0.094675
29 0.592179 0.505917 0.059590 0.106509
35 0.594041 0.659763 0.063315 0.082840
32 0.682495 0.752959 0.240223 0.068047
26 0.839851 0.090237 0.059590 0.103550
2 0.853818 0.252959 0.087523 0.139053
11 0.853818 0.430473 0.087523 0.139053
13 0.853818 0.590237 0.087523 0.139053
23 0.841713 0.738166 0.063315 0.091716
10 0.853818 0.894970 0.087523 0.139053
3 0.948790 0.090237 0.087523 0.139053
19 0.939479 0.257396 0.068901 0.082840
9 0.948790 0.403846 0.087523 0.139053
7 0.948790 0.569527 0.087523 0.139053
21 0.932030 0.695266 0.054004 0.082840
16 0.933892 0.807692 0.057728 0.082840