18 0.039446 0.068376 0.078891 0.096866
2 0.050107 0.212251 0.100213 0.133903
15 0.044776 0.383191 0.089552 0.094017
9 0.050107 0.542735 0.100213 0.133903
23 0.036247 0.676638 0.072495 0.088319
17 0.041578 0.789174 0.083156 0.091168
8 0.158849 0.101140 0.100213 0.133903
28 0.141791 0.259259 0.066098 0.091168
13 0.158849 0.391738 0.100213 0.133903
26 0.142857 0.556980 0.068230 0.099715
14 0.158849 0.716524 0.100213 0.133903
0 0.158849 0.881766 0.100213 0.133903
16 0.250533 0.065527 0.066098 0.079772
10 0.267591 0.217949 0.100213 0.133903
21 0.248401 0.381766 0.061834 0.079772
33 0.252665 0.509972 0.070362 0.096866
4 0.267591 0.682336 0.100213 0.133903
34 0.248401 0.841880 0.061834 0.094017
31 0.391258 0.061254 0.130064 0.065527
7 0.376333 0.198006 0.100213 0.133903
12 0.376333 0.366097 0.100213 0.133903
22 0.359275 0.491453 0.066098 0.076923
11 0.376333 0.653846 0.100213 0.133903
1 0.376333 0.844729 0.100213 0.133903
20 0.505330 0.081197 0.081023 0.094017
19 0.504264 0.213675 0.078891 0.079772
27 0.494670 0.307692 0.059701 0.079772
5 0.514925 0.468661 0.100213 0.133903
24 0.494670 0.633903 0.059701 0.082621
6 0.514925 0.787749 0.100213 0.133903
30 0.614072 0.094017 0.081023 0.108262
35 0.609808 0.236467 0.072495 0.079772
3 0.623667 0.374644 0.100213 0.133903
29 0.607676 0.509972 0.068230 0.102564
32 0.711087 0.648148 0.275053 0.065527
25 0.782516 0.752137 0.417910 0.074074