21 0.026316 0.061162 0.052632 0.085627
7 0.042650 0.191131 0.085299 0.143731
15 0.038113 0.347095 0.076225 0.100917
12 0.042650 0.506116 0.085299 0.143731
31 0.055354 0.631498 0.110708 0.070336
23 0.030853 0.750765 0.061706 0.094801
17 0.153358 0.079511 0.070780 0.097859
14 0.160617 0.258410 0.085299 0.143731
33 0.147913 0.403670 0.059891 0.103976
25 0.295826 0.547401 0.355717 0.079511
4 0.160617 0.692661 0.085299 0.143731
29 0.147005 0.837920 0.058076 0.110092
10 0.523593 0.096330 0.085299 0.143731
0 0.523593 0.279817 0.085299 0.143731
32 0.598004 0.429664 0.234120 0.070336
18 0.514519 0.577982 0.067151 0.103976
6 0.523593 0.720183 0.085299 0.143731
3 0.523593 0.891437 0.085299 0.143731
20 0.756806 0.087156 0.068966 0.100917
19 0.755898 0.235474 0.067151 0.085627
35 0.753176 0.345566 0.061706 0.085627
8 0.764973 0.496942 0.085299 0.143731
28 0.750454 0.669725 0.056261 0.097859
22 0.750454 0.818043 0.056261 0.082569
16 0.843013 0.061162 0.056261 0.085627
26 0.843920 0.185015 0.058076 0.107034
24 0.840290 0.307339 0.050817 0.088685
1 0.857532 0.451070 0.085299 0.143731
34 0.841198 0.600917 0.052632 0.100917
13 0.857532 0.781346 0.085299 0.143731
27 0.932849 0.076453 0.050817 0.085627
11 0.950091 0.218654 0.085299 0.143731
5 0.950091 0.386850 0.085299 0.143731
2 0.950091 0.573394 0.085299 0.143731
30 0.941924 0.721713 0.068966 0.116208
9 0.950091 0.888379 0.085299 0.143731