30 0.040512 0.087977 0.081023 0.111437
34 0.030917 0.209677 0.061834 0.096774
3 0.050107 0.350440 0.100213 0.137830
28 0.033049 0.516129 0.066098 0.093842
5 0.050107 0.649560 0.100213 0.137830
24 0.029851 0.787390 0.059701 0.085044
21 0.139659 0.070381 0.061834 0.082111
14 0.158849 0.197947 0.100213 0.137830
4 0.158849 0.391496 0.100213 0.137830
12 0.158849 0.579179 0.100213 0.137830
9 0.158849 0.760997 0.100213 0.137830
29 0.142857 0.929619 0.068230 0.105572
35 0.253731 0.067449 0.072495 0.082111
33 0.252665 0.193548 0.070362 0.099707
27 0.247335 0.331378 0.059701 0.082111
8 0.267591 0.494135 0.100213 0.137830
13 0.267591 0.675953 0.100213 0.137830
11 0.267591 0.854839 0.100213 0.137830
18 0.365672 0.070381 0.078891 0.099707
15 0.371002 0.203812 0.089552 0.096774
7 0.376333 0.344575 0.100213 0.137830
17 0.367804 0.513196 0.083156 0.093842
2 0.376333 0.652493 0.100213 0.137830
31 0.391258 0.804985 0.130064 0.067449
25 0.673774 0.058651 0.417910 0.076246
16 0.497868 0.190616 0.066098 0.082111
32 0.602345 0.315249 0.275053 0.067449
0 0.514925 0.453079 0.100213 0.137830
10 0.514925 0.614370 0.100213 0.137830
23 0.501066 0.746334 0.072495 0.090909
6 0.941365 0.104106 0.100213 0.137830
1 0.941365 0.291789 0.100213 0.137830
19 0.930704 0.436950 0.078891 0.082111
22 0.924307 0.549853 0.066098 0.079179
20 0.931770 0.681818 0.081023 0.096774
26 0.925373 0.796188 0.068230 0.102639