14 0.042650 0.088589 0.085299 0.141141
30 0.034483 0.240240 0.068966 0.114114
10 0.042650 0.406907 0.085299 0.141141
27 0.025408 0.567568 0.050817 0.084084
26 0.029038 0.698198 0.058076 0.105105
18 0.033575 0.861862 0.067151 0.102102
15 0.130672 0.094595 0.076225 0.099099
24 0.117967 0.244745 0.050817 0.087087
11 0.135209 0.406907 0.085299 0.141141
35 0.123412 0.540541 0.061706 0.084084
12 0.135209 0.707207 0.085299 0.141141
2 0.135209 0.890390 0.085299 0.141141
34 0.211434 0.079580 0.052632 0.099099
5 0.227768 0.247748 0.085299 0.141141
23 0.215971 0.388889 0.061706 0.093093
22 0.213249 0.503003 0.056261 0.081081
17 0.220508 0.612613 0.070780 0.096096
16 0.213249 0.750751 0.056261 0.084084
6 0.320327 0.115616 0.085299 0.141141
21 0.303993 0.258258 0.052632 0.084084
32 0.394737 0.364865 0.234120 0.069069
19 0.311252 0.468468 0.067151 0.084084
9 0.320327 0.602102 0.085299 0.141141
13 0.320327 0.770270 0.085299 0.141141
31 0.574410 0.049550 0.110708 0.069069
20 0.553539 0.169670 0.068966 0.099099
1 0.561706 0.349850 0.085299 0.141141
8 0.561706 0.545045 0.085299 0.141141
0 0.561706 0.707207 0.085299 0.141141
3 0.561706 0.869369 0.085299 0.141141
7 0.679673 0.091592 0.085299 0.141141
25 0.814882 0.228228 0.355717 0.078078
4 0.679673 0.394895 0.085299 0.141141
33 0.666969 0.573574 0.059891 0.102102
29 0.666062 0.735736 0.058076 0.108108
28 0.665154 0.897898 0.056261 0.096096