23 0.030853 0.063422 0.061706 0.091445
31 0.055354 0.160767 0.110708 0.067847
20 0.034483 0.278761 0.068966 0.097345
7 0.042650 0.423304 0.085299 0.138643
8 0.042650 0.600295 0.085299 0.138643
16 0.028131 0.758112 0.056261 0.082596
25 0.295826 0.067847 0.355717 0.076696
18 0.151543 0.179941 0.067151 0.100295
11 0.160617 0.358407 0.085299 0.138643
22 0.146098 0.514749 0.056261 0.079646
15 0.156080 0.623894 0.076225 0.097345
29 0.147005 0.743363 0.058076 0.106195
0 0.523593 0.092920 0.085299 0.138643
26 0.509982 0.272861 0.058076 0.103245
4 0.523593 0.449853 0.085299 0.138643
33 0.510889 0.598820 0.059891 0.100295
34 0.507260 0.715339 0.052632 0.097345
6 0.523593 0.874631 0.085299 0.138643
9 0.616152 0.089971 0.085299 0.138643
19 0.607078 0.230088 0.067151 0.082596
21 0.599819 0.365782 0.052632 0.082596
28 0.601633 0.498525 0.056261 0.094395
3 0.616152 0.668142 0.085299 0.138643
14 0.616152 0.862832 0.085299 0.138643
1 0.708711 0.101770 0.085299 0.138643
35 0.696915 0.227139 0.061706 0.082596
13 0.708711 0.367257 0.085299 0.138643
27 0.691470 0.507375 0.050817 0.082596
2 0.708711 0.647493 0.085299 0.138643
24 0.691470 0.783186 0.050817 0.085546
12 0.801270 0.092920 0.085299 0.138643
10 0.801270 0.249263 0.085299 0.138643
32 0.875681 0.396755 0.234120 0.067847
17 0.794011 0.516224 0.070780 0.094395
5 0.801270 0.659292 0.085299 0.138643
30 0.793103 0.802360 0.068966 0.112094