3 0.042650 0.107670 0.085299 0.138643
10 0.042650 0.305310 0.085299 0.138643
25 0.177858 0.463127 0.355717 0.076696
16 0.028131 0.595870 0.056261 0.082596
22 0.028131 0.691740 0.056261 0.079646
30 0.034483 0.820059 0.068966 0.112094
14 0.405626 0.087021 0.085299 0.138643
29 0.392015 0.256637 0.058076 0.106195
13 0.405626 0.399705 0.085299 0.138643
9 0.405626 0.567847 0.085299 0.138643
34 0.389292 0.724189 0.052632 0.097345
1 0.405626 0.889381 0.085299 0.138643
31 0.510889 0.060472 0.110708 0.067847
6 0.498185 0.184366 0.085299 0.138643
15 0.493648 0.355457 0.076225 0.097345
12 0.498185 0.526549 0.085299 0.138643
26 0.484574 0.665192 0.058076 0.103245
27 0.480944 0.808260 0.050817 0.082596
11 0.616152 0.101770 0.085299 0.138643
33 0.603448 0.274336 0.059891 0.100295
21 0.599819 0.386431 0.052632 0.082596
24 0.598911 0.523599 0.050817 0.085546
4 0.616152 0.668142 0.085299 0.138643
5 0.616152 0.830383 0.085299 0.138643
23 0.696915 0.081121 0.061706 0.091445
35 0.696915 0.218289 0.061706 0.082596
2 0.708711 0.373156 0.085299 0.138643
7 0.708711 0.532448 0.085299 0.138643
18 0.699637 0.678466 0.067151 0.100295
20 0.700544 0.803835 0.068966 0.097345
0 0.801270 0.084071 0.085299 0.138643
17 0.794011 0.221239 0.070780 0.094395
8 0.801270 0.370206 0.085299 0.138643
32 0.875681 0.511799 0.234120 0.067847
28 0.786751 0.625369 0.056261 0.094395
19 0.792196 0.740413 0.067151 0.082596