0 0.042650 0.083824 0.085299 0.138235
18 0.033575 0.258824 0.067151 0.100000
28 0.028131 0.411765 0.056261 0.094118
6 0.042650 0.557353 0.085299 0.138235
33 0.029946 0.711765 0.059891 0.100000
17 0.035390 0.850000 0.070780 0.094118
11 0.135209 0.113235 0.085299 0.138235
25 0.270417 0.276471 0.355717 0.076471
5 0.135209 0.404412 0.085299 0.138235
35 0.123412 0.555882 0.061706 0.082353
12 0.135209 0.719118 0.085299 0.138235
19 0.126134 0.885294 0.067151 0.082353
8 0.498185 0.104412 0.085299 0.138235
4 0.498185 0.269118 0.085299 0.138235
24 0.480944 0.401471 0.050817 0.085294
1 0.498185 0.536765 0.085299 0.138235
10 0.498185 0.719118 0.085299 0.138235
7 0.498185 0.892647 0.085299 0.138235
34 0.574410 0.066176 0.052632 0.097059
16 0.576225 0.182353 0.056261 0.082353
32 0.665154 0.307353 0.234120 0.067647
13 0.590744 0.425000 0.085299 0.138235
20 0.582577 0.586765 0.068966 0.097059
14 0.590744 0.751471 0.085299 0.138235
22 0.817604 0.072059 0.056261 0.079412
9 0.832123 0.227941 0.085299 0.138235
21 0.815789 0.376471 0.052632 0.082353
23 0.820327 0.504412 0.061706 0.091176
2 0.832123 0.663235 0.085299 0.138235
27 0.814882 0.805882 0.050817 0.082353
30 0.916515 0.079412 0.068966 0.111765
15 0.920145 0.242647 0.076225 0.097059
31 0.937387 0.354412 0.110708 0.067647
3 0.924682 0.472059 0.085299 0.138235
26 0.911071 0.627941 0.058076 0.102941
29 0.911071 0.770588 0.058076 0.105882