33 0.029946 0.068966 0.059891 0.097701
4 0.042650 0.216954 0.085299 0.135057
13 0.042650 0.377874 0.085299 0.135057
28 0.028131 0.520115 0.056261 0.091954
19 0.033575 0.663793 0.067151 0.080460
23 0.030853 0.806034 0.061706 0.089080
21 0.118875 0.066092 0.052632 0.080460
29 0.121597 0.183908 0.058076 0.103448
34 0.118875 0.331897 0.052632 0.094828
7 0.135209 0.498563 0.085299 0.135057
11 0.135209 0.673851 0.085299 0.135057
31 0.147913 0.791667 0.110708 0.066092
10 0.253176 0.084770 0.085299 0.135057
22 0.238657 0.245690 0.056261 0.077586
16 0.238657 0.347701 0.056261 0.080460
12 0.253176 0.478448 0.085299 0.135057
5 0.253176 0.650862 0.085299 0.135057
32 0.327586 0.800287 0.234120 0.066092
2 0.494555 0.084770 0.085299 0.135057
17 0.487296 0.232759 0.070780 0.091954
27 0.477314 0.362069 0.050817 0.080460
15 0.490018 0.478448 0.076225 0.094828
14 0.494555 0.630747 0.085299 0.135057
9 0.494555 0.785920 0.085299 0.135057
26 0.573503 0.093391 0.058076 0.100575
30 0.578947 0.212644 0.068966 0.109195
35 0.575318 0.353448 0.061706 0.080460
24 0.569873 0.461207 0.050817 0.083333
25 0.722323 0.563218 0.355717 0.074713
0 0.587114 0.714080 0.085299 0.135057
3 0.950091 0.102011 0.085299 0.135057
8 0.950091 0.265805 0.085299 0.135057
1 0.950091 0.452586 0.085299 0.135057
6 0.950091 0.602011 0.085299 0.135057
20 0.941924 0.771552 0.068966 0.094828
18 0.941016 0.910920 0.067151 0.097701