20 0.034483 0.070055 0.068966 0.090659
16 0.028131 0.181319 0.056261 0.076923
23 0.030853 0.284341 0.061706 0.085165
1 0.042650 0.410714 0.085299 0.129121
31 0.055354 0.559066 0.110708 0.063187
15 0.038113 0.657967 0.076225 0.090659
6 0.160617 0.081044 0.085299 0.129121
14 0.160617 0.262363 0.085299 0.129121
18 0.151543 0.420330 0.067151 0.093407
7 0.160617 0.586538 0.085299 0.129121
17 0.153358 0.714286 0.070780 0.087912
0 0.160617 0.869505 0.085299 0.129121
32 0.327586 0.045330 0.234120 0.063187
30 0.245009 0.159341 0.068966 0.104396
11 0.253176 0.311813 0.085299 0.129121
12 0.253176 0.454670 0.085299 0.129121
22 0.238657 0.605769 0.056261 0.074176
19 0.244102 0.722527 0.067151 0.076923
24 0.477314 0.061813 0.050817 0.079670
13 0.494555 0.207418 0.085299 0.129121
35 0.482759 0.337912 0.061706 0.076923
34 0.478221 0.451923 0.052632 0.090659
10 0.494555 0.594780 0.085299 0.129121
28 0.480036 0.728022 0.056261 0.087912
29 0.573503 0.065934 0.058076 0.098901
21 0.570780 0.167582 0.052632 0.076923
33 0.574410 0.280220 0.059891 0.093407
2 0.587114 0.421703 0.085299 0.129121
25 0.722323 0.546703 0.355717 0.071429
27 0.569873 0.670330 0.050817 0.076923
26 0.936479 0.078297 0.058076 0.096154
9 0.950091 0.240385 0.085299 0.129121
8 0.950091 0.399725 0.085299 0.129121
3 0.950091 0.548077 0.085299 0.129121
5 0.950091 0.712912 0.085299 0.129121
4 0.950091 0.891484 0.085299 0.129121