29 0.029795 0.102804 0.059590 0.112150
23 0.031657 0.235202 0.063315 0.096573
26 0.029795 0.381620 0.059590 0.109034
2 0.043762 0.556075 0.087523 0.146417
28 0.028864 0.719626 0.057728 0.099688
13 0.043762 0.864486 0.087523 0.146417
8 0.138734 0.113707 0.087523 0.146417
30 0.130354 0.308411 0.070764 0.118380
17 0.131285 0.473520 0.072626 0.099688
27 0.121043 0.601246 0.052142 0.087227
25 0.277467 0.735202 0.364991 0.080997
5 0.138734 0.898754 0.087523 0.146417
32 0.587523 0.060748 0.240223 0.071651
7 0.511173 0.194704 0.087523 0.146417
31 0.524209 0.350467 0.113594 0.071651
1 0.511173 0.475078 0.087523 0.146417
34 0.494413 0.621495 0.054004 0.102804
6 0.511173 0.795950 0.087523 0.146417
14 0.758845 0.113707 0.087523 0.146417
18 0.749534 0.258567 0.068901 0.105919
11 0.758845 0.428349 0.087523 0.146417
3 0.758845 0.599688 0.087523 0.146417
20 0.750466 0.758567 0.070764 0.102804
21 0.742086 0.872274 0.054004 0.087227
33 0.840782 0.071651 0.061453 0.105919
10 0.853818 0.232087 0.087523 0.146417
16 0.838920 0.389408 0.057728 0.087227
12 0.853818 0.559190 0.087523 0.146417
24 0.836127 0.718069 0.052142 0.090343
4 0.853818 0.855140 0.087523 0.146417
19 0.939479 0.077882 0.068901 0.087227
35 0.936685 0.221184 0.063315 0.087227
22 0.933892 0.362928 0.057728 0.084112
0 0.948790 0.506231 0.087523 0.146417
9 0.948790 0.683801 0.087523 0.146417
15 0.944134 0.827103 0.078212 0.102804