35 0.030853 0.080460 0.061706 0.080460
3 0.042650 0.202586 0.085299 0.135057
30 0.034483 0.364943 0.068966 0.109195
4 0.042650 0.535920 0.085299 0.135057
26 0.029038 0.711207 0.058076 0.100575
14 0.042650 0.880747 0.085299 0.135057
10 0.135209 0.110632 0.085299 0.135057
34 0.118875 0.239943 0.052632 0.094828
29 0.121597 0.385057 0.058076 0.103448
16 0.120690 0.494253 0.056261 0.080460
6 0.135209 0.642241 0.085299 0.135057
21 0.118875 0.775862 0.052632 0.080460
22 0.213249 0.073276 0.056261 0.077586
28 0.213249 0.201149 0.056261 0.091954
19 0.218693 0.333333 0.067151 0.080460
23 0.215971 0.452586 0.061706 0.089080
12 0.227768 0.590517 0.085299 0.135057
15 0.223230 0.742816 0.076225 0.094828
11 0.320327 0.102011 0.085299 0.135057
17 0.313067 0.244253 0.070780 0.091954
24 0.303085 0.386494 0.050817 0.083333
1 0.320327 0.521552 0.085299 0.135057
32 0.394737 0.645115 0.234120 0.066092
13 0.320327 0.780172 0.085299 0.135057
31 0.574410 0.058908 0.110708 0.066092
20 0.553539 0.188218 0.068966 0.094828
9 0.561706 0.352011 0.085299 0.135057
8 0.561706 0.524425 0.085299 0.135057
5 0.561706 0.714080 0.085299 0.135057
2 0.561706 0.900862 0.085299 0.135057
7 0.679673 0.090517 0.085299 0.135057
18 0.670599 0.261494 0.067151 0.097701
33 0.666969 0.402299 0.059891 0.097701
25 0.814882 0.502874 0.355717 0.074713
27 0.662432 0.617816 0.050817 0.080460
0 0.679673 0.745690 0.085299 0.135057