15 0.044776 0.092105 0.089552 0.096491
9 0.050107 0.261696 0.100213 0.137427
28 0.033049 0.429825 0.066098 0.093567
24 0.029851 0.548246 0.059701 0.084795
33 0.035181 0.687135 0.070362 0.099415
29 0.034115 0.804094 0.068230 0.105263
18 0.148188 0.078947 0.078891 0.099415
12 0.158849 0.247076 0.100213 0.137427
6 0.158849 0.440058 0.100213 0.137427
1 0.158849 0.612573 0.100213 0.137427
20 0.149254 0.744152 0.081023 0.096491
7 0.158849 0.884503 0.100213 0.137427
4 0.267591 0.089181 0.100213 0.137427
35 0.253731 0.219298 0.072495 0.081871
34 0.248401 0.349415 0.061834 0.096491
13 0.267591 0.501462 0.100213 0.137427
11 0.267591 0.694444 0.100213 0.137427
5 0.267591 0.858187 0.100213 0.137427
16 0.359275 0.067251 0.066098 0.081871
2 0.376333 0.200292 0.100213 0.137427
27 0.356077 0.336257 0.059701 0.081871
32 0.463753 0.440058 0.275053 0.067251
25 0.535181 0.558480 0.417910 0.076023
10 0.376333 0.706140 0.100213 0.137427
31 0.817697 0.071637 0.130064 0.067251
17 0.794243 0.166667 0.083156 0.093567
14 0.802772 0.302632 0.100213 0.137427
23 0.788913 0.448830 0.072495 0.090643
19 0.792111 0.555556 0.078891 0.081871
26 0.786780 0.665205 0.068230 0.102339
30 0.931770 0.084795 0.081023 0.111111
0 0.941365 0.241228 0.100213 0.137427
8 0.941365 0.404971 0.100213 0.137427
3 0.941365 0.595029 0.100213 0.137427
21 0.922175 0.719298 0.061834 0.081871
22 0.924307 0.828947 0.066098 0.078947