23 0.031657 0.064384 0.063315 0.084932
17 0.036313 0.197260 0.072626 0.087671
18 0.034451 0.304110 0.068901 0.093151
26 0.029795 0.439726 0.059590 0.095890
20 0.035382 0.579452 0.070764 0.090411
6 0.043762 0.730137 0.087523 0.128767
28 0.123836 0.076712 0.057728 0.087671
32 0.215084 0.173973 0.240223 0.063014
16 0.123836 0.260274 0.057728 0.076712
0 0.138734 0.393151 0.087523 0.128767
29 0.124767 0.550685 0.059590 0.098630
13 0.138734 0.705479 0.087523 0.128767
27 0.368715 0.052055 0.052142 0.076712
10 0.386406 0.206849 0.087523 0.128767
14 0.386406 0.352055 0.087523 0.128767
7 0.386406 0.524658 0.087523 0.128767
15 0.381750 0.656164 0.078212 0.090411
9 0.386406 0.779452 0.087523 0.128767
19 0.472067 0.065753 0.068901 0.076712
1 0.481378 0.190411 0.087523 0.128767
33 0.468343 0.323288 0.061453 0.093151
22 0.466480 0.434247 0.057728 0.073973
3 0.481378 0.582192 0.087523 0.128767
35 0.469274 0.736986 0.063315 0.076712
11 0.576350 0.083562 0.087523 0.128767
2 0.576350 0.256164 0.087523 0.128767
12 0.576350 0.423288 0.087523 0.128767
21 0.559590 0.580822 0.054004 0.076712
5 0.576350 0.719178 0.087523 0.128767
8 0.576350 0.902740 0.087523 0.128767
25 0.810056 0.052055 0.364991 0.071233
31 0.684358 0.168493 0.113594 0.063014
34 0.654562 0.272603 0.054004 0.090411
30 0.662942 0.419178 0.070764 0.104110
24 0.653631 0.546575 0.052142 0.079452
4 0.671322 0.669863 0.087523 0.128767