26 0.029038 0.086626 0.058076 0.106383
10 0.042650 0.256839 0.085299 0.142857
20 0.034483 0.408815 0.068966 0.100304
2 0.042650 0.554711 0.085299 0.142857
28 0.028131 0.689970 0.056261 0.097264
25 0.177858 0.793313 0.355717 0.079027
9 0.405626 0.101824 0.085299 0.142857
8 0.405626 0.281155 0.085299 0.142857
3 0.405626 0.475684 0.085299 0.142857
30 0.397459 0.656535 0.068966 0.115502
4 0.405626 0.810030 0.085299 0.142857
32 0.480036 0.937690 0.234120 0.069909
13 0.647005 0.113982 0.085299 0.142857
34 0.630672 0.281155 0.052632 0.100304
5 0.647005 0.417933 0.085299 0.142857
29 0.633394 0.577508 0.058076 0.109422
18 0.637931 0.708207 0.067151 0.103343
1 0.647005 0.852584 0.085299 0.142857
14 0.739564 0.092705 0.085299 0.142857
11 0.739564 0.290274 0.085299 0.142857
16 0.725045 0.419453 0.056261 0.085106
35 0.727768 0.556231 0.061706 0.085106
24 0.722323 0.682371 0.050817 0.088146
33 0.726860 0.793313 0.059891 0.103343
31 0.844828 0.071429 0.110708 0.069909
15 0.827586 0.199088 0.076225 0.100304
6 0.832123 0.369301 0.085299 0.142857
23 0.820327 0.521277 0.061706 0.094225
7 0.832123 0.688450 0.085299 0.142857
19 0.823049 0.838906 0.067151 0.085106
12 0.950091 0.092705 0.085299 0.142857
27 0.932849 0.249240 0.050817 0.085106
22 0.935572 0.348024 0.056261 0.082067
21 0.933757 0.483283 0.052632 0.085106
0 0.950091 0.648936 0.085299 0.142857
17 0.942831 0.799392 0.070780 0.097264