11 0.043762 0.092705 0.087523 0.142857
23 0.031657 0.256839 0.063315 0.094225
34 0.027002 0.399696 0.054004 0.100304
6 0.043762 0.536474 0.087523 0.142857
28 0.028864 0.689970 0.057728 0.097264
30 0.035382 0.841945 0.070764 0.115502
15 0.134078 0.080547 0.078212 0.100304
16 0.123836 0.206687 0.057728 0.085106
5 0.138734 0.348024 0.087523 0.142857
31 0.151769 0.512158 0.113594 0.069909
0 0.138734 0.636778 0.087523 0.142857
25 0.277467 0.772036 0.364991 0.079027
21 0.494413 0.066869 0.054004 0.085106
9 0.511173 0.214286 0.087523 0.142857
27 0.493482 0.389058 0.052142 0.085106
35 0.499069 0.516717 0.063315 0.085106
14 0.511173 0.651976 0.087523 0.142857
4 0.511173 0.822188 0.087523 0.142857
33 0.593110 0.088146 0.061453 0.103343
7 0.606145 0.262918 0.087523 0.142857
13 0.606145 0.420973 0.087523 0.142857
29 0.592179 0.562310 0.059590 0.109422
10 0.606145 0.703647 0.087523 0.142857
24 0.588454 0.867781 0.052142 0.088146
1 0.701117 0.113982 0.087523 0.142857
2 0.701117 0.311550 0.087523 0.142857
8 0.701117 0.506079 0.087523 0.142857
12 0.701117 0.670213 0.087523 0.142857
18 0.691806 0.811550 0.068901 0.103343
17 0.693669 0.933131 0.072626 0.097264
19 0.786778 0.060790 0.068901 0.085106
32 0.872439 0.193009 0.240223 0.069909
26 0.782123 0.329787 0.059590 0.106383
20 0.787709 0.490881 0.070764 0.100304
22 0.781192 0.597264 0.057728 0.082067
3 0.796089 0.752280 0.087523 0.142857