11 0.042650 0.107251 0.085299 0.141994
7 0.042650 0.288520 0.085299 0.141994
8 0.042650 0.484894 0.085299 0.141994
16 0.028131 0.628399 0.056261 0.084592
23 0.030853 0.756798 0.061706 0.093656
5 0.042650 0.898792 0.085299 0.141994
3 0.135209 0.101208 0.085299 0.141994
20 0.127042 0.240181 0.068966 0.099698
12 0.135209 0.391239 0.085299 0.141994
33 0.122505 0.546828 0.059891 0.102719
10 0.135209 0.699396 0.085299 0.141994
6 0.135209 0.865559 0.085299 0.141994
34 0.211434 0.095166 0.052632 0.099698
26 0.214156 0.240181 0.058076 0.105740
4 0.227768 0.397281 0.085299 0.141994
25 0.362976 0.531722 0.355717 0.078550
30 0.219601 0.649547 0.068966 0.114804
15 0.223230 0.790030 0.076225 0.099698
31 0.603448 0.077039 0.110708 0.069486
19 0.581670 0.208459 0.067151 0.084592
14 0.590744 0.382175 0.085299 0.141994
1 0.590744 0.569486 0.085299 0.141994
35 0.578947 0.703927 0.061706 0.084592
28 0.576225 0.815710 0.056261 0.096677
9 0.708711 0.110272 0.085299 0.141994
18 0.699637 0.265861 0.067151 0.102719
2 0.708711 0.436556 0.085299 0.141994
21 0.692377 0.567976 0.052632 0.084592
13 0.708711 0.735650 0.085299 0.141994
22 0.694192 0.886707 0.056261 0.081571
29 0.787659 0.099698 0.058076 0.108761
0 0.801270 0.267372 0.085299 0.141994
32 0.875681 0.421450 0.234120 0.069486
27 0.784029 0.525680 0.050817 0.084592
24 0.784029 0.645015 0.050817 0.087613
17 0.794011 0.755287 0.070780 0.096677