17 0.036313 0.091445 0.072626 0.094395
30 0.035382 0.250737 0.070764 0.112094
1 0.043762 0.426254 0.087523 0.138643
26 0.029795 0.606195 0.059590 0.103245
20 0.035382 0.721239 0.070764 0.097345
22 0.028864 0.859882 0.057728 0.079646
14 0.138734 0.095870 0.087523 0.138643
4 0.138734 0.255162 0.087523 0.138643
9 0.138734 0.408555 0.087523 0.138643
2 0.138734 0.561947 0.087523 0.138643
35 0.126629 0.710914 0.063315 0.082596
34 0.121974 0.856932 0.054004 0.097345
15 0.229050 0.078171 0.078212 0.097345
16 0.218808 0.185841 0.057728 0.082596
23 0.221601 0.314159 0.063315 0.091445
33 0.220670 0.430678 0.061453 0.100295
7 0.233706 0.573746 0.087523 0.138643
24 0.216015 0.744838 0.052142 0.085546
27 0.310987 0.061947 0.052142 0.082596
12 0.328678 0.190265 0.087523 0.138643
0 0.328678 0.358407 0.087523 0.138643
25 0.467412 0.510324 0.364991 0.076696
18 0.319367 0.648968 0.068901 0.100295
29 0.314711 0.805310 0.059590 0.106195
13 0.701117 0.104720 0.087523 0.138643
8 0.701117 0.258112 0.087523 0.138643
31 0.714153 0.405605 0.113594 0.067847
32 0.777467 0.511799 0.240223 0.067847
5 0.701117 0.668142 0.087523 0.138643
19 0.691806 0.820059 0.068901 0.082596
28 0.933892 0.064897 0.057728 0.094395
11 0.948790 0.237463 0.087523 0.138643
3 0.948790 0.405605 0.087523 0.138643
21 0.932030 0.560472 0.054004 0.082596
6 0.948790 0.709440 0.087523 0.138643
10 0.948790 0.874631 0.087523 0.138643