8 0.042650 0.115741 0.085299 0.145062
12 0.042650 0.288580 0.085299 0.145062
20 0.034483 0.467593 0.068966 0.101852
28 0.028131 0.598765 0.056261 0.098765
22 0.028131 0.751543 0.056261 0.083333
3 0.042650 0.902778 0.085299 0.145062
23 0.123412 0.078704 0.061706 0.095679
25 0.270417 0.200617 0.355717 0.080247
9 0.135209 0.341049 0.085299 0.145062
4 0.135209 0.532407 0.085299 0.145062
5 0.135209 0.695988 0.085299 0.145062
27 0.117967 0.864198 0.050817 0.086420
34 0.481851 0.091049 0.052632 0.101852
18 0.489111 0.237654 0.067151 0.104938
32 0.572595 0.341049 0.234120 0.070988
19 0.489111 0.450617 0.067151 0.086420
7 0.498185 0.612654 0.085299 0.145062
29 0.484574 0.768519 0.058076 0.111111
30 0.731397 0.089506 0.068966 0.117284
26 0.725953 0.260802 0.058076 0.108025
33 0.726860 0.429012 0.059891 0.104938
0 0.739564 0.609568 0.085299 0.145062
31 0.752269 0.766975 0.110708 0.070988
24 0.722323 0.905864 0.050817 0.089506
13 0.857532 0.118827 0.085299 0.145062
6 0.857532 0.282407 0.085299 0.145062
11 0.857532 0.458333 0.085299 0.145062
15 0.852995 0.631173 0.076225 0.101852
10 0.857532 0.773148 0.085299 0.145062
16 0.843013 0.922840 0.056261 0.086420
1 0.950091 0.103395 0.085299 0.145062
14 0.950091 0.273148 0.085299 0.145062
21 0.933757 0.410494 0.052632 0.086420
17 0.942831 0.546296 0.070780 0.098765
35 0.938294 0.672840 0.061706 0.086420
2 0.950091 0.804012 0.085299 0.145062