16 0.028864 0.075209 0.057728 0.077994
5 0.043762 0.224234 0.087523 0.130919
9 0.043762 0.388579 0.087523 0.130919
34 0.027002 0.530641 0.054004 0.091922
29 0.029795 0.682451 0.059590 0.100279
17 0.036313 0.810585 0.072626 0.089136
4 0.138734 0.090529 0.087523 0.130919
12 0.138734 0.266017 0.087523 0.130919
15 0.134078 0.410864 0.078212 0.091922
10 0.138734 0.569638 0.087523 0.130919
14 0.138734 0.733983 0.087523 0.130919
0 0.138734 0.912256 0.087523 0.130919
33 0.220670 0.069638 0.061453 0.094708
18 0.224395 0.192201 0.068901 0.094708
28 0.218808 0.328691 0.057728 0.089136
32 0.310056 0.441504 0.240223 0.064067
21 0.216946 0.557103 0.054004 0.077994
26 0.219739 0.664345 0.059590 0.097493
35 0.469274 0.072423 0.063315 0.077994
19 0.472067 0.178273 0.068901 0.077994
11 0.481378 0.310585 0.087523 0.130919
13 0.481378 0.466574 0.087523 0.130919
20 0.472998 0.616992 0.070764 0.091922
2 0.481378 0.753482 0.087523 0.130919
30 0.567970 0.080780 0.070764 0.105850
27 0.558659 0.214485 0.052142 0.077994
31 0.589385 0.335655 0.113594 0.064067
6 0.576350 0.480501 0.087523 0.130919
25 0.715084 0.618384 0.364991 0.072423
1 0.576350 0.753482 0.087523 0.130919
3 0.948790 0.093315 0.087523 0.130919
22 0.933892 0.218663 0.057728 0.075209
24 0.931099 0.349582 0.052142 0.080780
23 0.936685 0.488858 0.063315 0.086351
8 0.948790 0.650418 0.087523 0.130919
7 0.948790 0.831476 0.087523 0.130919