33 0.029946 0.076923 0.059891 0.100592
5 0.042650 0.223373 0.085299 0.139053
16 0.028131 0.360947 0.056261 0.082840
25 0.177858 0.476331 0.355717 0.076923
11 0.042650 0.634615 0.085299 0.139053
29 0.029038 0.784024 0.058076 0.106509
27 0.388385 0.085799 0.050817 0.082840
3 0.405626 0.211538 0.085299 0.139053
18 0.396552 0.378698 0.067151 0.100592
24 0.388385 0.495562 0.050817 0.085799
4 0.405626 0.655325 0.085299 0.139053
2 0.405626 0.838757 0.085299 0.139053
32 0.572595 0.063609 0.234120 0.068047
9 0.498185 0.196746 0.085299 0.139053
13 0.498185 0.380178 0.085299 0.139053
26 0.484574 0.548817 0.058076 0.103550
17 0.490926 0.677515 0.070780 0.094675
21 0.481851 0.819527 0.052632 0.082840
20 0.731397 0.084320 0.068966 0.097633
12 0.739564 0.255917 0.085299 0.139053
10 0.739564 0.433432 0.085299 0.139053
31 0.752269 0.569527 0.110708 0.068047
0 0.739564 0.711538 0.085299 0.139053
6 0.739564 0.874260 0.085299 0.139053
35 0.845735 0.073964 0.061706 0.082840
7 0.857532 0.235207 0.085299 0.139053
23 0.845735 0.409763 0.061706 0.091716
15 0.852995 0.560651 0.076225 0.097633
34 0.841198 0.681953 0.052632 0.097633
28 0.843013 0.795858 0.056261 0.094675
1 0.950091 0.110947 0.085299 0.139053
19 0.941016 0.254438 0.067151 0.082840
14 0.950091 0.400888 0.085299 0.139053
8 0.950091 0.569527 0.085299 0.139053
30 0.941924 0.710059 0.068966 0.112426
22 0.935572 0.841716 0.056261 0.079882