26 0.029795 0.064286 0.059590 0.100000
13 0.043762 0.204286 0.087523 0.134286
31 0.056797 0.350000 0.113594 0.065714
5 0.043762 0.464286 0.087523 0.134286
30 0.035382 0.600000 0.070764 0.108571
25 0.182495 0.720000 0.364991 0.074286
0 0.416201 0.107143 0.087523 0.134286
23 0.404097 0.267143 0.063315 0.088571
8 0.416201 0.424286 0.087523 0.134286
22 0.401304 0.552857 0.057728 0.077143
34 0.399441 0.670000 0.054004 0.094286
35 0.404097 0.814286 0.063315 0.080000
19 0.501862 0.082857 0.068901 0.080000
10 0.511173 0.241429 0.087523 0.134286
24 0.493482 0.390000 0.052142 0.082857
17 0.503724 0.500000 0.072626 0.091429
32 0.587523 0.630000 0.240223 0.065714
7 0.511173 0.778571 0.087523 0.134286
18 0.749534 0.065714 0.068901 0.097143
2 0.758845 0.218571 0.087523 0.134286
20 0.750466 0.364286 0.070764 0.094286
21 0.742086 0.488571 0.054004 0.080000
29 0.744879 0.628571 0.059590 0.102857
1 0.758845 0.767143 0.087523 0.134286
4 0.853818 0.081429 0.087523 0.134286
3 0.853818 0.232857 0.087523 0.134286
15 0.849162 0.364286 0.078212 0.094286
27 0.836127 0.485714 0.052142 0.080000
33 0.840782 0.617143 0.061453 0.097143
28 0.838920 0.731429 0.057728 0.091429
12 0.948790 0.098571 0.087523 0.134286
14 0.948790 0.267143 0.087523 0.134286
9 0.948790 0.432857 0.087523 0.134286
11 0.948790 0.621429 0.087523 0.134286
16 0.933892 0.757143 0.057728 0.080000
6 0.948790 0.912857 0.087523 0.134286