19 0.033575 0.074074 0.067151 0.079772
20 0.034483 0.203704 0.068966 0.094017
16 0.028131 0.321937 0.056261 0.079772
9 0.042650 0.443020 0.085299 0.133903
1 0.042650 0.616809 0.085299 0.133903
18 0.033575 0.780627 0.067151 0.096866
33 0.122505 0.074074 0.059891 0.096866
6 0.135209 0.223647 0.085299 0.133903
12 0.135209 0.408832 0.085299 0.133903
23 0.123412 0.568376 0.061706 0.088319
13 0.135209 0.722222 0.085299 0.133903
8 0.135209 0.904558 0.085299 0.133903
22 0.213249 0.061254 0.056261 0.076923
0 0.227768 0.192308 0.085299 0.133903
24 0.210526 0.340456 0.050817 0.082621
25 0.362976 0.458689 0.355717 0.074074
27 0.210526 0.584046 0.050817 0.079772
21 0.211434 0.698006 0.052632 0.079772
5 0.590744 0.092593 0.085299 0.133903
30 0.582577 0.270655 0.068966 0.108262
7 0.590744 0.431624 0.085299 0.133903
14 0.590744 0.611111 0.085299 0.133903
17 0.583485 0.772080 0.070780 0.091168
29 0.577132 0.891738 0.058076 0.102564
15 0.678766 0.061254 0.076225 0.094017
34 0.666969 0.172365 0.052632 0.094017
2 0.683303 0.300570 0.085299 0.133903
28 0.668784 0.427350 0.056261 0.091168
11 0.683303 0.582621 0.085299 0.133903
31 0.696007 0.713675 0.110708 0.065527
35 0.789474 0.065527 0.061706 0.079772
4 0.801270 0.212251 0.085299 0.133903
26 0.787659 0.357550 0.058076 0.099715
10 0.801270 0.522792 0.085299 0.133903
32 0.875681 0.662393 0.234120 0.065527
3 0.801270 0.796296 0.085299 0.133903