26 0.029520 0.067335 0.059041 0.100287
29 0.029520 0.197708 0.059041 0.103152
19 0.034133 0.343840 0.068266 0.080229
23 0.031365 0.454155 0.062731 0.088825
20 0.035055 0.594556 0.070111 0.094556
22 0.028598 0.717765 0.057196 0.077364
16 0.106089 0.077364 0.057196 0.080229
34 0.104244 0.204871 0.053506 0.094556
31 0.133764 0.310888 0.112546 0.065903
5 0.120849 0.445559 0.086716 0.134670
14 0.120849 0.600287 0.086716 0.134670
12 0.120849 0.760745 0.086716 0.134670
3 0.240775 0.087393 0.086716 0.134670
33 0.227860 0.260745 0.060886 0.097421
11 0.240775 0.405444 0.086716 0.134670
1 0.240775 0.583095 0.086716 0.134670
35 0.228782 0.733524 0.062731 0.080229
17 0.233395 0.868195 0.071956 0.091691
32 0.410517 0.064470 0.238007 0.065903
0 0.334871 0.179083 0.086716 0.134670
8 0.334871 0.339542 0.086716 0.134670
15 0.330258 0.497135 0.077491 0.094556
4 0.334871 0.648997 0.086716 0.134670
21 0.318266 0.770774 0.053506 0.080229
30 0.571956 0.071633 0.070111 0.108883
2 0.580258 0.222063 0.086716 0.134670
13 0.580258 0.391117 0.086716 0.134670
28 0.565498 0.558739 0.057196 0.091691
9 0.580258 0.717765 0.086716 0.134670
10 0.580258 0.883954 0.086716 0.134670
25 0.811808 0.065903 0.361624 0.074499
24 0.656827 0.170487 0.051661 0.083095
6 0.674354 0.302292 0.086716 0.134670
18 0.665129 0.455587 0.068266 0.097421
7 0.674354 0.606017 0.086716 0.134670
27 0.656827 0.739255 0.051661 0.080229