2 0.040470 0.100394 0.080940 0.122047
14 0.040470 0.293307 0.080940 0.122047
28 0.026110 0.431102 0.052219 0.082677
0 0.040470 0.604331 0.080940 0.122047
9 0.040470 0.777559 0.080940 0.122047
21 0.024804 0.901575 0.049608 0.070866
16 0.117493 0.082677 0.052219 0.070866
22 0.117493 0.222441 0.052219 0.066929
33 0.118799 0.366142 0.054830 0.086614
29 0.118799 0.519685 0.054830 0.094488
30 0.124021 0.687008 0.065274 0.098425
5 0.131854 0.872047 0.080940 0.122047
32 0.298956 0.086614 0.232376 0.055118
4 0.223238 0.226378 0.080940 0.122047
10 0.223238 0.411417 0.080940 0.122047
23 0.211488 0.535433 0.057441 0.078740
20 0.215405 0.643701 0.065274 0.082677
6 0.223238 0.777559 0.080940 0.122047
15 0.462141 0.064961 0.073107 0.082677
12 0.466057 0.187008 0.080940 0.122047
24 0.449086 0.332677 0.046997 0.074803
8 0.466057 0.458661 0.080940 0.122047
26 0.453003 0.592520 0.054830 0.090551
18 0.456919 0.751969 0.062663 0.086614
34 0.541775 0.068898 0.049608 0.082677
17 0.550914 0.183071 0.067885 0.082677
25 0.694517 0.297244 0.355091 0.066929
19 0.548303 0.444882 0.062663 0.070866
3 0.557441 0.608268 0.080940 0.122047
11 0.557441 0.789370 0.080940 0.122047
35 0.911227 0.070866 0.057441 0.070866
7 0.922977 0.238189 0.080940 0.122047
13 0.922977 0.415354 0.080940 0.122047
1 0.922977 0.612205 0.080940 0.122047
31 0.936031 0.740157 0.107050 0.055118
27 0.906005 0.842520 0.046997 0.070866