27 0.024129 0.056000 0.048257 0.072000
10 0.041555 0.174000 0.083110 0.124000
18 0.032172 0.328000 0.064343 0.088000
14 0.041555 0.498000 0.083110 0.124000
19 0.032172 0.640000 0.064343 0.072000
21 0.025469 0.788000 0.050938 0.072000
11 0.135389 0.118000 0.083110 0.124000
22 0.120643 0.270000 0.053619 0.068000
2 0.135389 0.422000 0.083110 0.124000
13 0.135389 0.570000 0.083110 0.124000
20 0.127346 0.742000 0.067024 0.084000
9 0.135389 0.894000 0.083110 0.124000
28 0.214477 0.078000 0.053619 0.084000
4 0.229223 0.238000 0.083110 0.124000
26 0.215818 0.426000 0.056300 0.092000
15 0.225201 0.562000 0.075067 0.084000
7 0.229223 0.722000 0.083110 0.124000
16 0.214477 0.852000 0.053619 0.072000
0 0.323056 0.102000 0.083110 0.124000
33 0.309651 0.236000 0.056300 0.088000
17 0.316354 0.342000 0.069705 0.084000
6 0.323056 0.478000 0.083110 0.124000
34 0.306971 0.610000 0.050938 0.084000
1 0.323056 0.790000 0.083110 0.124000
31 0.430295 0.052000 0.109920 0.056000
35 0.404826 0.140000 0.058981 0.072000
8 0.416890 0.258000 0.083110 0.124000
3 0.416890 0.462000 0.083110 0.124000
30 0.408847 0.642000 0.067024 0.100000
32 0.494638 0.748000 0.238606 0.056000
5 0.666220 0.122000 0.083110 0.124000
23 0.654155 0.264000 0.058981 0.080000
29 0.652815 0.404000 0.056300 0.096000
25 0.806971 0.534000 0.364611 0.068000
24 0.648794 0.630000 0.048257 0.076000
12 0.666220 0.754000 0.083110 0.124000