21 0.024804 0.068000 0.049608 0.072000
14 0.040470 0.246000 0.080940 0.124000
13 0.040470 0.414000 0.080940 0.124000
16 0.026110 0.584000 0.052219 0.072000
25 0.177546 0.730000 0.355091 0.068000
29 0.027415 0.892000 0.054830 0.096000
24 0.389034 0.086000 0.046997 0.076000
20 0.398172 0.246000 0.065274 0.084000
19 0.396867 0.344000 0.062663 0.072000
2 0.406005 0.482000 0.080940 0.124000
27 0.389034 0.660000 0.046997 0.072000
32 0.481723 0.744000 0.232376 0.056000
23 0.637076 0.088000 0.057441 0.080000
26 0.635770 0.214000 0.054830 0.092000
9 0.648825 0.390000 0.080940 0.124000
30 0.640992 0.538000 0.065274 0.100000
33 0.635770 0.680000 0.054830 0.088000
3 0.648825 0.806000 0.080940 0.124000
4 0.740209 0.094000 0.080940 0.124000
5 0.740209 0.286000 0.080940 0.124000
35 0.728460 0.408000 0.057441 0.072000
0 0.740209 0.526000 0.080940 0.124000
8 0.740209 0.674000 0.080940 0.124000
28 0.725849 0.842000 0.052219 0.084000
6 0.831593 0.086000 0.080940 0.124000
11 0.831593 0.234000 0.080940 0.124000
18 0.822454 0.408000 0.062663 0.088000
10 0.831593 0.574000 0.080940 0.124000
17 0.825065 0.754000 0.067885 0.084000
7 0.831593 0.886000 0.080940 0.124000
22 0.908616 0.054000 0.052219 0.068000
15 0.919060 0.202000 0.073107 0.084000
12 0.922977 0.370000 0.080940 0.124000
31 0.936031 0.528000 0.107050 0.056000
1 0.922977 0.662000 0.080940 0.124000
34 0.907311 0.814000 0.049608 0.084000