12 0.040470 0.075758 0.080940 0.104377
26 0.027415 0.193603 0.054830 0.077441
1 0.040470 0.308081 0.080940 0.104377
28 0.026110 0.439394 0.052219 0.070707
19 0.031332 0.552189 0.062663 0.060606
21 0.024804 0.663300 0.049608 0.060606
11 0.131854 0.079125 0.080940 0.104377
17 0.125326 0.223906 0.067885 0.070707
7 0.131854 0.338384 0.080940 0.104377
18 0.122715 0.464646 0.062663 0.074074
0 0.131854 0.584175 0.080940 0.104377
25 0.268930 0.685185 0.355091 0.057239
31 0.510444 0.040404 0.107050 0.047138
34 0.481723 0.156566 0.049608 0.070707
23 0.485640 0.249158 0.057441 0.067340
30 0.489556 0.388889 0.065274 0.084175
16 0.483029 0.484848 0.052219 0.060606
22 0.483029 0.570707 0.052219 0.057239
8 0.614883 0.085859 0.080940 0.104377
13 0.614883 0.234007 0.080940 0.104377
29 0.601828 0.393939 0.054830 0.080808
20 0.607050 0.537037 0.065274 0.070707
33 0.601828 0.659933 0.054830 0.074074
24 0.597911 0.782828 0.046997 0.063973
35 0.694517 0.057239 0.057441 0.060606
14 0.706266 0.186869 0.080940 0.104377
4 0.706266 0.335017 0.080940 0.104377
15 0.702350 0.462963 0.073107 0.070707
27 0.689295 0.575758 0.046997 0.060606
32 0.781984 0.646465 0.232376 0.047138
9 0.949086 0.102694 0.080940 0.104377
5 0.949086 0.260943 0.080940 0.104377
3 0.949086 0.429293 0.080940 0.104377
10 0.949086 0.570707 0.080940 0.104377
6 0.949086 0.732323 0.080940 0.104377
2 0.949086 0.904040 0.080940 0.104377