6 0.048137 0.123984 0.096273 0.126016
32 0.138199 0.264228 0.276398 0.056911
25 0.211180 0.380081 0.422360 0.069106
1 0.048137 0.530488 0.096273 0.126016
13 0.048137 0.709350 0.096273 0.126016
4 0.048137 0.871951 0.096273 0.126016
34 0.464286 0.095528 0.059006 0.085366
0 0.482919 0.221545 0.096273 0.126016
18 0.472050 0.382114 0.074534 0.089431
16 0.465839 0.544715 0.062112 0.073171
3 0.482919 0.717480 0.096273 0.126016
31 0.498447 0.857724 0.127329 0.056911
8 0.622671 0.103659 0.096273 0.126016
5 0.622671 0.250000 0.096273 0.126016
29 0.607143 0.434959 0.065217 0.097561
19 0.611801 0.585366 0.074534 0.073171
33 0.607143 0.691057 0.065217 0.089431
11 0.622671 0.819106 0.096273 0.126016
9 0.731366 0.099593 0.096273 0.126016
2 0.731366 0.250000 0.096273 0.126016
28 0.714286 0.388211 0.062112 0.085366
14 0.731366 0.522358 0.096273 0.126016
17 0.723602 0.672764 0.080745 0.085366
24 0.711180 0.778455 0.055901 0.077236
10 0.840062 0.083333 0.096273 0.126016
20 0.830745 0.217480 0.077640 0.085366
27 0.819876 0.317073 0.055901 0.073171
12 0.840062 0.441057 0.096273 0.126016
22 0.822981 0.571138 0.062112 0.069106
7 0.840062 0.733740 0.096273 0.126016
35 0.934783 0.089431 0.068323 0.073171
21 0.930124 0.211382 0.059006 0.073171
26 0.933230 0.347561 0.065217 0.093496
15 0.944099 0.510163 0.086957 0.085366
23 0.934783 0.638211 0.068323 0.081301
30 0.939441 0.782520 0.077640 0.101626