33 0.028150 0.099237 0.056300 0.083969
26 0.028150 0.215649 0.056300 0.087786
0 0.041555 0.379771 0.083110 0.118321
24 0.024129 0.528626 0.048257 0.072519
15 0.037534 0.658397 0.075067 0.080153
29 0.028150 0.778626 0.056300 0.091603
14 0.135389 0.104962 0.083110 0.118321
17 0.128686 0.257634 0.069705 0.080153
8 0.135389 0.425573 0.083110 0.118321
27 0.117962 0.580153 0.048257 0.068702
4 0.135389 0.734733 0.083110 0.118321
10 0.135389 0.917939 0.083110 0.118321
3 0.229223 0.108779 0.083110 0.118321
18 0.219839 0.240458 0.064343 0.083969
28 0.214477 0.391221 0.053619 0.080153
7 0.229223 0.543893 0.083110 0.118321
13 0.229223 0.704198 0.083110 0.118321
2 0.229223 0.868321 0.083110 0.118321
35 0.310992 0.076336 0.058981 0.068702
6 0.323056 0.246183 0.083110 0.118321
23 0.310992 0.408397 0.058981 0.076336
11 0.323056 0.547710 0.083110 0.118321
12 0.323056 0.723282 0.083110 0.118321
19 0.313673 0.858779 0.064343 0.068702
9 0.416890 0.112595 0.083110 0.118321
32 0.494638 0.267176 0.238606 0.053435
31 0.430295 0.377863 0.109920 0.053435
1 0.416890 0.532443 0.083110 0.118321
5 0.416890 0.715649 0.083110 0.118321
20 0.408847 0.883588 0.067024 0.080153
22 0.651475 0.085878 0.053619 0.064885
21 0.650134 0.202290 0.050938 0.068702
25 0.806971 0.341603 0.364611 0.064885
34 0.650134 0.459924 0.050938 0.080153
30 0.658177 0.597328 0.067024 0.095420
16 0.651475 0.698473 0.053619 0.068702