18 0.031332 0.071713 0.062663 0.087649
15 0.036554 0.189243 0.073107 0.083665
14 0.040470 0.328685 0.080940 0.123506
6 0.040470 0.476096 0.080940 0.123506
7 0.040470 0.619522 0.080940 0.123506
35 0.028721 0.768924 0.057441 0.071713
9 0.131854 0.117530 0.080940 0.123506
4 0.131854 0.264940 0.080940 0.123506
29 0.118799 0.406375 0.054830 0.095618
10 0.131854 0.567729 0.080940 0.123506
31 0.144909 0.701195 0.107050 0.055777
0 0.131854 0.818725 0.080940 0.123506
22 0.234987 0.089641 0.052219 0.067729
27 0.232376 0.235060 0.046997 0.071713
34 0.233681 0.356574 0.049608 0.083665
17 0.242820 0.468127 0.067885 0.083665
2 0.249347 0.591633 0.080940 0.123506
16 0.234987 0.764940 0.052219 0.071713
33 0.327676 0.075697 0.054830 0.087649
5 0.340731 0.221116 0.080940 0.123506
20 0.332898 0.376494 0.065274 0.083665
3 0.340731 0.523904 0.080940 0.123506
8 0.340731 0.723108 0.080940 0.123506
12 0.340731 0.918327 0.080940 0.123506
11 0.432115 0.081673 0.080940 0.123506
21 0.416449 0.235060 0.049608 0.071713
25 0.569191 0.352590 0.355091 0.067729
23 0.420366 0.474104 0.057441 0.079681
30 0.424282 0.631474 0.065274 0.099602
24 0.415144 0.774900 0.046997 0.075697
1 0.797650 0.109562 0.080940 0.123506
13 0.797650 0.252988 0.080940 0.123506
19 0.788512 0.374502 0.062663 0.071713
28 0.783290 0.519920 0.052219 0.083665
26 0.784595 0.687251 0.054830 0.091633
32 0.873368 0.820717 0.232376 0.055777