21 0.025469 0.066148 0.050938 0.070039
27 0.024129 0.178988 0.048257 0.070039
19 0.032172 0.311284 0.064343 0.070039
12 0.041555 0.433852 0.083110 0.120623
30 0.033512 0.577821 0.067024 0.097276
23 0.029491 0.727626 0.058981 0.077821
16 0.120643 0.066148 0.053619 0.070039
0 0.135389 0.215953 0.083110 0.120623
2 0.135389 0.363813 0.083110 0.120623
18 0.126005 0.540856 0.064343 0.085603
5 0.135389 0.686770 0.083110 0.120623
4 0.135389 0.865759 0.083110 0.120623
11 0.229223 0.110895 0.083110 0.120623
7 0.229223 0.305447 0.083110 0.120623
1 0.229223 0.449416 0.083110 0.120623
28 0.214477 0.593385 0.053619 0.081712
34 0.213137 0.698444 0.050938 0.081712
14 0.229223 0.819066 0.083110 0.120623
26 0.309651 0.071984 0.056300 0.089494
8 0.323056 0.204280 0.083110 0.120623
13 0.323056 0.371595 0.083110 0.120623
32 0.400804 0.525292 0.238606 0.054475
35 0.310992 0.657588 0.058981 0.070039
3 0.323056 0.815175 0.083110 0.120623
20 0.564343 0.087549 0.067024 0.081712
29 0.558981 0.214008 0.056300 0.093385
10 0.572386 0.363813 0.083110 0.120623
15 0.568365 0.496109 0.075067 0.081712
33 0.558981 0.653696 0.056300 0.085603
6 0.572386 0.776265 0.083110 0.120623
24 0.648794 0.095331 0.048257 0.073930
22 0.651475 0.212062 0.053619 0.066148
9 0.666220 0.367704 0.083110 0.120623
25 0.806971 0.538911 0.364611 0.066148
31 0.679625 0.622568 0.109920 0.054475
17 0.659517 0.756809 0.069705 0.081712