28 0.030769 0.094758 0.061538 0.084677
31 0.063077 0.221774 0.126154 0.056452
14 0.047692 0.336694 0.095385 0.125000
29 0.032308 0.479839 0.064615 0.096774
24 0.027692 0.598790 0.055385 0.076613
35 0.033846 0.713710 0.067692 0.072581
8 0.186154 0.102823 0.095385 0.125000
17 0.178462 0.284274 0.080000 0.084677
32 0.275385 0.431452 0.273846 0.056452
19 0.175385 0.528226 0.073846 0.072581
4 0.186154 0.659274 0.095385 0.125000
25 0.347692 0.816532 0.418462 0.068548
12 0.616923 0.102823 0.095385 0.125000
10 0.616923 0.292339 0.095385 0.125000
16 0.600000 0.439516 0.061538 0.072581
13 0.616923 0.586694 0.095385 0.125000
26 0.601538 0.723790 0.064615 0.092742
2 0.616923 0.860887 0.095385 0.125000
18 0.713846 0.080645 0.073846 0.088710
1 0.724615 0.239919 0.095385 0.125000
6 0.724615 0.437500 0.095385 0.125000
15 0.720000 0.582661 0.086154 0.084677
21 0.706154 0.737903 0.058462 0.072581
20 0.715385 0.836694 0.076923 0.084677
5 0.832308 0.086694 0.095385 0.125000
11 0.832308 0.284274 0.095385 0.125000
3 0.832308 0.437500 0.095385 0.125000
0 0.832308 0.614919 0.095385 0.125000
30 0.823077 0.756048 0.076923 0.100806
34 0.813846 0.905242 0.058462 0.084677
9 0.940000 0.086694 0.095385 0.125000
33 0.924615 0.233871 0.064615 0.088710
27 0.920000 0.383065 0.055385 0.072581
23 0.926154 0.504032 0.067692 0.080645
22 0.923077 0.631048 0.061538 0.068548
7 0.940000 0.747984 0.095385 0.125000