16 0.030769 0.070039 0.061538 0.070039
21 0.029231 0.214008 0.058462 0.070039
15 0.043077 0.359922 0.086154 0.081712
35 0.033846 0.490272 0.067692 0.070039
2 0.047692 0.608949 0.095385 0.120623
8 0.047692 0.784047 0.095385 0.120623
17 0.147692 0.075875 0.080000 0.081712
28 0.138462 0.208171 0.061538 0.081712
26 0.140000 0.313230 0.064615 0.089494
19 0.144615 0.459144 0.073846 0.070039
27 0.135385 0.575875 0.055385 0.070039
7 0.155385 0.694553 0.095385 0.120623
3 0.263077 0.114786 0.095385 0.120623
5 0.263077 0.297665 0.095385 0.120623
24 0.243077 0.422179 0.055385 0.073930
13 0.263077 0.546693 0.095385 0.120623
23 0.249231 0.688716 0.067692 0.077821
14 0.263077 0.807393 0.095385 0.120623
12 0.370769 0.114786 0.095385 0.120623
33 0.355385 0.284047 0.064615 0.085603
18 0.360000 0.400778 0.073846 0.085603
25 0.532308 0.546693 0.418462 0.066148
32 0.460000 0.684825 0.273846 0.054475
6 0.370769 0.834630 0.095385 0.120623
9 0.801538 0.107004 0.095385 0.120623
34 0.783077 0.231518 0.058462 0.081712
31 0.816923 0.319066 0.126154 0.054475
20 0.792308 0.441634 0.076923 0.081712
1 0.801538 0.620623 0.095385 0.120623
0 0.801538 0.764591 0.095385 0.120623
11 0.940000 0.103113 0.095385 0.120623
10 0.940000 0.247082 0.095385 0.120623
29 0.924615 0.420233 0.064615 0.093385
22 0.923077 0.573930 0.061538 0.066148
30 0.930769 0.725681 0.076923 0.097276
4 0.940000 0.873541 0.095385 0.120623