35 0.028721 0.088710 0.057441 0.072581
31 0.053525 0.177419 0.107050 0.056452
21 0.024804 0.322581 0.049608 0.072581
8 0.040470 0.489919 0.080940 0.125000
6 0.040470 0.647177 0.080940 0.125000
9 0.040470 0.796371 0.080940 0.125000
16 0.143603 0.096774 0.052219 0.072581
12 0.157963 0.223790 0.080940 0.125000
24 0.140992 0.397177 0.046997 0.076613
3 0.157963 0.558468 0.080940 0.125000
23 0.146214 0.689516 0.057441 0.080645
17 0.151436 0.840726 0.067885 0.084677
14 0.249347 0.102823 0.080940 0.125000
29 0.236292 0.270161 0.054830 0.096774
32 0.325065 0.391129 0.232376 0.056452
34 0.233681 0.489919 0.049608 0.084677
19 0.240209 0.592742 0.062663 0.072581
22 0.234987 0.691532 0.052219 0.068548
2 0.492167 0.110887 0.080940 0.125000
7 0.492167 0.268145 0.080940 0.125000
13 0.492167 0.449597 0.080940 0.125000
10 0.492167 0.614919 0.080940 0.125000
25 0.629243 0.780242 0.355091 0.068548
27 0.475196 0.919355 0.046997 0.072581
30 0.849869 0.070565 0.065274 0.100806
11 0.857702 0.223790 0.080940 0.125000
5 0.857702 0.385081 0.080940 0.125000
0 0.857702 0.546371 0.080940 0.125000
26 0.844648 0.723790 0.054830 0.092742
15 0.853786 0.856855 0.073107 0.084677
1 0.949086 0.098790 0.080940 0.125000
28 0.934726 0.264113 0.052219 0.084677
33 0.936031 0.407258 0.054830 0.088710
20 0.941253 0.522177 0.065274 0.084677
18 0.939948 0.673387 0.062663 0.088710
4 0.949086 0.860887 0.080940 0.125000