20 0.032637 0.095506 0.065274 0.078652
14 0.040470 0.234082 0.080940 0.116105
29 0.027415 0.393258 0.054830 0.089888
24 0.023499 0.526217 0.046997 0.071161
33 0.027415 0.651685 0.054830 0.082397
27 0.023499 0.760300 0.046997 0.067416
21 0.116188 0.086142 0.049608 0.067416
0 0.131854 0.215356 0.080940 0.116105
11 0.131854 0.395131 0.080940 0.116105
25 0.268930 0.522472 0.355091 0.063670
6 0.131854 0.672285 0.080940 0.116105
22 0.117493 0.807116 0.052219 0.063670
8 0.497389 0.102996 0.080940 0.116105
13 0.497389 0.245318 0.080940 0.116105
12 0.497389 0.428839 0.080940 0.116105
16 0.483029 0.569288 0.052219 0.067416
9 0.497389 0.728464 0.080940 0.116105
30 0.489556 0.900749 0.065274 0.093633
28 0.574413 0.091760 0.052219 0.078652
34 0.573107 0.230337 0.049608 0.078652
2 0.588773 0.368914 0.080940 0.116105
23 0.577023 0.524345 0.057441 0.074906
31 0.601828 0.647940 0.107050 0.052434
18 0.579634 0.771536 0.062663 0.082397
15 0.702350 0.073034 0.073107 0.078652
5 0.706266 0.207865 0.080940 0.116105
4 0.706266 0.387640 0.080940 0.116105
1 0.706266 0.548689 0.080940 0.116105
35 0.694517 0.696629 0.057441 0.067416
7 0.706266 0.855805 0.080940 0.116105
32 0.873368 0.048689 0.232376 0.052434
19 0.788512 0.183521 0.062663 0.067416
10 0.797650 0.346442 0.080940 0.116105
3 0.797650 0.488764 0.080940 0.116105
17 0.791123 0.649813 0.067885 0.078652
26 0.784595 0.784644 0.054830 0.086142