30 0.032637 0.093750 0.065274 0.104167
15 0.036554 0.252083 0.073107 0.087500
19 0.031332 0.400000 0.062663 0.075000
4 0.040470 0.556250 0.080940 0.129167
23 0.028721 0.712500 0.057441 0.083333
26 0.027415 0.839583 0.054830 0.095833
9 0.131854 0.106250 0.080940 0.129167
12 0.131854 0.260417 0.080940 0.129167
27 0.114883 0.383333 0.046997 0.075000
20 0.124021 0.527083 0.065274 0.087500
24 0.114883 0.639583 0.046997 0.079167
1 0.131854 0.793750 0.080940 0.129167
35 0.211488 0.075000 0.057441 0.075000
0 0.223238 0.243750 0.080940 0.129167
16 0.208877 0.425000 0.052219 0.075000
13 0.223238 0.572917 0.080940 0.129167
18 0.214099 0.758333 0.062663 0.091667
5 0.223238 0.897917 0.080940 0.129167
10 0.314621 0.089583 0.080940 0.129167
28 0.300261 0.264583 0.052219 0.087500
2 0.314621 0.422917 0.080940 0.129167
6 0.314621 0.631250 0.080940 0.129167
21 0.298956 0.766667 0.049608 0.075000
32 0.390339 0.900000 0.232376 0.058333
29 0.544386 0.091667 0.054830 0.100000
14 0.557441 0.227083 0.080940 0.129167
34 0.541775 0.389583 0.049608 0.087500
8 0.557441 0.518750 0.080940 0.129167
22 0.543081 0.693750 0.052219 0.070833
25 0.694517 0.847917 0.355091 0.070833
17 0.916449 0.089583 0.067885 0.087500
7 0.922977 0.256250 0.080940 0.129167
33 0.909922 0.395833 0.054830 0.091667
3 0.922977 0.527083 0.080940 0.129167
11 0.922977 0.710417 0.080940 0.129167
31 0.936031 0.837500 0.107050 0.058333