9 0.040470 0.094595 0.080940 0.119691
24 0.023499 0.210425 0.046997 0.073359
4 0.040470 0.372587 0.080940 0.119691
17 0.033943 0.523166 0.067885 0.081081
8 0.040470 0.642857 0.080940 0.119691
26 0.027415 0.816602 0.054830 0.088803
5 0.131854 0.110039 0.080940 0.119691
33 0.118799 0.247104 0.054830 0.084942
34 0.116188 0.376448 0.049608 0.081081
7 0.131854 0.538610 0.080940 0.119691
14 0.131854 0.723938 0.080940 0.119691
29 0.118799 0.876448 0.054830 0.092664
32 0.298956 0.084942 0.232376 0.054054
12 0.223238 0.233591 0.080940 0.119691
27 0.206266 0.366795 0.046997 0.069498
16 0.208877 0.467181 0.052219 0.069498
19 0.214099 0.602317 0.062663 0.069498
15 0.219321 0.708494 0.073107 0.081081
13 0.466057 0.113900 0.080940 0.119691
25 0.603133 0.237452 0.355091 0.065637
11 0.466057 0.372587 0.080940 0.119691
20 0.458225 0.515444 0.065274 0.081081
30 0.458225 0.623552 0.065274 0.096525
1 0.466057 0.750965 0.080940 0.119691
21 0.815927 0.084942 0.049608 0.069498
31 0.844648 0.166023 0.107050 0.054054
2 0.831593 0.291506 0.080940 0.119691
0 0.831593 0.445946 0.080940 0.119691
3 0.831593 0.631274 0.080940 0.119691
18 0.822454 0.810811 0.062663 0.084942
22 0.934726 0.075290 0.052219 0.065637
10 0.949086 0.194981 0.080940 0.119691
35 0.937337 0.347490 0.057441 0.069498
28 0.934726 0.492278 0.052219 0.081081
6 0.949086 0.619691 0.080940 0.119691
23 0.937337 0.760618 0.057441 0.077220