17 0.033943 0.094961 0.067885 0.081395
2 0.040470 0.234496 0.080940 0.120155
32 0.116188 0.360465 0.232376 0.054264
20 0.032637 0.494186 0.065274 0.081395
33 0.027415 0.631783 0.054830 0.085271
28 0.026110 0.738372 0.052219 0.081395
26 0.270235 0.063953 0.054830 0.089147
14 0.283290 0.195736 0.080940 0.120155
35 0.271540 0.333333 0.057441 0.069767
30 0.275457 0.474806 0.065274 0.096899
13 0.283290 0.649225 0.080940 0.120155
9 0.283290 0.839147 0.080940 0.120155
34 0.359008 0.075581 0.049608 0.081395
6 0.374674 0.234496 0.080940 0.120155
16 0.360313 0.391473 0.052219 0.069767
1 0.374674 0.540698 0.080940 0.120155
0 0.374674 0.722868 0.080940 0.120155
12 0.374674 0.901163 0.080940 0.120155
24 0.449086 0.071705 0.046997 0.073643
22 0.451697 0.211240 0.052219 0.065891
18 0.456919 0.313953 0.062663 0.085271
19 0.456919 0.468992 0.062663 0.069767
21 0.450392 0.573643 0.049608 0.069767
11 0.466057 0.707364 0.080940 0.120155
7 0.557441 0.079457 0.080940 0.120155
15 0.553525 0.215116 0.073107 0.081395
8 0.557441 0.385659 0.080940 0.120155
29 0.544386 0.565891 0.054830 0.093023
25 0.694517 0.664729 0.355091 0.065891
23 0.545692 0.759690 0.057441 0.077519
10 0.922977 0.114341 0.080940 0.120155
3 0.922977 0.308140 0.080940 0.120155
5 0.922977 0.490310 0.080940 0.120155
4 0.922977 0.660853 0.080940 0.120155
27 0.906005 0.790698 0.046997 0.069767
31 0.936031 0.875969 0.107050 0.054264