7 0.041555 0.097610 0.083110 0.123506
13 0.041555 0.280876 0.083110 0.123506
34 0.025469 0.452191 0.050938 0.083665
18 0.032172 0.573705 0.064343 0.087649
22 0.026810 0.727092 0.053619 0.067729
35 0.029491 0.836653 0.058981 0.071713
21 0.119303 0.055777 0.050938 0.071713
32 0.213137 0.179283 0.238606 0.055777
10 0.135389 0.340637 0.083110 0.123506
4 0.135389 0.503984 0.083110 0.123506
23 0.123324 0.677291 0.058981 0.079681
27 0.117962 0.776892 0.048257 0.071713
30 0.376676 0.069721 0.067024 0.099602
24 0.367292 0.201195 0.048257 0.075697
28 0.369973 0.300797 0.053619 0.083665
0 0.384718 0.480080 0.083110 0.123506
12 0.384718 0.683267 0.083110 0.123506
17 0.378016 0.838645 0.069705 0.083665
1 0.478552 0.081673 0.083110 0.123506
11 0.478552 0.272908 0.083110 0.123506
15 0.474531 0.440239 0.075067 0.083665
16 0.463807 0.593625 0.053619 0.071713
2 0.478552 0.762948 0.083110 0.123506
20 0.470509 0.910359 0.067024 0.083665
19 0.563003 0.063745 0.064343 0.071713
6 0.572386 0.189243 0.083110 0.123506
9 0.572386 0.368526 0.083110 0.123506
5 0.572386 0.539841 0.083110 0.123506
8 0.572386 0.695219 0.083110 0.123506
29 0.558981 0.844622 0.056300 0.095618
25 0.806971 0.061753 0.364611 0.067729
14 0.666220 0.237052 0.083110 0.123506
3 0.666220 0.424303 0.083110 0.123506
31 0.679625 0.565737 0.109920 0.055777
33 0.652815 0.697211 0.056300 0.087649
26 0.652815 0.830677 0.056300 0.091633