9 0.040470 0.117284 0.080940 0.127572
32 0.116188 0.238683 0.232376 0.057613
6 0.040470 0.360082 0.080940 0.127572
0 0.040470 0.520576 0.080940 0.127572
18 0.031332 0.650206 0.062663 0.090535
29 0.027415 0.823045 0.054830 0.098765
27 0.266319 0.098765 0.046997 0.074074
16 0.268930 0.222222 0.052219 0.074074
33 0.270235 0.374486 0.054830 0.090535
7 0.283290 0.512346 0.080940 0.127572
28 0.268930 0.668724 0.052219 0.086420
35 0.271540 0.781893 0.057441 0.074074
13 0.374674 0.088477 0.080940 0.127572
3 0.374674 0.244856 0.080940 0.127572
23 0.362924 0.411523 0.057441 0.082305
25 0.511749 0.545267 0.355091 0.069959
11 0.374674 0.709877 0.080940 0.127572
21 0.359008 0.864198 0.049608 0.074074
17 0.733681 0.096708 0.067885 0.086420
14 0.740209 0.257202 0.080940 0.127572
8 0.740209 0.434156 0.080940 0.127572
5 0.740209 0.594650 0.080940 0.127572
20 0.732376 0.775720 0.065274 0.086420
19 0.731070 0.884774 0.062663 0.074074
30 0.823760 0.096708 0.065274 0.102881
26 0.818538 0.257202 0.054830 0.094650
15 0.827676 0.401235 0.073107 0.086420
2 0.831593 0.582305 0.080940 0.127572
10 0.831593 0.730453 0.080940 0.127572
34 0.815927 0.870370 0.049608 0.086420
4 0.922977 0.109053 0.080940 0.127572
24 0.906005 0.261317 0.046997 0.078189
1 0.922977 0.438272 0.080940 0.127572
22 0.908616 0.569959 0.052219 0.069959
31 0.936031 0.674897 0.107050 0.057613
12 0.922977 0.833333 0.080940 0.127572