12 0.040470 0.105578 0.080940 0.123506
35 0.028721 0.247012 0.057441 0.071713
5 0.040470 0.392430 0.080940 0.123506
34 0.024804 0.531873 0.049608 0.083665
23 0.028721 0.637450 0.057441 0.079681
2 0.040470 0.810757 0.080940 0.123506
29 0.118799 0.079681 0.054830 0.095618
16 0.117493 0.203187 0.052219 0.071713
32 0.207572 0.314741 0.232376 0.055777
18 0.122715 0.426295 0.062663 0.087649
4 0.131854 0.595618 0.080940 0.123506
13 0.131854 0.782869 0.080940 0.123506
14 0.374674 0.105578 0.080940 0.123506
33 0.361619 0.239044 0.054830 0.087649
17 0.368146 0.356574 0.067885 0.083665
3 0.374674 0.480080 0.080940 0.123506
20 0.366841 0.611554 0.065274 0.083665
26 0.361619 0.719124 0.054830 0.091633
25 0.603133 0.069721 0.355091 0.067729
10 0.466057 0.201195 0.080940 0.123506
1 0.466057 0.396414 0.080940 0.123506
0 0.466057 0.595618 0.080940 0.123506
19 0.456919 0.741036 0.062663 0.071713
8 0.466057 0.898406 0.080940 0.123506
27 0.814621 0.083665 0.046997 0.071713
6 0.831593 0.241036 0.080940 0.123506
15 0.827676 0.412351 0.073107 0.083665
21 0.815927 0.525896 0.049608 0.071713
24 0.814621 0.627490 0.046997 0.075697
22 0.817232 0.750996 0.052219 0.067729
30 0.915144 0.105578 0.065274 0.099602
9 0.922977 0.245020 0.080940 0.123506
31 0.936031 0.378486 0.107050 0.055777
7 0.922977 0.535857 0.080940 0.123506
28 0.908616 0.699203 0.052219 0.083665
11 0.922977 0.878486 0.080940 0.123506