17 0.033943 0.076132 0.067885 0.086420
21 0.024804 0.205761 0.049608 0.074074
5 0.040470 0.339506 0.080940 0.127572
26 0.027415 0.524691 0.054830 0.094650
16 0.026110 0.662551 0.052219 0.074074
12 0.040470 0.845679 0.080940 0.127572
27 0.114883 0.069959 0.046997 0.074074
13 0.131854 0.211934 0.080940 0.127572
23 0.120104 0.353909 0.057441 0.082305
10 0.131854 0.541152 0.080940 0.127572
28 0.117493 0.722222 0.052219 0.086420
0 0.131854 0.895062 0.080940 0.127572
34 0.207572 0.104938 0.049608 0.086420
2 0.223238 0.232510 0.080940 0.127572
7 0.223238 0.434156 0.080940 0.127572
24 0.206266 0.615226 0.046997 0.078189
29 0.210183 0.757202 0.054830 0.098765
32 0.298956 0.860082 0.232376 0.057613
18 0.456919 0.106996 0.062663 0.090535
30 0.458225 0.265432 0.065274 0.102881
15 0.462141 0.380658 0.073107 0.086420
1 0.466057 0.520576 0.080940 0.127572
31 0.479112 0.695473 0.107050 0.057613
22 0.451697 0.825103 0.052219 0.069959
35 0.571802 0.057613 0.057441 0.074074
4 0.583551 0.211934 0.080940 0.127572
9 0.583551 0.364198 0.080940 0.127572
6 0.583551 0.532922 0.080940 0.127572
3 0.583551 0.738683 0.080940 0.127572
19 0.574413 0.913580 0.062663 0.074074
20 0.667102 0.072016 0.065274 0.086420
14 0.674935 0.236626 0.080940 0.127572
8 0.674935 0.421811 0.080940 0.127572
33 0.661880 0.572016 0.054830 0.090535
11 0.674935 0.701646 0.080940 0.127572
25 0.812010 0.841564 0.355091 0.069959