34 0.024804 0.073034 0.049608 0.078652
20 0.032637 0.219101 0.065274 0.078652
3 0.040470 0.387640 0.080940 0.116105
13 0.040470 0.526217 0.080940 0.116105
23 0.028721 0.685393 0.057441 0.074906
7 0.040470 0.855805 0.080940 0.116105
2 0.131854 0.095506 0.080940 0.116105
14 0.131854 0.275281 0.080940 0.116105
28 0.117493 0.406367 0.052219 0.078652
1 0.131854 0.574906 0.080940 0.116105
27 0.114883 0.707865 0.046997 0.067416
6 0.131854 0.867041 0.080940 0.116105
5 0.223238 0.106742 0.080940 0.116105
31 0.236292 0.224719 0.107050 0.052434
8 0.223238 0.376404 0.080940 0.116105
4 0.223238 0.526217 0.080940 0.116105
30 0.215405 0.691011 0.065274 0.093633
11 0.223238 0.867041 0.080940 0.116105
15 0.336815 0.080524 0.073107 0.078652
26 0.327676 0.237828 0.054830 0.086142
19 0.331593 0.374532 0.062663 0.067416
24 0.323760 0.503745 0.046997 0.071161
12 0.340731 0.646067 0.080940 0.116105
10 0.340731 0.780899 0.080940 0.116105
35 0.420366 0.078652 0.057441 0.067416
25 0.569191 0.181648 0.355091 0.063670
9 0.432115 0.342697 0.080940 0.116105
18 0.422977 0.468165 0.062663 0.082397
17 0.425587 0.597378 0.067885 0.078652
33 0.419060 0.700375 0.054830 0.082397
16 0.783290 0.074906 0.052219 0.067416
29 0.784595 0.172285 0.054830 0.089888
32 0.873368 0.288390 0.232376 0.052434
22 0.783290 0.365169 0.052219 0.063670
0 0.797650 0.522472 0.080940 0.116105
21 0.781984 0.644195 0.049608 0.067416