3 0.040470 0.105159 0.080940 0.123016
25 0.177546 0.224206 0.355091 0.067460
19 0.031332 0.341270 0.062663 0.071429
13 0.040470 0.498016 0.080940 0.123016
26 0.027415 0.632937 0.054830 0.091270
33 0.027415 0.777778 0.054830 0.087302
5 0.406005 0.089286 0.080940 0.123016
17 0.399478 0.240079 0.067885 0.083333
31 0.419060 0.337302 0.107050 0.055556
18 0.396867 0.472222 0.062663 0.087302
23 0.394256 0.607143 0.057441 0.079365
30 0.398172 0.740079 0.065274 0.099206
10 0.523499 0.081349 0.080940 0.123016
4 0.523499 0.259921 0.080940 0.123016
8 0.523499 0.410714 0.080940 0.123016
1 0.523499 0.577381 0.080940 0.123016
20 0.515666 0.740079 0.065274 0.083333
7 0.523499 0.890873 0.080940 0.123016
15 0.610966 0.097222 0.073107 0.083333
32 0.690601 0.238095 0.232376 0.055556
16 0.600522 0.329365 0.052219 0.071429
0 0.614883 0.490079 0.080940 0.123016
29 0.601828 0.642857 0.054830 0.095238
2 0.614883 0.795635 0.080940 0.123016
9 0.857702 0.081349 0.080940 0.123016
24 0.840731 0.204365 0.046997 0.075397
27 0.840731 0.317460 0.046997 0.071429
34 0.842037 0.474206 0.049608 0.083333
11 0.857702 0.628968 0.080940 0.123016
6 0.857702 0.775794 0.080940 0.123016
12 0.949086 0.101190 0.080940 0.123016
35 0.937337 0.246032 0.057441 0.071429
22 0.934726 0.343254 0.052219 0.067460
14 0.949086 0.486111 0.080940 0.123016
28 0.934726 0.652778 0.052219 0.083333
21 0.933420 0.805556 0.049608 0.071429