32 0.116188 0.056391 0.232376 0.052632
15 0.036554 0.178571 0.073107 0.078947
16 0.026110 0.270677 0.052219 0.067669
8 0.040470 0.396617 0.080940 0.116541
26 0.027415 0.543233 0.054830 0.086466
17 0.033943 0.686090 0.067885 0.078947
10 0.283290 0.084586 0.080940 0.116541
34 0.267624 0.212406 0.049608 0.078947
25 0.420366 0.347744 0.355091 0.063910
9 0.283290 0.460526 0.080940 0.116541
22 0.268930 0.569549 0.052219 0.063910
4 0.283290 0.701128 0.080940 0.116541
1 0.648825 0.107143 0.080940 0.116541
29 0.635770 0.251880 0.054830 0.090226
13 0.648825 0.415414 0.080940 0.116541
30 0.640992 0.573308 0.065274 0.093985
11 0.648825 0.708647 0.080940 0.116541
0 0.648825 0.870301 0.080940 0.116541
7 0.740209 0.092105 0.080940 0.116541
14 0.740209 0.261278 0.080940 0.116541
6 0.740209 0.407895 0.080940 0.116541
28 0.725849 0.528195 0.052219 0.078947
24 0.723238 0.637218 0.046997 0.071429
31 0.753264 0.721805 0.107050 0.052632
33 0.844648 0.078947 0.054830 0.082707
2 0.857702 0.238722 0.080940 0.116541
20 0.849869 0.366541 0.065274 0.078947
5 0.857702 0.509398 0.080940 0.116541
21 0.842037 0.669173 0.049608 0.067669
27 0.840731 0.763158 0.046997 0.067669
12 0.949086 0.103383 0.080940 0.116541
23 0.937337 0.218045 0.057441 0.075188
3 0.949086 0.355263 0.080940 0.116541
19 0.939948 0.481203 0.062663 0.067669
18 0.939948 0.612782 0.062663 0.082707
35 0.937337 0.740602 0.057441 0.067669