14 0.041555 0.107774 0.083110 0.109541
9 0.041555 0.284452 0.083110 0.109541
17 0.034853 0.429329 0.069705 0.074205
11 0.041555 0.577739 0.083110 0.109541
12 0.041555 0.757951 0.083110 0.109541
2 0.041555 0.902827 0.083110 0.109541
5 0.135389 0.079505 0.083110 0.109541
33 0.121984 0.212014 0.056300 0.077739
13 0.135389 0.326855 0.083110 0.109541
18 0.126005 0.473498 0.064343 0.077739
3 0.135389 0.606007 0.083110 0.109541
4 0.135389 0.782686 0.083110 0.109541
34 0.213137 0.061837 0.050938 0.074205
23 0.217158 0.187279 0.058981 0.070671
20 0.221180 0.284452 0.067024 0.074205
28 0.214477 0.386926 0.053619 0.074205
6 0.229223 0.531802 0.083110 0.109541
27 0.211796 0.643110 0.048257 0.063604
15 0.319035 0.079505 0.075067 0.074205
16 0.308311 0.201413 0.053619 0.063604
24 0.305630 0.291519 0.048257 0.067138
0 0.323056 0.404594 0.083110 0.109541
10 0.323056 0.574205 0.083110 0.109541
29 0.309651 0.699647 0.056300 0.084806
19 0.407507 0.053004 0.064343 0.063604
22 0.402145 0.167845 0.053619 0.060071
26 0.403485 0.305654 0.056300 0.081272
32 0.494638 0.388693 0.238606 0.049470
30 0.408847 0.503534 0.067024 0.088339
35 0.404826 0.643110 0.058981 0.063604
7 0.666220 0.079505 0.083110 0.109541
25 0.806971 0.220848 0.364611 0.060071
31 0.679625 0.325088 0.109920 0.049470
8 0.666220 0.443463 0.083110 0.109541
1 0.666220 0.581272 0.083110 0.109541
21 0.650134 0.685512 0.050938 0.063604