15 0.036554 0.084906 0.073107 0.079245
8 0.040470 0.247170 0.080940 0.116981
22 0.026110 0.413208 0.052219 0.064151
5 0.040470 0.556604 0.080940 0.116981
32 0.116188 0.694340 0.232376 0.052830
16 0.026110 0.792453 0.052219 0.067925
27 0.266319 0.090566 0.046997 0.067925
29 0.270235 0.192453 0.054830 0.090566
3 0.283290 0.367925 0.080940 0.116981
19 0.274151 0.483019 0.062663 0.067925
35 0.271540 0.581132 0.057441 0.067925
34 0.267624 0.703774 0.049608 0.079245
2 0.374674 0.077358 0.080940 0.116981
9 0.374674 0.213208 0.080940 0.116981
11 0.374674 0.367925 0.080940 0.116981
28 0.360313 0.526415 0.052219 0.079245
24 0.357702 0.624528 0.046997 0.071698
0 0.374674 0.760377 0.080940 0.116981
23 0.454308 0.056604 0.057441 0.075472
10 0.466057 0.190566 0.080940 0.116981
30 0.458225 0.371698 0.065274 0.094340
17 0.459530 0.518868 0.067885 0.079245
25 0.603133 0.620755 0.355091 0.064151
14 0.466057 0.749057 0.080940 0.116981
21 0.815927 0.060377 0.049608 0.067925
12 0.831593 0.220755 0.080940 0.116981
4 0.831593 0.390566 0.080940 0.116981
6 0.831593 0.564151 0.080940 0.116981
1 0.831593 0.752830 0.080940 0.116981
20 0.823760 0.915094 0.065274 0.079245
33 0.909922 0.086792 0.054830 0.083019
13 0.922977 0.239623 0.080940 0.116981
7 0.922977 0.428302 0.080940 0.116981
18 0.913838 0.581132 0.062663 0.083019
26 0.909922 0.707547 0.054830 0.086792
31 0.936031 0.822642 0.107050 0.052830