33 0.027415 0.064257 0.054830 0.088353
9 0.040470 0.198795 0.080940 0.124498
1 0.040470 0.379518 0.080940 0.124498
26 0.027415 0.528112 0.054830 0.092369
20 0.032637 0.668675 0.065274 0.084337
8 0.040470 0.821285 0.080940 0.124498
15 0.127937 0.074297 0.073107 0.084337
32 0.207572 0.172691 0.232376 0.056225
7 0.131854 0.311245 0.080940 0.124498
11 0.131854 0.475904 0.080940 0.124498
23 0.120104 0.614458 0.057441 0.080321
30 0.124021 0.740964 0.065274 0.100402
28 0.360313 0.074297 0.052219 0.084337
29 0.361619 0.216867 0.054830 0.096386
0 0.374674 0.379518 0.080940 0.124498
19 0.365535 0.510040 0.062663 0.072289
34 0.359008 0.652610 0.049608 0.084337
4 0.374674 0.821285 0.080940 0.124498
10 0.466057 0.098394 0.080940 0.124498
22 0.451697 0.246988 0.052219 0.068273
21 0.450392 0.349398 0.049608 0.072289
25 0.603133 0.439759 0.355091 0.068273
14 0.466057 0.560241 0.080940 0.124498
24 0.449086 0.700803 0.046997 0.076305
2 0.831593 0.106426 0.080940 0.124498
31 0.844648 0.244980 0.107050 0.056225
17 0.825065 0.355422 0.067885 0.084337
6 0.831593 0.516064 0.080940 0.124498
27 0.814621 0.674699 0.046997 0.072289
16 0.817232 0.799197 0.052219 0.072289
13 0.949086 0.102410 0.080940 0.124498
12 0.949086 0.255020 0.080940 0.124498
18 0.939948 0.397590 0.062663 0.088353
5 0.949086 0.564257 0.080940 0.124498
3 0.949086 0.761044 0.080940 0.124498
35 0.937337 0.907631 0.057441 0.072289