11 0.041555 0.079457 0.083110 0.120155
7 0.041555 0.230620 0.083110 0.120155
17 0.034853 0.354651 0.069705 0.081395
9 0.041555 0.513566 0.083110 0.120155
26 0.028150 0.687984 0.056300 0.089147
5 0.041555 0.850775 0.083110 0.120155
2 0.135389 0.087209 0.083110 0.120155
18 0.126005 0.228682 0.064343 0.085271
15 0.131367 0.366279 0.075067 0.081395
6 0.135389 0.517442 0.083110 0.120155
28 0.120643 0.641473 0.053619 0.081395
10 0.135389 0.769380 0.083110 0.120155
13 0.229223 0.091085 0.083110 0.120155
30 0.221180 0.246124 0.067024 0.096899
20 0.221180 0.412791 0.067024 0.081395
1 0.229223 0.591085 0.083110 0.120155
21 0.213137 0.705426 0.050938 0.069767
0 0.229223 0.866279 0.083110 0.120155
24 0.305630 0.091085 0.048257 0.073643
22 0.308311 0.207364 0.053619 0.065891
14 0.323056 0.354651 0.083110 0.120155
33 0.309651 0.480620 0.056300 0.085271
34 0.306971 0.598837 0.050938 0.081395
4 0.323056 0.726744 0.083110 0.120155
23 0.404826 0.093023 0.058981 0.077519
19 0.407507 0.236434 0.064343 0.069767
31 0.430295 0.372093 0.109920 0.054264
27 0.399464 0.453488 0.048257 0.069767
32 0.494638 0.589147 0.238606 0.054264
35 0.404826 0.678295 0.058981 0.069767
8 0.666220 0.083333 0.083110 0.120155
12 0.666220 0.242248 0.083110 0.120155
25 0.806971 0.362403 0.364611 0.065891
29 0.652815 0.465116 0.056300 0.093023
16 0.651475 0.565891 0.053619 0.069767
3 0.666220 0.684109 0.083110 0.120155