14 0.040470 0.090361 0.080940 0.124498
2 0.040470 0.234940 0.080940 0.124498
20 0.032637 0.391566 0.065274 0.084337
5 0.040470 0.572289 0.080940 0.124498
9 0.040470 0.728916 0.080940 0.124498
3 0.040470 0.897590 0.080940 0.124498
0 0.131854 0.086345 0.080940 0.124498
15 0.127937 0.267068 0.073107 0.084337
26 0.118799 0.403614 0.054830 0.092369
31 0.144909 0.558233 0.107050 0.056225
7 0.131854 0.680723 0.080940 0.124498
30 0.124021 0.817269 0.065274 0.100402
28 0.234987 0.094378 0.052219 0.084337
22 0.234987 0.194779 0.052219 0.068273
25 0.386423 0.319277 0.355091 0.068273
16 0.234987 0.421687 0.052219 0.072289
29 0.236292 0.550201 0.054830 0.096386
1 0.249347 0.696787 0.080940 0.124498
24 0.597911 0.094378 0.046997 0.076305
27 0.597911 0.196787 0.046997 0.072289
10 0.614883 0.331325 0.080940 0.124498
4 0.614883 0.491968 0.080940 0.124498
32 0.690601 0.650602 0.232376 0.056225
11 0.614883 0.797189 0.080940 0.124498
12 0.857702 0.094378 0.080940 0.124498
21 0.842037 0.244980 0.049608 0.072289
8 0.857702 0.411647 0.080940 0.124498
6 0.857702 0.584337 0.080940 0.124498
23 0.845953 0.710843 0.057441 0.080321
35 0.845953 0.847390 0.057441 0.072289
17 0.942559 0.074297 0.067885 0.084337
13 0.949086 0.230924 0.080940 0.124498
19 0.939948 0.365462 0.062663 0.072289
33 0.936031 0.469880 0.054830 0.088353
18 0.939948 0.602410 0.062663 0.088353
34 0.933420 0.736948 0.049608 0.084337