1 0.041555 0.094796 0.083110 0.115242
35 0.029491 0.241636 0.058981 0.066914
33 0.028150 0.349442 0.056300 0.081784
32 0.119303 0.468401 0.238606 0.052045
11 0.041555 0.615242 0.083110 0.115242
29 0.028150 0.773234 0.056300 0.089219
0 0.290885 0.076208 0.083110 0.115242
9 0.290885 0.254647 0.083110 0.115242
26 0.277480 0.425651 0.056300 0.085502
2 0.290885 0.596654 0.083110 0.115242
28 0.276139 0.749071 0.053619 0.078067
12 0.290885 0.905204 0.083110 0.115242
23 0.372654 0.092937 0.058981 0.074349
22 0.369973 0.228625 0.053619 0.063197
31 0.398123 0.327138 0.109920 0.052045
30 0.376676 0.436803 0.067024 0.092937
34 0.368633 0.574349 0.050938 0.078067
25 0.525469 0.708178 0.364611 0.063197
17 0.753351 0.061338 0.069705 0.078067
18 0.750670 0.204461 0.064343 0.081784
13 0.760054 0.332714 0.083110 0.115242
19 0.750670 0.457249 0.064343 0.066914
5 0.760054 0.622677 0.083110 0.115242
20 0.752011 0.775093 0.067024 0.078067
21 0.837802 0.052045 0.050938 0.066914
8 0.853887 0.198885 0.083110 0.115242
7 0.853887 0.384758 0.083110 0.115242
16 0.839142 0.546468 0.053619 0.066914
10 0.853887 0.663569 0.083110 0.115242
6 0.853887 0.815985 0.083110 0.115242
24 0.930295 0.068773 0.048257 0.070632
3 0.947721 0.221190 0.083110 0.115242
15 0.943700 0.377323 0.075067 0.078067
27 0.930295 0.475836 0.048257 0.066914
4 0.947721 0.585502 0.083110 0.115242
14 0.947721 0.745353 0.083110 0.115242