34 0.025132 0.083333 0.050265 0.077778
17 0.034392 0.216667 0.068783 0.077778
29 0.027778 0.348148 0.055556 0.088889
26 0.027778 0.501852 0.055556 0.085185
35 0.029101 0.603704 0.058201 0.066667
22 0.026455 0.712963 0.052910 0.062963
31 0.133598 0.059259 0.108466 0.051852
6 0.120370 0.179630 0.082011 0.114815
20 0.112434 0.305556 0.066138 0.077778
3 0.120370 0.453704 0.082011 0.114815
33 0.107143 0.607407 0.055556 0.081481
8 0.120370 0.772222 0.082011 0.114815
24 0.222222 0.064815 0.047619 0.070370
4 0.239418 0.198148 0.082011 0.114815
0 0.239418 0.361111 0.082011 0.114815
16 0.224868 0.492593 0.052910 0.066667
10 0.239418 0.653704 0.082011 0.114815
21 0.223545 0.792593 0.050265 0.066667
2 0.332011 0.094444 0.082011 0.114815
25 0.470899 0.216667 0.359788 0.062963
5 0.332011 0.327778 0.082011 0.114815
23 0.320106 0.444444 0.058201 0.074074
14 0.332011 0.594444 0.082011 0.114815
19 0.322751 0.729630 0.063492 0.066667
11 0.702381 0.075926 0.082011 0.114815
1 0.702381 0.220370 0.082011 0.114815
13 0.702381 0.401852 0.082011 0.114815
9 0.702381 0.590741 0.082011 0.114815
15 0.698413 0.746296 0.074074 0.077778
18 0.693122 0.896296 0.063492 0.081481
12 0.794974 0.105556 0.082011 0.114815
27 0.777778 0.233333 0.047619 0.066667
7 0.794974 0.346296 0.082011 0.114815
30 0.787037 0.509259 0.066138 0.092593
28 0.780423 0.642593 0.052910 0.077778
32 0.871693 0.733333 0.235450 0.051852