19 0.036923 0.077491 0.073846 0.066421
16 0.030769 0.162362 0.061538 0.066421
4 0.047692 0.319188 0.095385 0.114391
28 0.030769 0.474170 0.061538 0.077491
22 0.030769 0.607011 0.061538 0.062731
0 0.047692 0.769373 0.095385 0.114391
11 0.155385 0.097786 0.095385 0.114391
24 0.135385 0.260148 0.055385 0.070111
3 0.155385 0.415129 0.095385 0.114391
6 0.155385 0.603321 0.095385 0.114391
13 0.155385 0.754613 0.095385 0.114391
15 0.150769 0.887454 0.086154 0.077491
1 0.263077 0.112546 0.095385 0.114391
21 0.244615 0.269373 0.058462 0.066421
30 0.253846 0.378229 0.076923 0.092251
23 0.249231 0.509225 0.067692 0.073801
20 0.253846 0.640221 0.076923 0.077491
14 0.263077 0.758303 0.095385 0.114391
25 0.532308 0.079336 0.418462 0.062731
17 0.363077 0.201107 0.080000 0.077491
12 0.370769 0.326568 0.095385 0.114391
8 0.370769 0.485240 0.095385 0.114391
32 0.460000 0.630996 0.273846 0.051661
35 0.356923 0.738007 0.067692 0.066421
2 0.801538 0.079336 0.095385 0.114391
9 0.801538 0.267528 0.095385 0.114391
34 0.783077 0.418819 0.058462 0.077491
10 0.801538 0.566421 0.095385 0.114391
27 0.781538 0.723247 0.055385 0.066421
5 0.801538 0.869004 0.095385 0.114391
26 0.893846 0.071956 0.064615 0.084871
18 0.898462 0.202952 0.073846 0.081181
29 0.893846 0.339483 0.064615 0.088561
7 0.909231 0.488930 0.095385 0.114391
31 0.924615 0.594096 0.126154 0.051661
33 0.893846 0.715867 0.064615 0.081181