35 0.028721 0.070588 0.057441 0.070588
29 0.027415 0.196078 0.054830 0.094118
2 0.040470 0.362745 0.080940 0.121569
26 0.027415 0.492157 0.054830 0.090196
17 0.033943 0.625490 0.067885 0.082353
1 0.040470 0.766667 0.080940 0.121569
14 0.131854 0.084314 0.080940 0.121569
25 0.268930 0.198039 0.355091 0.066667
9 0.131854 0.370588 0.080940 0.121569
22 0.117493 0.492157 0.052219 0.066667
12 0.131854 0.629412 0.080940 0.121569
23 0.120104 0.800000 0.057441 0.078431
27 0.480418 0.078431 0.046997 0.070588
10 0.497389 0.194118 0.080940 0.121569
34 0.481723 0.343137 0.049608 0.082353
4 0.497389 0.511765 0.080940 0.121569
8 0.497389 0.660784 0.080940 0.121569
31 0.510444 0.807843 0.107050 0.054902
15 0.610966 0.064706 0.073107 0.082353
11 0.614883 0.229412 0.080940 0.121569
16 0.600522 0.403922 0.052219 0.070588
5 0.614883 0.531373 0.080940 0.121569
3 0.614883 0.684314 0.080940 0.121569
33 0.601828 0.827451 0.054830 0.086275
19 0.697128 0.090196 0.062663 0.070588
32 0.781984 0.180392 0.232376 0.054902
0 0.706266 0.343137 0.080940 0.121569
24 0.689295 0.515686 0.046997 0.074510
28 0.691906 0.672549 0.052219 0.082353
30 0.698433 0.833333 0.065274 0.098039
7 0.949086 0.092157 0.080940 0.121569
20 0.941253 0.252941 0.065274 0.082353
18 0.939948 0.403922 0.062663 0.086275
6 0.949086 0.582353 0.080940 0.121569
13 0.949086 0.766667 0.080940 0.121569
21 0.933420 0.917647 0.049608 0.070588