15 0.037534 0.066308 0.075067 0.075269
27 0.024129 0.200717 0.048257 0.064516
9 0.041555 0.324373 0.083110 0.111111
0 0.041555 0.482079 0.083110 0.111111
23 0.029491 0.591398 0.058981 0.071685
25 0.182306 0.711470 0.364611 0.060932
7 0.416890 0.080645 0.083110 0.111111
21 0.400804 0.240143 0.050938 0.064516
17 0.410188 0.327957 0.069705 0.075269
10 0.416890 0.460573 0.083110 0.111111
32 0.494638 0.594982 0.238606 0.050179
31 0.430295 0.681004 0.109920 0.050179
14 0.666220 0.109319 0.083110 0.111111
13 0.666220 0.288530 0.083110 0.111111
1 0.666220 0.449821 0.083110 0.111111
28 0.651475 0.607527 0.053619 0.075269
26 0.652815 0.736559 0.056300 0.082437
3 0.666220 0.901434 0.083110 0.111111
22 0.745308 0.051971 0.053619 0.060932
24 0.742627 0.148746 0.048257 0.068100
4 0.760054 0.284946 0.083110 0.111111
5 0.760054 0.442652 0.083110 0.111111
18 0.750670 0.573477 0.064343 0.078853
12 0.760054 0.732975 0.083110 0.111111
33 0.840483 0.060932 0.056300 0.078853
35 0.841823 0.161290 0.058981 0.064516
19 0.844504 0.247312 0.064343 0.064516
20 0.845845 0.385305 0.067024 0.075269
29 0.840483 0.534050 0.056300 0.086022
2 0.853887 0.664875 0.083110 0.111111
11 0.947721 0.098566 0.083110 0.111111
6 0.947721 0.274194 0.083110 0.111111
16 0.932976 0.401434 0.053619 0.064516
34 0.931635 0.521505 0.050938 0.075269
30 0.939678 0.625448 0.067024 0.089606
8 0.947721 0.786738 0.083110 0.111111