32 0.119303 0.065891 0.238606 0.054264
31 0.054960 0.197674 0.109920 0.054264
22 0.026810 0.277132 0.053619 0.065891
20 0.033512 0.401163 0.067024 0.081395
5 0.041555 0.540698 0.083110 0.120155
14 0.041555 0.722868 0.083110 0.120155
33 0.277480 0.085271 0.056300 0.085271
21 0.274799 0.240310 0.050938 0.069767
12 0.290885 0.393411 0.083110 0.120155
1 0.290885 0.591085 0.083110 0.120155
29 0.277480 0.763566 0.056300 0.093023
19 0.281501 0.914729 0.064343 0.069767
4 0.384718 0.098837 0.083110 0.120155
34 0.368633 0.269380 0.050938 0.081395
18 0.375335 0.430233 0.064343 0.085271
27 0.367292 0.531008 0.048257 0.069767
10 0.384718 0.703488 0.083110 0.120155
26 0.371314 0.846899 0.056300 0.089147
11 0.478552 0.102713 0.083110 0.120155
13 0.478552 0.261628 0.083110 0.120155
3 0.478552 0.439922 0.083110 0.120155
23 0.466488 0.608527 0.058981 0.077519
17 0.471850 0.722868 0.069705 0.081395
24 0.461126 0.831395 0.048257 0.073643
6 0.572386 0.106589 0.083110 0.120155
15 0.568365 0.253876 0.075067 0.081395
28 0.557641 0.366279 0.053619 0.081395
30 0.564343 0.505814 0.067024 0.096899
7 0.572386 0.637597 0.083110 0.120155
0 0.572386 0.823643 0.083110 0.120155
16 0.651475 0.089147 0.053619 0.069767
9 0.666220 0.242248 0.083110 0.120155
35 0.654155 0.387597 0.058981 0.069767
25 0.806971 0.521318 0.364611 0.065891
8 0.666220 0.691860 0.083110 0.120155
2 0.666220 0.881783 0.083110 0.120155