2 0.040470 0.080709 0.080940 0.122047
32 0.116188 0.192913 0.232376 0.055118
34 0.024804 0.289370 0.049608 0.082677
23 0.028721 0.401575 0.057441 0.078740
7 0.040470 0.525591 0.080940 0.122047
19 0.031332 0.673228 0.062663 0.070866
21 0.267624 0.086614 0.049608 0.070866
14 0.283290 0.242126 0.080940 0.122047
27 0.266319 0.362205 0.046997 0.070866
4 0.283290 0.513780 0.080940 0.122047
20 0.275457 0.651575 0.065274 0.082677
8 0.283290 0.789370 0.080940 0.122047
24 0.357702 0.068898 0.046997 0.074803
22 0.360313 0.190945 0.052219 0.066929
16 0.360313 0.291339 0.052219 0.070866
15 0.370757 0.395669 0.073107 0.082677
18 0.365535 0.519685 0.062663 0.086614
0 0.374674 0.655512 0.080940 0.122047
28 0.451697 0.061024 0.052219 0.082677
9 0.466057 0.230315 0.080940 0.122047
11 0.466057 0.395669 0.080940 0.122047
17 0.459530 0.557087 0.067885 0.082677
30 0.458225 0.679134 0.065274 0.098425
5 0.466057 0.828740 0.080940 0.122047
6 0.557441 0.088583 0.080940 0.122047
29 0.544386 0.244094 0.054830 0.094488
26 0.544386 0.372047 0.054830 0.090551
1 0.557441 0.557087 0.080940 0.122047
13 0.557441 0.738189 0.080940 0.122047
25 0.694517 0.891732 0.355091 0.066929
12 0.922977 0.092520 0.080940 0.122047
10 0.922977 0.265748 0.080940 0.122047
33 0.909922 0.393701 0.054830 0.086614
3 0.922977 0.553150 0.080940 0.122047
35 0.911227 0.669291 0.057441 0.070866
31 0.936031 0.779528 0.107050 0.055118