20 0.033512 0.100394 0.067024 0.082677
29 0.028150 0.255906 0.056300 0.094488
34 0.025469 0.383858 0.050938 0.082677
24 0.024129 0.501969 0.048257 0.074803
6 0.041555 0.651575 0.083110 0.122047
21 0.025469 0.767717 0.050938 0.070866
3 0.135389 0.116142 0.083110 0.122047
27 0.117962 0.291339 0.048257 0.070866
5 0.135389 0.411417 0.083110 0.122047
11 0.135389 0.584646 0.083110 0.122047
2 0.135389 0.734252 0.083110 0.122047
18 0.126005 0.881890 0.064343 0.086614
26 0.215818 0.064961 0.056300 0.090551
12 0.229223 0.226378 0.083110 0.122047
31 0.242627 0.366142 0.109920 0.055118
9 0.229223 0.513780 0.083110 0.122047
25 0.369973 0.679134 0.364611 0.066929
7 0.229223 0.805118 0.083110 0.122047
16 0.589812 0.066929 0.053619 0.070866
10 0.604558 0.230315 0.083110 0.122047
8 0.604558 0.383858 0.083110 0.122047
35 0.592493 0.523622 0.058981 0.070866
22 0.589812 0.639764 0.053619 0.066929
4 0.604558 0.765748 0.083110 0.122047
0 0.698391 0.104331 0.083110 0.122047
19 0.689008 0.244094 0.064343 0.070866
1 0.698391 0.383858 0.083110 0.122047
32 0.776139 0.527559 0.238606 0.055118
15 0.694370 0.616142 0.075067 0.082677
33 0.684987 0.732283 0.056300 0.086614
28 0.932976 0.100394 0.053619 0.082677
30 0.939678 0.214567 0.067024 0.098425
14 0.947721 0.403543 0.083110 0.122047
17 0.941019 0.568898 0.069705 0.082677
23 0.935657 0.677165 0.058981 0.078740
13 0.947721 0.812992 0.083110 0.122047