30 0.033512 0.090000 0.067024 0.100000
14 0.041555 0.258000 0.083110 0.124000
24 0.024129 0.390000 0.048257 0.076000
27 0.024129 0.536000 0.048257 0.072000
23 0.029491 0.684000 0.058981 0.080000
2 0.041555 0.814000 0.083110 0.124000
7 0.135389 0.106000 0.083110 0.124000
5 0.135389 0.282000 0.083110 0.124000
18 0.126005 0.448000 0.064343 0.088000
21 0.119303 0.596000 0.050938 0.072000
4 0.135389 0.718000 0.083110 0.124000
28 0.120643 0.846000 0.053619 0.084000
12 0.229223 0.090000 0.083110 0.124000
3 0.229223 0.238000 0.083110 0.124000
35 0.217158 0.392000 0.058981 0.072000
1 0.229223 0.510000 0.083110 0.124000
8 0.229223 0.698000 0.083110 0.124000
0 0.229223 0.862000 0.083110 0.124000
19 0.313673 0.084000 0.064343 0.072000
32 0.400804 0.212000 0.238606 0.056000
17 0.316354 0.350000 0.069705 0.084000
13 0.323056 0.486000 0.083110 0.124000
15 0.319035 0.622000 0.075067 0.084000
33 0.309651 0.752000 0.056300 0.088000
34 0.556300 0.098000 0.050938 0.084000
25 0.713137 0.254000 0.364611 0.068000
31 0.585791 0.348000 0.109920 0.056000
10 0.572386 0.482000 0.083110 0.124000
9 0.572386 0.626000 0.083110 0.124000
11 0.572386 0.810000 0.083110 0.124000
29 0.934316 0.088000 0.056300 0.096000
20 0.939678 0.230000 0.067024 0.084000
26 0.934316 0.346000 0.056300 0.092000
22 0.932976 0.458000 0.053619 0.068000
6 0.947721 0.582000 0.083110 0.124000
16 0.932976 0.744000 0.053619 0.072000