8 0.040470 0.082061 0.080940 0.118321
21 0.024804 0.236641 0.049608 0.068702
19 0.031332 0.324427 0.062663 0.068702
22 0.026110 0.414122 0.052219 0.064885
32 0.116188 0.519084 0.232376 0.053435
20 0.032637 0.658397 0.065274 0.080153
5 0.283290 0.093511 0.080940 0.118321
23 0.271540 0.213740 0.057441 0.076336
34 0.267624 0.330153 0.049608 0.080153
31 0.296345 0.461832 0.107050 0.053435
16 0.268930 0.564885 0.052219 0.068702
15 0.279373 0.658397 0.073107 0.080153
30 0.392950 0.078244 0.065274 0.095420
35 0.389034 0.232824 0.057441 0.068702
26 0.387728 0.364504 0.054830 0.087786
29 0.387728 0.519084 0.054830 0.091603
3 0.400783 0.662214 0.080940 0.118321
27 0.383812 0.793893 0.046997 0.068702
14 0.492167 0.108779 0.080940 0.118321
18 0.483029 0.251908 0.062663 0.083969
28 0.477807 0.353053 0.052219 0.080153
33 0.479112 0.496183 0.054830 0.083969
17 0.485640 0.654580 0.067885 0.080153
9 0.492167 0.784351 0.080940 0.118321
12 0.583551 0.085878 0.080940 0.118321
24 0.566580 0.230916 0.046997 0.072519
6 0.583551 0.368321 0.080940 0.118321
0 0.583551 0.532443 0.080940 0.118321
11 0.583551 0.700382 0.080940 0.118321
4 0.583551 0.856870 0.080940 0.118321
10 0.674935 0.108779 0.080940 0.118321
1 0.674935 0.246183 0.080940 0.118321
7 0.674935 0.398855 0.080940 0.118321
2 0.674935 0.593511 0.080940 0.118321
25 0.812010 0.742366 0.355091 0.064885
13 0.674935 0.895038 0.080940 0.118321