14 0.047692 0.117308 0.095385 0.119231
18 0.036923 0.292308 0.073846 0.084615
22 0.030769 0.417308 0.061538 0.065385
35 0.033846 0.546154 0.067692 0.069231
13 0.047692 0.709615 0.095385 0.119231
5 0.047692 0.894231 0.095385 0.119231
17 0.147692 0.059615 0.080000 0.080769
20 0.146154 0.159615 0.076923 0.080769
0 0.155385 0.282692 0.095385 0.119231
3 0.155385 0.455769 0.095385 0.119231
33 0.140000 0.619231 0.064615 0.084615
11 0.155385 0.778846 0.095385 0.119231
28 0.246154 0.063462 0.061538 0.080769
9 0.263077 0.182692 0.095385 0.119231
31 0.278462 0.342308 0.126154 0.053846
10 0.263077 0.463462 0.095385 0.119231
8 0.263077 0.628846 0.095385 0.119231
24 0.243077 0.786538 0.055385 0.073077
32 0.490769 0.061538 0.273846 0.053846
15 0.396923 0.151923 0.086154 0.080769
1 0.401538 0.286538 0.095385 0.119231
25 0.563077 0.421154 0.418462 0.065385
6 0.401538 0.575000 0.095385 0.119231
30 0.392308 0.721154 0.076923 0.096154
23 0.818462 0.088462 0.067692 0.076923
26 0.816923 0.190385 0.064615 0.088462
34 0.813846 0.351923 0.058462 0.080769
29 0.816923 0.476923 0.064615 0.092308
16 0.815385 0.619231 0.061538 0.069231
2 0.832308 0.744231 0.095385 0.119231
19 0.929231 0.084615 0.073846 0.069231
21 0.921538 0.215385 0.058462 0.069231
7 0.940000 0.328846 0.095385 0.119231
12 0.940000 0.505769 0.095385 0.119231
4 0.940000 0.644231 0.095385 0.119231
27 0.920000 0.792308 0.055385 0.069231