28 0.026525 0.084646 0.053050 0.082677
16 0.026525 0.228346 0.053050 0.070866
20 0.033156 0.368110 0.066313 0.082677
24 0.023873 0.525591 0.047745 0.074803
22 0.026525 0.631890 0.053050 0.066929
21 0.025199 0.751969 0.050398 0.070866
1 0.118037 0.088583 0.082228 0.122047
18 0.108753 0.251969 0.063660 0.086614
25 0.257294 0.352362 0.360743 0.066929
3 0.118037 0.486220 0.082228 0.122047
11 0.118037 0.663386 0.082228 0.122047
2 0.118037 0.828740 0.082228 0.122047
6 0.489390 0.108268 0.082228 0.122047
8 0.489390 0.269685 0.082228 0.122047
31 0.502653 0.401575 0.108753 0.055118
12 0.489390 0.564961 0.082228 0.122047
33 0.476127 0.712598 0.055703 0.086614
34 0.473475 0.852362 0.050398 0.082677
13 0.608753 0.108268 0.082228 0.122047
0 0.608753 0.297244 0.082228 0.122047
4 0.608753 0.442913 0.082228 0.122047
17 0.602122 0.568898 0.068966 0.082677
23 0.596817 0.704724 0.058355 0.078740
9 0.608753 0.848425 0.082228 0.122047
35 0.689655 0.094488 0.058355 0.070866
32 0.778515 0.232283 0.236074 0.055118
7 0.701592 0.364173 0.082228 0.122047
27 0.684350 0.507874 0.047745 0.070866
10 0.701592 0.671260 0.082228 0.122047
29 0.688329 0.842520 0.055703 0.094488
30 0.940318 0.104331 0.066313 0.098425
19 0.938992 0.236220 0.063660 0.070866
26 0.935013 0.395669 0.055703 0.090551
15 0.944297 0.557087 0.074271 0.082677
14 0.948276 0.702756 0.082228 0.122047
5 0.948276 0.883858 0.082228 0.122047