32 0.116188 0.079051 0.232376 0.055336
30 0.032637 0.175889 0.065274 0.098814
29 0.027415 0.292490 0.054830 0.094862
18 0.031332 0.430830 0.062663 0.086957
4 0.040470 0.563241 0.080940 0.122530
23 0.028721 0.727273 0.057441 0.079051
22 0.268930 0.069170 0.052219 0.067194
8 0.283290 0.219368 0.080940 0.122530
14 0.283290 0.389328 0.080940 0.122530
25 0.420366 0.531621 0.355091 0.067194
11 0.283290 0.669960 0.080940 0.122530
10 0.283290 0.824111 0.080940 0.122530
27 0.631854 0.071146 0.046997 0.071146
35 0.637076 0.205534 0.057441 0.071146
9 0.648825 0.353755 0.080940 0.122530
26 0.635770 0.523715 0.054830 0.090909
34 0.633159 0.658103 0.049608 0.083004
21 0.633159 0.814229 0.049608 0.071146
17 0.733681 0.096838 0.067885 0.083004
1 0.740209 0.278656 0.080940 0.122530
16 0.725849 0.399209 0.052219 0.071146
6 0.740209 0.551383 0.080940 0.122530
0 0.740209 0.741107 0.080940 0.122530
5 0.740209 0.911067 0.080940 0.122530
13 0.831593 0.096838 0.080940 0.122530
33 0.818538 0.272727 0.054830 0.086957
20 0.823760 0.409091 0.065274 0.083004
15 0.827676 0.527668 0.073107 0.083004
7 0.831593 0.685771 0.080940 0.122530
12 0.831593 0.828063 0.080940 0.122530
28 0.908616 0.081028 0.052219 0.083004
19 0.913838 0.229249 0.062663 0.071146
2 0.922977 0.405138 0.080940 0.122530
24 0.906005 0.523715 0.046997 0.075099
31 0.936031 0.612648 0.107050 0.055336
3 0.922977 0.764822 0.080940 0.122530