3 0.040470 0.086873 0.080940 0.119691
15 0.036554 0.214286 0.073107 0.081081
29 0.027415 0.355212 0.054830 0.092664
28 0.026110 0.507722 0.052219 0.081081
6 0.040470 0.635135 0.080940 0.119691
19 0.031332 0.791506 0.062663 0.069498
27 0.114883 0.088803 0.046997 0.069498
12 0.131854 0.252896 0.080940 0.119691
25 0.268930 0.368726 0.355091 0.065637
11 0.131854 0.507722 0.080940 0.119691
8 0.131854 0.689189 0.080940 0.119691
26 0.118799 0.816602 0.054830 0.088803
1 0.497389 0.090734 0.080940 0.119691
2 0.497389 0.279923 0.080940 0.119691
32 0.573107 0.397683 0.232376 0.054054
30 0.489556 0.511583 0.065274 0.096525
22 0.483029 0.635135 0.052219 0.065637
7 0.497389 0.797297 0.080940 0.119691
23 0.728460 0.077220 0.057441 0.077220
16 0.725849 0.223938 0.052219 0.069498
17 0.733681 0.368726 0.067885 0.081081
9 0.740209 0.534749 0.080940 0.119691
4 0.740209 0.708494 0.080940 0.119691
5 0.740209 0.886100 0.080940 0.119691
21 0.815927 0.077220 0.049608 0.069498
10 0.831593 0.229730 0.080940 0.119691
35 0.819843 0.382239 0.057441 0.069498
24 0.814621 0.500000 0.046997 0.073359
18 0.822454 0.610039 0.062663 0.084942
33 0.818538 0.768340 0.054830 0.084942
0 0.922977 0.079151 0.080940 0.119691
34 0.907311 0.229730 0.049608 0.081081
14 0.922977 0.388031 0.080940 0.119691
31 0.936031 0.544402 0.107050 0.054054
20 0.915144 0.642857 0.065274 0.081081
13 0.922977 0.808880 0.080940 0.119691