15 0.036554 0.079592 0.073107 0.085714
1 0.040470 0.263265 0.080940 0.126531
23 0.028721 0.408163 0.057441 0.081633
32 0.116188 0.497959 0.232376 0.057143
2 0.040470 0.642857 0.080940 0.126531
5 0.040470 0.822449 0.080940 0.126531
21 0.267624 0.057143 0.049608 0.073469
27 0.266319 0.195918 0.046997 0.073469
7 0.283290 0.332653 0.080940 0.126531
28 0.268930 0.487755 0.052219 0.085714
30 0.275457 0.610204 0.065274 0.102041
4 0.283290 0.765306 0.080940 0.126531
6 0.374674 0.112245 0.080940 0.126531
29 0.361619 0.248980 0.054830 0.097959
14 0.374674 0.442857 0.080940 0.126531
0 0.374674 0.606122 0.080940 0.126531
25 0.511749 0.736735 0.355091 0.069388
11 0.374674 0.859184 0.080940 0.126531
34 0.724543 0.095918 0.049608 0.085714
18 0.731070 0.265306 0.062663 0.089796
3 0.740209 0.455102 0.080940 0.126531
26 0.727154 0.618367 0.054830 0.093878
19 0.731070 0.751020 0.062663 0.073469
8 0.740209 0.879592 0.080940 0.126531
31 0.844648 0.065306 0.107050 0.057143
9 0.831593 0.214286 0.080940 0.126531
22 0.817232 0.385714 0.052219 0.069388
24 0.814621 0.528571 0.046997 0.077551
33 0.818538 0.689796 0.054830 0.089796
16 0.817232 0.820408 0.052219 0.073469
17 0.942559 0.071429 0.067885 0.085714
10 0.949086 0.259184 0.080940 0.126531
20 0.941253 0.397959 0.065274 0.085714
12 0.949086 0.561224 0.080940 0.126531
13 0.949086 0.736735 0.080940 0.126531
35 0.937337 0.914286 0.057441 0.073469