34 0.024804 0.091078 0.049608 0.078067
13 0.040470 0.236059 0.080940 0.115242
5 0.040470 0.384758 0.080940 0.115242
25 0.177546 0.500000 0.355091 0.063197
35 0.028721 0.598513 0.057441 0.066914
24 0.023499 0.723048 0.046997 0.070632
10 0.406005 0.113383 0.080940 0.115242
9 0.406005 0.284387 0.080940 0.115242
11 0.406005 0.444238 0.080940 0.115242
29 0.392950 0.572491 0.054830 0.089219
14 0.406005 0.741636 0.080940 0.115242
17 0.399478 0.905204 0.067885 0.078067
27 0.480418 0.066914 0.046997 0.066914
12 0.497389 0.176580 0.080940 0.115242
32 0.573107 0.323420 0.232376 0.052045
19 0.488251 0.401487 0.062663 0.066914
18 0.488251 0.501859 0.062663 0.081784
23 0.485640 0.620818 0.057441 0.074349
2 0.740209 0.091078 0.080940 0.115242
7 0.740209 0.236059 0.080940 0.115242
4 0.740209 0.399628 0.080940 0.115242
3 0.740209 0.537175 0.080940 0.115242
16 0.725849 0.684015 0.052219 0.066914
33 0.727154 0.791822 0.054830 0.081784
20 0.823760 0.094796 0.065274 0.078067
1 0.831593 0.221190 0.080940 0.115242
26 0.818538 0.369888 0.054830 0.085502
30 0.823760 0.496283 0.065274 0.092937
6 0.831593 0.630112 0.080940 0.115242
21 0.815927 0.765799 0.049608 0.066914
28 0.908616 0.083643 0.052219 0.078067
22 0.908616 0.180297 0.052219 0.063197
31 0.936031 0.297398 0.107050 0.052045
8 0.922977 0.418216 0.080940 0.115242
15 0.919060 0.555762 0.073107 0.078067
0 0.922977 0.726766 0.080940 0.115242