4 0.041555 0.097222 0.083110 0.123016
29 0.028150 0.273810 0.056300 0.095238
19 0.032172 0.376984 0.064343 0.071429
21 0.025469 0.480159 0.050938 0.071429
17 0.034853 0.581349 0.069705 0.083333
15 0.037534 0.744048 0.075067 0.083333
6 0.135389 0.093254 0.083110 0.123016
10 0.135389 0.240079 0.083110 0.123016
20 0.127346 0.386905 0.067024 0.083333
12 0.135389 0.569444 0.083110 0.123016
33 0.121984 0.722222 0.056300 0.087302
13 0.135389 0.890873 0.083110 0.123016
3 0.229223 0.097222 0.083110 0.123016
35 0.217158 0.214286 0.058981 0.071429
5 0.229223 0.382937 0.083110 0.123016
0 0.229223 0.569444 0.083110 0.123016
22 0.214477 0.728175 0.053619 0.067460
34 0.213137 0.839286 0.050938 0.083333
31 0.336461 0.075397 0.109920 0.055556
23 0.310992 0.210317 0.058981 0.079365
11 0.323056 0.331349 0.083110 0.123016
18 0.313673 0.480159 0.064343 0.087302
14 0.323056 0.632937 0.083110 0.123016
32 0.400804 0.742063 0.238606 0.055556
8 0.572386 0.117063 0.083110 0.123016
24 0.554960 0.248016 0.048257 0.075397
28 0.557641 0.367063 0.053619 0.083333
26 0.558981 0.525794 0.056300 0.091270
16 0.557641 0.662698 0.053619 0.071429
1 0.572386 0.807540 0.083110 0.123016
30 0.658177 0.093254 0.067024 0.099206
9 0.666220 0.259921 0.083110 0.123016
27 0.648794 0.392857 0.048257 0.071429
2 0.666220 0.521825 0.083110 0.123016
25 0.806971 0.636905 0.364611 0.067460
7 0.666220 0.795635 0.083110 0.123016