2 0.040470 0.117308 0.080940 0.119231
1 0.040470 0.259615 0.080940 0.119231
5 0.040470 0.398077 0.080940 0.119231
9 0.040470 0.567308 0.080940 0.119231
8 0.040470 0.755769 0.080940 0.119231
19 0.031332 0.907692 0.062663 0.069231
17 0.125326 0.059615 0.067885 0.080769
16 0.117493 0.211538 0.052219 0.069231
25 0.268930 0.305769 0.355091 0.065385
18 0.122715 0.446154 0.062663 0.084615
7 0.131854 0.571154 0.080940 0.119231
28 0.117493 0.701923 0.052219 0.080769
30 0.489556 0.067308 0.065274 0.096154
32 0.573107 0.184615 0.232376 0.053846
27 0.480418 0.273077 0.046997 0.069231
6 0.497389 0.432692 0.080940 0.119231
20 0.489556 0.594231 0.065274 0.080769
15 0.493473 0.732692 0.073107 0.080769
24 0.723238 0.078846 0.046997 0.073077
33 0.727154 0.230769 0.054830 0.084615
34 0.724543 0.378846 0.049608 0.080769
26 0.727154 0.513462 0.054830 0.088462
31 0.753264 0.603846 0.107050 0.053846
4 0.740209 0.759615 0.080940 0.119231
23 0.845953 0.061538 0.057441 0.076923
13 0.857702 0.178846 0.080940 0.119231
22 0.843342 0.290385 0.052219 0.065385
14 0.857702 0.444231 0.080940 0.119231
10 0.857702 0.605769 0.080940 0.119231
11 0.857702 0.775000 0.080940 0.119231
29 0.936031 0.080769 0.054830 0.092308
21 0.933420 0.219231 0.049608 0.069231
0 0.949086 0.359615 0.080940 0.119231
3 0.949086 0.548077 0.080940 0.119231
12 0.949086 0.713462 0.080940 0.119231
35 0.937337 0.880769 0.057441 0.069231