13 0.041555 0.088235 0.083110 0.121569
9 0.041555 0.284314 0.083110 0.121569
11 0.041555 0.468627 0.083110 0.121569
20 0.033512 0.601961 0.067024 0.082353
30 0.033512 0.711765 0.067024 0.098039
32 0.119303 0.831373 0.238606 0.054902
7 0.290885 0.107843 0.083110 0.121569
18 0.281501 0.266667 0.064343 0.086275
34 0.274799 0.405882 0.050938 0.082353
33 0.277480 0.529412 0.056300 0.086275
6 0.290885 0.680392 0.083110 0.121569
23 0.278820 0.831373 0.058981 0.078431
0 0.384718 0.080392 0.083110 0.121569
17 0.378016 0.221569 0.069705 0.082353
26 0.371314 0.343137 0.056300 0.090196
5 0.384718 0.515686 0.083110 0.121569
15 0.380697 0.696078 0.075067 0.082353
10 0.384718 0.872549 0.083110 0.121569
27 0.461126 0.066667 0.048257 0.070588
12 0.478552 0.229412 0.083110 0.121569
1 0.478552 0.378431 0.083110 0.121569
21 0.462466 0.549020 0.050938 0.070588
14 0.478552 0.719608 0.083110 0.121569
35 0.466488 0.835294 0.058981 0.070588
28 0.557641 0.064706 0.053619 0.082353
29 0.558981 0.203922 0.056300 0.094118
19 0.563003 0.337255 0.064343 0.070588
25 0.713137 0.433333 0.364611 0.066667
22 0.557641 0.566667 0.053619 0.066667
31 0.585791 0.670588 0.109920 0.054902
3 0.947721 0.119608 0.083110 0.121569
8 0.947721 0.272549 0.083110 0.121569
24 0.930295 0.394118 0.048257 0.074510
2 0.947721 0.539216 0.083110 0.121569
4 0.947721 0.711765 0.083110 0.121569
16 0.932976 0.850980 0.053619 0.070588