34 0.024804 0.058052 0.049608 0.078652
21 0.024804 0.153558 0.049608 0.067416
2 0.040470 0.305243 0.080940 0.116105
1 0.040470 0.440075 0.080940 0.116105
29 0.027415 0.561798 0.054830 0.089888
31 0.053525 0.670412 0.107050 0.052434
11 0.157963 0.088015 0.080940 0.116105
17 0.151436 0.215356 0.067885 0.078652
35 0.146214 0.322097 0.057441 0.067416
28 0.143603 0.436330 0.052219 0.078652
0 0.157963 0.571161 0.080940 0.116105
33 0.144909 0.715356 0.054830 0.082397
19 0.240209 0.063670 0.062663 0.067416
8 0.249347 0.174157 0.080940 0.116105
24 0.232376 0.305243 0.046997 0.071161
4 0.249347 0.443820 0.080940 0.116105
20 0.241514 0.604869 0.065274 0.078652
10 0.249347 0.754682 0.080940 0.116105
32 0.416449 0.074906 0.232376 0.052434
22 0.326371 0.207865 0.052219 0.063670
26 0.327676 0.346442 0.054830 0.086142
7 0.340731 0.518727 0.080940 0.116105
13 0.340731 0.709738 0.080940 0.116105
23 0.328982 0.872659 0.057441 0.074906
3 0.583551 0.110487 0.080940 0.116105
27 0.566580 0.277154 0.046997 0.067416
5 0.583551 0.436330 0.080940 0.116105
12 0.583551 0.582397 0.080940 0.116105
16 0.569191 0.692884 0.052219 0.067416
18 0.574413 0.790262 0.062663 0.082397
6 0.674935 0.106742 0.080940 0.116105
30 0.667102 0.252809 0.065274 0.093633
25 0.812010 0.402622 0.355091 0.063670
9 0.674935 0.567416 0.080940 0.116105
14 0.674935 0.754682 0.080940 0.116105
15 0.671018 0.889513 0.073107 0.078652