34 0.025886 0.063786 0.051771 0.086420
33 0.028610 0.230453 0.057221 0.090535
28 0.027248 0.364198 0.054496 0.086420
26 0.028610 0.512346 0.057221 0.094650
23 0.029973 0.670782 0.059946 0.082305
30 0.034060 0.845679 0.068120 0.102881
9 0.121253 0.092593 0.084469 0.127572
11 0.121253 0.261317 0.084469 0.127572
1 0.121253 0.442387 0.084469 0.127572
25 0.264305 0.615226 0.370572 0.069959
31 0.134877 0.748971 0.111717 0.057613
6 0.121253 0.886831 0.084469 0.127572
7 0.502725 0.104938 0.084469 0.127572
17 0.495913 0.244856 0.070845 0.086420
8 0.502725 0.372428 0.084469 0.127572
4 0.502725 0.524691 0.084469 0.127572
3 0.502725 0.722222 0.084469 0.127572
19 0.493188 0.872428 0.065395 0.074074
15 0.594005 0.096708 0.076294 0.086420
24 0.580381 0.248971 0.049046 0.078189
29 0.584469 0.366255 0.057221 0.098765
35 0.585831 0.489712 0.059946 0.074074
13 0.598093 0.660494 0.084469 0.127572
10 0.598093 0.853909 0.084469 0.127572
2 0.693460 0.121399 0.084469 0.127572
18 0.683924 0.255144 0.065395 0.090535
27 0.675749 0.358025 0.049046 0.074074
22 0.678474 0.483539 0.054496 0.069959
0 0.693460 0.611111 0.084469 0.127572
14 0.693460 0.812757 0.084469 0.127572
12 0.788828 0.109053 0.084469 0.127572
21 0.772480 0.230453 0.051771 0.074074
5 0.788828 0.380658 0.084469 0.127572
20 0.780654 0.516461 0.068120 0.086420
16 0.773842 0.662551 0.054496 0.074074
32 0.867847 0.794239 0.242507 0.057613