5 0.040789 0.090734 0.081579 0.119691
11 0.040789 0.264479 0.081579 0.119691
12 0.040789 0.403475 0.081579 0.119691
3 0.040789 0.573359 0.081579 0.119691
2 0.040789 0.720077 0.081579 0.119691
16 0.026316 0.884170 0.052632 0.069498
21 0.117105 0.065637 0.050000 0.069498
30 0.125000 0.202703 0.065789 0.096525
32 0.209211 0.320463 0.234211 0.054054
17 0.126316 0.445946 0.068421 0.081081
28 0.118421 0.550193 0.052632 0.081081
24 0.115789 0.696911 0.047368 0.073359
14 0.377632 0.102317 0.081579 0.119691
0 0.377632 0.291506 0.081579 0.119691
10 0.377632 0.484556 0.081579 0.119691
34 0.361842 0.642857 0.050000 0.081081
35 0.365789 0.756757 0.057895 0.069498
13 0.377632 0.901544 0.081579 0.119691
9 0.469737 0.079151 0.081579 0.119691
6 0.469737 0.245174 0.081579 0.119691
31 0.482895 0.405405 0.107895 0.054054
33 0.456579 0.548263 0.055263 0.084942
1 0.469737 0.696911 0.081579 0.119691
8 0.469737 0.889961 0.081579 0.119691
7 0.588158 0.083012 0.081579 0.119691
29 0.575000 0.216216 0.055263 0.092664
25 0.726316 0.337838 0.357895 0.065637
20 0.580263 0.488417 0.065789 0.081081
26 0.575000 0.635135 0.055263 0.088803
4 0.588158 0.774131 0.081579 0.119691
18 0.947368 0.096525 0.063158 0.084942
19 0.947368 0.223938 0.063158 0.069498
22 0.942105 0.322394 0.052632 0.065637
23 0.944737 0.432432 0.057895 0.077220
15 0.952632 0.584942 0.073684 0.081081
27 0.939474 0.714286 0.047368 0.069498