28 0.026110 0.078313 0.052219 0.084337
0 0.040470 0.234940 0.080940 0.124498
23 0.028721 0.361446 0.057441 0.080321
6 0.040470 0.540161 0.080940 0.124498
15 0.036554 0.664659 0.073107 0.084337
24 0.023499 0.821285 0.046997 0.076305
16 0.117493 0.080321 0.052219 0.072289
26 0.118799 0.230924 0.054830 0.092369
32 0.207572 0.365462 0.232376 0.056225
7 0.131854 0.512048 0.080940 0.124498
4 0.131854 0.684739 0.080940 0.124498
18 0.122715 0.827309 0.062663 0.088353
1 0.374674 0.082329 0.080940 0.124498
10 0.374674 0.263052 0.080940 0.124498
20 0.366841 0.443775 0.065274 0.084337
33 0.361619 0.550201 0.054830 0.088353
19 0.365535 0.710843 0.062663 0.072289
35 0.362924 0.855422 0.057441 0.072289
8 0.466057 0.122490 0.080940 0.124498
22 0.451697 0.275100 0.052219 0.068273
13 0.466057 0.427711 0.080940 0.124498
21 0.450392 0.582329 0.049608 0.072289
34 0.450392 0.700803 0.049608 0.084337
25 0.603133 0.821285 0.355091 0.068273
31 0.844648 0.068273 0.107050 0.056225
29 0.818538 0.176707 0.054830 0.096386
12 0.831593 0.327309 0.080940 0.124498
3 0.831593 0.532129 0.080940 0.124498
2 0.831593 0.736948 0.080940 0.124498
30 0.823760 0.893574 0.065274 0.100402
5 0.949086 0.114458 0.080940 0.124498
27 0.932115 0.244980 0.046997 0.072289
14 0.949086 0.383534 0.080940 0.124498
17 0.942559 0.516064 0.067885 0.084337
9 0.949086 0.688755 0.080940 0.124498
11 0.949086 0.861446 0.080940 0.124498