6 0.040470 0.120079 0.080940 0.122047
23 0.028721 0.248031 0.057441 0.078740
11 0.040470 0.387795 0.080940 0.122047
17 0.033943 0.541339 0.067885 0.082677
31 0.053525 0.673228 0.107050 0.055118
33 0.027415 0.811024 0.054830 0.086614
1 0.157963 0.080709 0.080940 0.122047
5 0.157963 0.281496 0.080940 0.122047
16 0.143603 0.448819 0.052219 0.070866
29 0.144909 0.559055 0.054830 0.094488
26 0.144909 0.718504 0.054830 0.090551
19 0.148825 0.842520 0.062663 0.070866
18 0.240209 0.098425 0.062663 0.086614
12 0.249347 0.257874 0.080940 0.122047
22 0.234987 0.379921 0.052219 0.066929
15 0.245431 0.498031 0.073107 0.082677
8 0.249347 0.627953 0.080940 0.122047
32 0.325065 0.787402 0.232376 0.055118
27 0.475196 0.094488 0.046997 0.070866
13 0.492167 0.218504 0.080940 0.122047
24 0.475196 0.352362 0.046997 0.074803
20 0.484334 0.482283 0.065274 0.082677
21 0.476501 0.610236 0.049608 0.070866
25 0.629243 0.710630 0.355091 0.066929
3 0.857702 0.080709 0.080940 0.122047
30 0.849869 0.253937 0.065274 0.098425
10 0.857702 0.442913 0.080940 0.122047
7 0.857702 0.627953 0.080940 0.122047
35 0.845953 0.771654 0.057441 0.070866
14 0.857702 0.915354 0.080940 0.122047
0 0.949086 0.084646 0.080940 0.122047
4 0.949086 0.285433 0.080940 0.122047
34 0.933420 0.415354 0.049608 0.082677
9 0.949086 0.568898 0.080940 0.122047
28 0.934726 0.706693 0.052219 0.082677
2 0.949086 0.864173 0.080940 0.122047