21 0.025469 0.090909 0.050938 0.071146
1 0.041555 0.207510 0.083110 0.122530
10 0.041555 0.389328 0.083110 0.122530
30 0.033512 0.575099 0.067024 0.098814
28 0.026810 0.721344 0.053619 0.083004
2 0.041555 0.859684 0.083110 0.122530
24 0.117962 0.081028 0.048257 0.075099
23 0.123324 0.237154 0.058981 0.079051
32 0.213137 0.343874 0.238606 0.055336
5 0.135389 0.456522 0.083110 0.122530
0 0.135389 0.606719 0.083110 0.122530
11 0.135389 0.768775 0.083110 0.122530
8 0.384718 0.104743 0.083110 0.122530
31 0.398123 0.245059 0.109920 0.055336
19 0.375335 0.363636 0.064343 0.071146
20 0.376676 0.500000 0.067024 0.083004
25 0.525469 0.626482 0.364611 0.067194
7 0.384718 0.772727 0.083110 0.122530
34 0.743968 0.092885 0.050938 0.083004
22 0.745308 0.231225 0.053619 0.067194
13 0.760054 0.393281 0.083110 0.122530
33 0.746649 0.521739 0.056300 0.086957
9 0.760054 0.697628 0.083110 0.122530
16 0.745308 0.826087 0.053619 0.071146
12 0.853887 0.108696 0.083110 0.122530
14 0.853887 0.254941 0.083110 0.122530
35 0.841823 0.403162 0.058981 0.071146
29 0.840483 0.565217 0.056300 0.094862
3 0.853887 0.721344 0.083110 0.122530
17 0.847185 0.899209 0.069705 0.083004
26 0.934316 0.073123 0.056300 0.090909
15 0.943700 0.231225 0.075067 0.083004
6 0.947721 0.385375 0.083110 0.122530
27 0.930295 0.557312 0.048257 0.071146
18 0.938338 0.703557 0.064343 0.086957
4 0.947721 0.867589 0.083110 0.122530