14 0.040470 0.088933 0.080940 0.122530
18 0.031332 0.268775 0.062663 0.086957
6 0.040470 0.416996 0.080940 0.122530
11 0.040470 0.590909 0.080940 0.122530
28 0.026110 0.760870 0.052219 0.083004
32 0.116188 0.853755 0.232376 0.055336
5 0.283290 0.092885 0.080940 0.122530
26 0.270235 0.262846 0.054830 0.090909
23 0.271540 0.407115 0.057441 0.079051
2 0.283290 0.583004 0.080940 0.122530
16 0.268930 0.719368 0.052219 0.071146
30 0.275457 0.835968 0.065274 0.098814
3 0.374674 0.081028 0.080940 0.122530
20 0.366841 0.207510 0.065274 0.083004
12 0.374674 0.373518 0.080940 0.122530
29 0.361619 0.549407 0.054830 0.094862
0 0.374674 0.709486 0.080940 0.122530
21 0.359008 0.885375 0.049608 0.071146
31 0.479112 0.047431 0.107050 0.055336
13 0.466057 0.211462 0.080940 0.122530
10 0.466057 0.369565 0.080940 0.122530
8 0.466057 0.531621 0.080940 0.122530
15 0.462141 0.666008 0.073107 0.083004
17 0.459530 0.780632 0.067885 0.083004
24 0.566580 0.084980 0.046997 0.075099
34 0.567885 0.231225 0.049608 0.083004
9 0.583551 0.365613 0.080940 0.122530
22 0.569191 0.535573 0.052219 0.067194
4 0.583551 0.709486 0.080940 0.122530
33 0.570496 0.849802 0.054830 0.086957
19 0.665796 0.083004 0.062663 0.071146
1 0.674935 0.219368 0.080940 0.122530
25 0.812010 0.377470 0.355091 0.067194
27 0.657963 0.494071 0.046997 0.071146
35 0.663185 0.632411 0.057441 0.071146
7 0.674935 0.784585 0.080940 0.122530