29 0.028150 0.089362 0.056300 0.102128
2 0.041555 0.244681 0.083110 0.131915
18 0.032172 0.387234 0.064343 0.093617
28 0.026810 0.555319 0.053619 0.089362
12 0.041555 0.725532 0.083110 0.131915
0 0.041555 0.895745 0.083110 0.131915
26 0.121984 0.095745 0.056300 0.097872
15 0.131367 0.244681 0.075067 0.089362
33 0.121984 0.391489 0.056300 0.093617
8 0.135389 0.589362 0.083110 0.131915
24 0.117962 0.717021 0.048257 0.080851
23 0.123324 0.885106 0.058981 0.085106
9 0.229223 0.117021 0.083110 0.131915
35 0.217158 0.280851 0.058981 0.076596
17 0.222520 0.402128 0.069705 0.089362
21 0.213137 0.519149 0.050938 0.076596
20 0.221180 0.670213 0.067024 0.089362
11 0.229223 0.819149 0.083110 0.131915
22 0.308311 0.095745 0.053619 0.072340
7 0.323056 0.244681 0.083110 0.131915
30 0.315013 0.397872 0.067024 0.106383
13 0.323056 0.538298 0.083110 0.131915
1 0.323056 0.700000 0.083110 0.131915
27 0.305630 0.834043 0.048257 0.076596
19 0.407507 0.063830 0.064343 0.076596
25 0.557641 0.197872 0.364611 0.072340
14 0.416890 0.363830 0.083110 0.131915
16 0.402145 0.548936 0.053619 0.076596
34 0.400804 0.682979 0.050938 0.089362
10 0.416890 0.827660 0.083110 0.131915
6 0.792225 0.100000 0.083110 0.131915
32 0.869973 0.225532 0.238606 0.059574
3 0.792225 0.406383 0.083110 0.131915
4 0.792225 0.580851 0.083110 0.131915
31 0.805630 0.736170 0.109920 0.059574
5 0.792225 0.870213 0.083110 0.131915