15 0.036554 0.089354 0.073107 0.079848
2 0.040470 0.207224 0.080940 0.117871
24 0.023499 0.355513 0.046997 0.072243
32 0.116188 0.441065 0.232376 0.053232
35 0.028721 0.528517 0.057441 0.068441
9 0.040470 0.659696 0.080940 0.117871
33 0.270235 0.083650 0.054830 0.083650
21 0.267624 0.220532 0.049608 0.068441
7 0.283290 0.378327 0.080940 0.117871
18 0.274151 0.528517 0.062663 0.083650
25 0.420366 0.629278 0.355091 0.064639
34 0.267624 0.758555 0.049608 0.079848
22 0.634465 0.066540 0.052219 0.064639
3 0.648825 0.226236 0.080940 0.117871
14 0.648825 0.374525 0.080940 0.117871
28 0.634465 0.549430 0.052219 0.079848
8 0.648825 0.693916 0.080940 0.117871
4 0.648825 0.876426 0.080940 0.117871
12 0.740209 0.096958 0.080940 0.117871
31 0.753264 0.243346 0.107050 0.053232
29 0.727154 0.342205 0.054830 0.091255
27 0.723238 0.486692 0.046997 0.068441
0 0.740209 0.598859 0.080940 0.117871
11 0.740209 0.739544 0.080940 0.117871
1 0.857702 0.104563 0.080940 0.117871
6 0.857702 0.298479 0.080940 0.117871
10 0.857702 0.458175 0.080940 0.117871
16 0.843342 0.570342 0.052219 0.068441
23 0.845953 0.699620 0.057441 0.076046
26 0.844648 0.853612 0.054830 0.087452
5 0.949086 0.100760 0.080940 0.117871
30 0.941253 0.275665 0.065274 0.095057
19 0.939948 0.399240 0.062663 0.068441
13 0.949086 0.564639 0.080940 0.117871
20 0.941253 0.720532 0.065274 0.079848
17 0.942559 0.872624 0.067885 0.079848