29 0.027415 0.059859 0.054830 0.084507
13 0.040470 0.177817 0.080940 0.109155
24 0.023499 0.283451 0.046997 0.066901
23 0.028721 0.394366 0.057441 0.070423
34 0.024804 0.501761 0.049608 0.073944
10 0.040470 0.632042 0.080940 0.109155
15 0.127937 0.054577 0.073107 0.073944
5 0.131854 0.167254 0.080940 0.109155
31 0.144909 0.285211 0.107050 0.049296
1 0.131854 0.431338 0.080940 0.109155
9 0.131854 0.582746 0.080940 0.109155
6 0.131854 0.716549 0.080940 0.109155
33 0.236292 0.077465 0.054830 0.077465
26 0.236292 0.195423 0.054830 0.080986
35 0.237598 0.309859 0.057441 0.063380
28 0.234987 0.431338 0.052219 0.073944
3 0.249347 0.558099 0.080940 0.109155
4 0.249347 0.688380 0.080940 0.109155
2 0.340731 0.096831 0.080940 0.109155
17 0.334204 0.227113 0.067885 0.073944
16 0.326371 0.362676 0.052219 0.063380
20 0.332898 0.459507 0.065274 0.073944
11 0.340731 0.614437 0.080940 0.109155
21 0.325065 0.739437 0.049608 0.063380
32 0.507833 0.077465 0.232376 0.049296
18 0.422977 0.204225 0.062663 0.077465
12 0.432115 0.360915 0.080940 0.109155
30 0.424282 0.529930 0.065274 0.088028
8 0.432115 0.695423 0.080940 0.109155
14 0.432115 0.875000 0.080940 0.109155
7 0.674935 0.079225 0.080940 0.109155
25 0.812010 0.213028 0.355091 0.059859
19 0.665796 0.299296 0.062663 0.063380
22 0.660574 0.396127 0.052219 0.059859
27 0.657963 0.510563 0.046997 0.063380
0 0.674935 0.642606 0.080940 0.109155