5 0.041555 0.105372 0.083110 0.128099
26 0.028150 0.250000 0.056300 0.095041
29 0.028150 0.400826 0.056300 0.099174
0 0.041555 0.555785 0.083110 0.128099
8 0.041555 0.704545 0.083110 0.128099
25 0.182306 0.832645 0.364611 0.070248
10 0.416890 0.117769 0.083110 0.128099
27 0.399464 0.260331 0.048257 0.074380
32 0.494638 0.371901 0.238606 0.057851
23 0.404826 0.462810 0.058981 0.082645
22 0.402145 0.568182 0.053619 0.070248
31 0.430295 0.673554 0.109920 0.057851
33 0.652815 0.107438 0.056300 0.090909
24 0.648794 0.262397 0.048257 0.078512
13 0.666220 0.386364 0.083110 0.128099
35 0.654155 0.533058 0.058981 0.074380
2 0.666220 0.712810 0.083110 0.128099
21 0.650134 0.888430 0.050938 0.074380
18 0.750670 0.066116 0.064343 0.090909
11 0.760054 0.208678 0.083110 0.128099
16 0.745308 0.363636 0.053619 0.074380
14 0.760054 0.526860 0.083110 0.128099
12 0.760054 0.716942 0.083110 0.128099
1 0.760054 0.902893 0.083110 0.128099
7 0.853887 0.101240 0.083110 0.128099
34 0.837802 0.241736 0.050938 0.086777
6 0.853887 0.382231 0.083110 0.128099
15 0.849866 0.526860 0.075067 0.086777
17 0.847185 0.667355 0.069705 0.086777
3 0.853887 0.811983 0.083110 0.128099
28 0.932976 0.076446 0.053619 0.086777
19 0.938338 0.181818 0.064343 0.074380
4 0.947721 0.340909 0.083110 0.128099
9 0.947721 0.522727 0.083110 0.128099
20 0.939678 0.683884 0.067024 0.086777
30 0.939678 0.832645 0.067024 0.103306