33 0.027415 0.104418 0.054830 0.088353
5 0.040470 0.279116 0.080940 0.124498
21 0.024804 0.417671 0.049608 0.072289
16 0.026110 0.538153 0.052219 0.072289
25 0.177546 0.644578 0.355091 0.068273
23 0.028721 0.755020 0.057441 0.080321
12 0.406005 0.082329 0.080940 0.124498
13 0.406005 0.230924 0.080940 0.124498
3 0.406005 0.423695 0.080940 0.124498
31 0.419060 0.590361 0.107050 0.056225
24 0.389034 0.716867 0.046997 0.076305
6 0.406005 0.877510 0.080940 0.124498
29 0.510444 0.108434 0.054830 0.096386
22 0.509138 0.242972 0.052219 0.068273
8 0.523499 0.403614 0.080940 0.124498
27 0.506527 0.526104 0.046997 0.072289
34 0.507833 0.640562 0.049608 0.084337
20 0.515666 0.781124 0.065274 0.084337
2 0.614883 0.122490 0.080940 0.124498
14 0.614883 0.295181 0.080940 0.124498
35 0.603133 0.445783 0.057441 0.072289
28 0.600522 0.576305 0.052219 0.084337
0 0.614883 0.704819 0.080940 0.124498
26 0.601828 0.861446 0.054830 0.092369
17 0.699739 0.098394 0.067885 0.084337
7 0.706266 0.234940 0.080940 0.124498
4 0.706266 0.415663 0.080940 0.124498
11 0.706266 0.564257 0.080940 0.124498
10 0.706266 0.740964 0.080940 0.124498
18 0.697128 0.879518 0.062663 0.088353
30 0.789817 0.098394 0.065274 0.100402
15 0.793734 0.214859 0.073107 0.084337
19 0.788512 0.357430 0.062663 0.072289
9 0.797650 0.524096 0.080940 0.124498
32 0.873368 0.650602 0.232376 0.056225
1 0.797650 0.781124 0.080940 0.124498