24 0.027692 0.077358 0.055385 0.071698
9 0.047692 0.220755 0.095385 0.116981
26 0.032308 0.352830 0.064615 0.086792
12 0.047692 0.492453 0.095385 0.116981
32 0.136923 0.630189 0.273846 0.052830
25 0.209231 0.749057 0.418462 0.064151
1 0.478462 0.084906 0.095385 0.116981
5 0.478462 0.254717 0.095385 0.116981
7 0.478462 0.428302 0.095385 0.116981
8 0.478462 0.571698 0.095385 0.116981
10 0.478462 0.715094 0.095385 0.116981
14 0.478462 0.866038 0.095385 0.116981
27 0.566154 0.056604 0.055385 0.067925
15 0.581538 0.186792 0.086154 0.079245
18 0.575385 0.309434 0.073846 0.083019
31 0.601538 0.407547 0.126154 0.052830
2 0.586154 0.556604 0.095385 0.116981
29 0.570769 0.720755 0.064615 0.090566
4 0.724615 0.111321 0.095385 0.116981
21 0.706154 0.233962 0.058462 0.067925
20 0.715385 0.383019 0.076923 0.079245
34 0.706154 0.522642 0.058462 0.079245
28 0.707692 0.669811 0.061538 0.079245
16 0.707692 0.766038 0.061538 0.067925
19 0.821538 0.071698 0.073846 0.067925
30 0.823077 0.228302 0.076923 0.094340
3 0.832308 0.394340 0.095385 0.116981
22 0.815385 0.503774 0.061538 0.064151
11 0.832308 0.643396 0.095385 0.116981
6 0.832308 0.798113 0.095385 0.116981
35 0.926154 0.064151 0.067692 0.067925
33 0.924615 0.196226 0.064615 0.083019
17 0.932308 0.345283 0.080000 0.079245
0 0.940000 0.488679 0.095385 0.116981
23 0.926154 0.607547 0.067692 0.075472
13 0.940000 0.726415 0.095385 0.116981