23 0.033846 0.065041 0.067692 0.081301
27 0.027692 0.223577 0.055385 0.073171
2 0.047692 0.359756 0.095385 0.126016
10 0.047692 0.554878 0.095385 0.126016
18 0.036923 0.703252 0.073846 0.089431
11 0.047692 0.851626 0.095385 0.126016
9 0.155385 0.103659 0.095385 0.126016
8 0.155385 0.310976 0.095385 0.126016
19 0.144615 0.459350 0.073846 0.073171
16 0.138462 0.593496 0.061538 0.073171
31 0.170769 0.707317 0.126154 0.056911
3 0.155385 0.871951 0.095385 0.126016
25 0.455385 0.058943 0.418462 0.069106
32 0.383077 0.199187 0.273846 0.056911
13 0.293846 0.355691 0.095385 0.126016
7 0.293846 0.506098 0.095385 0.126016
0 0.293846 0.689024 0.095385 0.126016
33 0.278462 0.825203 0.064615 0.089431
14 0.724615 0.111789 0.095385 0.126016
20 0.715385 0.258130 0.076923 0.085366
4 0.724615 0.445122 0.095385 0.126016
1 0.724615 0.611789 0.095385 0.126016
30 0.715385 0.766260 0.076923 0.101626
21 0.706154 0.882114 0.058462 0.073171
28 0.815385 0.099593 0.061538 0.085366
29 0.816923 0.235772 0.064615 0.097561
22 0.815385 0.380081 0.061538 0.069106
12 0.832308 0.546748 0.095385 0.126016
34 0.813846 0.701220 0.058462 0.085366
15 0.827692 0.843496 0.086154 0.085366
26 0.924615 0.091463 0.064615 0.093496
35 0.926154 0.223577 0.067692 0.073171
5 0.940000 0.400407 0.095385 0.126016
17 0.932308 0.583333 0.080000 0.085366
6 0.940000 0.733740 0.095385 0.126016
24 0.920000 0.912602 0.055385 0.077236