0 0.040470 0.099190 0.080940 0.125506
10 0.040470 0.269231 0.080940 0.125506
17 0.033943 0.402834 0.067885 0.085020
6 0.040470 0.580972 0.080940 0.125506
25 0.177546 0.755061 0.355091 0.068826
13 0.040470 0.888664 0.080940 0.125506
15 0.402089 0.078947 0.073107 0.085020
29 0.392950 0.230769 0.054830 0.097166
27 0.389034 0.360324 0.046997 0.072874
23 0.394256 0.489879 0.057441 0.080972
32 0.481723 0.611336 0.232376 0.056680
26 0.392950 0.751012 0.054830 0.093117
2 0.648825 0.087045 0.080940 0.125506
35 0.637076 0.206478 0.057441 0.072874
11 0.648825 0.366397 0.080940 0.125506
33 0.635770 0.506073 0.054830 0.089069
9 0.648825 0.637652 0.080940 0.125506
14 0.648825 0.840081 0.080940 0.125506
31 0.753264 0.064777 0.107050 0.056680
16 0.725849 0.194332 0.052219 0.072874
30 0.732376 0.305668 0.065274 0.101215
3 0.740209 0.455466 0.080940 0.125506
12 0.740209 0.661943 0.080940 0.125506
5 0.740209 0.852227 0.080940 0.125506
24 0.840731 0.058704 0.046997 0.076923
28 0.843342 0.176113 0.052219 0.085020
19 0.848564 0.279352 0.062663 0.072874
1 0.857702 0.410931 0.080940 0.125506
34 0.842037 0.576923 0.049608 0.085020
20 0.849869 0.734818 0.065274 0.085020
18 0.939948 0.076923 0.062663 0.089069
8 0.949086 0.253036 0.080940 0.125506
22 0.934726 0.374494 0.052219 0.068826
4 0.949086 0.548583 0.080940 0.125506
21 0.933420 0.720648 0.049608 0.072874
7 0.949086 0.840081 0.080940 0.125506