14 0.040470 0.087891 0.080940 0.121094
16 0.026110 0.230469 0.052219 0.070312
6 0.040470 0.380859 0.080940 0.121094
34 0.024804 0.529297 0.049608 0.082031
28 0.026110 0.630859 0.052219 0.082031
19 0.031332 0.730469 0.062663 0.070312
29 0.118799 0.078125 0.054830 0.093750
33 0.118799 0.187500 0.054830 0.085938
17 0.125326 0.337891 0.067885 0.082031
11 0.131854 0.513672 0.080940 0.121094
9 0.131854 0.701172 0.080940 0.121094
31 0.144909 0.851562 0.107050 0.054688
32 0.325065 0.085938 0.232376 0.054688
20 0.241514 0.212891 0.065274 0.082031
27 0.232376 0.351562 0.046997 0.070312
22 0.234987 0.490234 0.052219 0.066406
8 0.249347 0.658203 0.080940 0.121094
1 0.249347 0.822266 0.080940 0.121094
0 0.492167 0.095703 0.080940 0.121094
4 0.492167 0.287109 0.080940 0.121094
25 0.629243 0.439453 0.355091 0.066406
30 0.484334 0.552734 0.065274 0.097656
10 0.492167 0.708984 0.080940 0.121094
26 0.479112 0.884766 0.054830 0.089844
35 0.845953 0.070312 0.057441 0.070312
24 0.840731 0.181641 0.046997 0.074219
12 0.857702 0.318359 0.080940 0.121094
23 0.845953 0.453125 0.057441 0.078125
13 0.857702 0.607422 0.080940 0.121094
2 0.857702 0.783203 0.080940 0.121094
21 0.933420 0.058594 0.049608 0.070312
18 0.939948 0.214844 0.062663 0.085938
5 0.949086 0.365234 0.080940 0.121094
15 0.945170 0.541016 0.073107 0.082031
3 0.949086 0.708984 0.080940 0.121094
7 0.949086 0.861328 0.080940 0.121094