6 0.040470 0.117530 0.080940 0.123506
13 0.040470 0.300797 0.080940 0.123506
24 0.023499 0.456175 0.046997 0.075697
26 0.027415 0.591633 0.054830 0.091633
34 0.024804 0.707171 0.049608 0.083665
2 0.040470 0.874502 0.080940 0.123506
5 0.131854 0.109562 0.080940 0.123506
27 0.114883 0.250996 0.046997 0.071713
10 0.131854 0.396414 0.080940 0.123506
17 0.125326 0.539841 0.067885 0.083665
1 0.131854 0.715139 0.080940 0.123506
33 0.118799 0.860558 0.054830 0.087649
9 0.223238 0.081673 0.080940 0.123506
32 0.298956 0.211155 0.232376 0.055777
22 0.208877 0.312749 0.052219 0.067729
19 0.214099 0.430279 0.062663 0.071713
30 0.215405 0.539841 0.065274 0.099602
18 0.214099 0.669323 0.062663 0.087649
23 0.454308 0.099602 0.057441 0.079681
0 0.466057 0.225100 0.080940 0.123506
3 0.466057 0.400398 0.080940 0.123506
12 0.466057 0.595618 0.080940 0.123506
8 0.466057 0.762948 0.080940 0.123506
29 0.453003 0.900398 0.054830 0.095618
35 0.545692 0.055777 0.057441 0.071713
15 0.553525 0.197211 0.073107 0.083665
14 0.557441 0.352590 0.080940 0.123506
21 0.541775 0.525896 0.049608 0.071713
31 0.570496 0.637450 0.107050 0.055777
7 0.557441 0.770916 0.080940 0.123506
20 0.667102 0.093625 0.065274 0.083665
28 0.660574 0.241036 0.052219 0.083665
11 0.674935 0.376494 0.080940 0.123506
4 0.674935 0.535857 0.080940 0.123506
25 0.812010 0.687251 0.355091 0.067729
16 0.660574 0.796813 0.052219 0.071713