34 0.025469 0.066265 0.050938 0.084337
17 0.034853 0.190763 0.069705 0.084337
4 0.041555 0.347390 0.083110 0.124498
28 0.026810 0.491968 0.053619 0.084337
9 0.041555 0.668675 0.083110 0.124498
1 0.041555 0.829317 0.083110 0.124498
11 0.135389 0.086345 0.083110 0.124498
26 0.121984 0.238956 0.056300 0.092369
6 0.135389 0.379518 0.083110 0.124498
12 0.135389 0.584337 0.083110 0.124498
29 0.121984 0.726908 0.056300 0.096386
32 0.213137 0.879518 0.238606 0.056225
3 0.384718 0.106426 0.083110 0.124498
13 0.384718 0.271084 0.083110 0.124498
19 0.375335 0.393574 0.064343 0.072289
24 0.367292 0.508032 0.048257 0.076305
18 0.375335 0.654618 0.064343 0.088353
20 0.376676 0.785141 0.067024 0.084337
7 0.478552 0.122490 0.083110 0.124498
5 0.478552 0.315261 0.083110 0.124498
8 0.478552 0.487952 0.083110 0.124498
30 0.470509 0.620482 0.067024 0.100402
2 0.478552 0.789157 0.083110 0.124498
27 0.461126 0.935743 0.048257 0.072289
16 0.557641 0.060241 0.053619 0.072289
25 0.713137 0.190763 0.364611 0.068273
23 0.560322 0.305221 0.058981 0.080321
31 0.585791 0.393574 0.109920 0.056225
21 0.556300 0.526104 0.050938 0.072289
15 0.568365 0.668675 0.075067 0.084337
14 0.947721 0.082329 0.083110 0.124498
0 0.947721 0.267068 0.083110 0.124498
35 0.935657 0.441767 0.058981 0.072289
10 0.947721 0.580321 0.083110 0.124498
22 0.932976 0.700803 0.053619 0.068273
33 0.934316 0.799197 0.056300 0.088353