35 0.028721 0.093496 0.057441 0.073171
29 0.027415 0.219512 0.054830 0.097561
14 0.040470 0.384146 0.080940 0.126016
21 0.024804 0.556911 0.049608 0.073171
16 0.026110 0.678862 0.052219 0.073171
33 0.027415 0.833333 0.054830 0.089431
30 0.124021 0.111789 0.065274 0.101626
34 0.116188 0.274390 0.049608 0.085366
23 0.120104 0.414634 0.057441 0.081301
5 0.131854 0.550813 0.080940 0.126016
8 0.131854 0.758130 0.080940 0.126016
20 0.124021 0.884146 0.065274 0.085366
18 0.214099 0.069106 0.062663 0.089431
13 0.223238 0.233740 0.080940 0.126016
0 0.223238 0.412602 0.080940 0.126016
31 0.236292 0.536585 0.107050 0.056911
1 0.223238 0.660569 0.080940 0.126016
10 0.223238 0.843496 0.080940 0.126016
12 0.340731 0.087398 0.080940 0.126016
26 0.327676 0.217480 0.054830 0.093496
11 0.340731 0.380081 0.080940 0.126016
32 0.416449 0.500000 0.232376 0.056911
22 0.326371 0.636179 0.052219 0.069106
4 0.340731 0.778455 0.080940 0.126016
7 0.583551 0.099593 0.080940 0.126016
28 0.569191 0.229675 0.052219 0.085366
3 0.583551 0.388211 0.080940 0.126016
2 0.583551 0.542683 0.080940 0.126016
6 0.583551 0.741870 0.080940 0.126016
24 0.566580 0.867886 0.046997 0.077236
27 0.657963 0.069106 0.046997 0.073171
17 0.668407 0.193089 0.067885 0.085366
25 0.812010 0.302846 0.355091 0.069106
9 0.674935 0.428862 0.080940 0.126016
15 0.671018 0.558943 0.073107 0.085366
19 0.665796 0.695122 0.062663 0.073171