30 0.033245 0.095486 0.066489 0.086806
17 0.034574 0.192708 0.069149 0.072917
7 0.041223 0.348958 0.082447 0.107639
26 0.027926 0.487847 0.055851 0.079861
22 0.026596 0.612847 0.053191 0.059028
32 0.118351 0.684028 0.236702 0.048611
11 0.288564 0.088542 0.082447 0.107639
34 0.272606 0.213542 0.050532 0.072917
27 0.271277 0.340278 0.047872 0.062500
15 0.284574 0.460069 0.074468 0.072917
0 0.288564 0.619792 0.082447 0.107639
25 0.428191 0.762153 0.361702 0.059028
33 0.647606 0.059028 0.055851 0.076389
12 0.660904 0.175347 0.082447 0.107639
1 0.660904 0.348958 0.082447 0.107639
24 0.643617 0.494792 0.047872 0.065972
5 0.660904 0.644097 0.082447 0.107639
21 0.644947 0.770833 0.050532 0.062500
3 0.753989 0.074653 0.082447 0.107639
9 0.753989 0.223958 0.082447 0.107639
16 0.739362 0.368056 0.053191 0.062500
13 0.753989 0.473958 0.082447 0.107639
31 0.767287 0.621528 0.109043 0.048611
20 0.746011 0.751736 0.066489 0.072917
28 0.859043 0.053819 0.053191 0.072917
29 0.860372 0.166667 0.055851 0.083333
18 0.864362 0.267361 0.063830 0.076389
35 0.861702 0.371528 0.058511 0.062500
19 0.864362 0.479167 0.063830 0.062500
23 0.861702 0.583333 0.058511 0.069444
6 0.948138 0.105903 0.082447 0.107639
10 0.948138 0.262153 0.082447 0.107639
2 0.948138 0.418403 0.082447 0.107639
14 0.948138 0.557292 0.082447 0.107639
8 0.948138 0.730903 0.082447 0.107639
4 0.948138 0.897569 0.082447 0.107639