26 0.027415 0.085062 0.054830 0.095436
27 0.023499 0.228216 0.046997 0.074689
23 0.028721 0.352697 0.057441 0.082988
30 0.032637 0.470954 0.065274 0.103734
31 0.053525 0.576763 0.107050 0.058091
10 0.040470 0.740664 0.080940 0.128631
33 0.144909 0.066390 0.054830 0.091286
14 0.157963 0.251037 0.080940 0.128631
28 0.143603 0.379668 0.052219 0.087137
4 0.157963 0.508299 0.080940 0.128631
25 0.295039 0.674274 0.355091 0.070539
13 0.157963 0.844398 0.080940 0.128631
7 0.523499 0.093361 0.080940 0.128631
32 0.599217 0.211618 0.232376 0.058091
8 0.523499 0.354772 0.080940 0.128631
12 0.523499 0.558091 0.080940 0.128631
5 0.523499 0.740664 0.080940 0.128631
18 0.514360 0.917012 0.062663 0.091286
19 0.757180 0.087137 0.062663 0.074689
24 0.749347 0.201245 0.046997 0.078838
17 0.759791 0.329876 0.067885 0.087137
20 0.758486 0.462656 0.065274 0.087137
6 0.766319 0.599585 0.080940 0.128631
35 0.754569 0.730290 0.057441 0.074689
2 0.857702 0.105809 0.080940 0.128631
15 0.853786 0.292531 0.073107 0.087137
9 0.857702 0.483402 0.080940 0.128631
0 0.857702 0.636929 0.080940 0.128631
34 0.842037 0.790456 0.049608 0.087137
21 0.842037 0.896266 0.049608 0.074689
11 0.949086 0.114108 0.080940 0.128631
29 0.936031 0.248963 0.054830 0.099585
22 0.934726 0.400415 0.052219 0.070539
1 0.949086 0.529046 0.080940 0.128631
16 0.934726 0.684647 0.052219 0.074689
3 0.949086 0.856846 0.080940 0.128631