27 0.023499 0.058824 0.046997 0.075630
32 0.116188 0.189076 0.232376 0.058824
9 0.040470 0.308824 0.080940 0.130252
6 0.040470 0.460084 0.080940 0.130252
8 0.040470 0.619748 0.080940 0.130252
20 0.032637 0.783613 0.065274 0.088235
3 0.283290 0.094538 0.080940 0.130252
28 0.268930 0.241597 0.052219 0.088235
25 0.420366 0.346639 0.355091 0.071429
11 0.283290 0.493697 0.080940 0.130252
16 0.268930 0.647059 0.052219 0.075630
2 0.283290 0.787815 0.080940 0.130252
5 0.648825 0.111345 0.080940 0.130252
14 0.648825 0.271008 0.080940 0.130252
1 0.648825 0.434874 0.080940 0.130252
33 0.635770 0.584034 0.054830 0.092437
22 0.634465 0.691176 0.052219 0.071429
7 0.648825 0.863445 0.080940 0.130252
31 0.753264 0.050420 0.107050 0.058824
4 0.740209 0.174370 0.080940 0.130252
30 0.732376 0.321429 0.065274 0.105042
26 0.727154 0.451681 0.054830 0.096639
19 0.731070 0.558824 0.062663 0.075630
21 0.724543 0.655462 0.049608 0.075630
13 0.857702 0.123950 0.080940 0.130252
24 0.840731 0.292017 0.046997 0.079832
34 0.842037 0.397059 0.049608 0.088235
29 0.844648 0.575630 0.054830 0.100840
10 0.857702 0.741597 0.080940 0.130252
15 0.853786 0.930672 0.073107 0.088235
0 0.949086 0.123950 0.080940 0.130252
17 0.942559 0.296218 0.067885 0.088235
12 0.949086 0.430672 0.080940 0.130252
23 0.937337 0.605042 0.057441 0.084034
35 0.937337 0.752101 0.057441 0.075630
18 0.939948 0.878151 0.062663 0.092437