10 0.040470 0.103922 0.080940 0.121569
1 0.040470 0.268627 0.080940 0.121569
19 0.031332 0.384314 0.062663 0.070588
25 0.177546 0.511765 0.355091 0.066667
24 0.023499 0.633333 0.046997 0.074510
12 0.040470 0.790196 0.080940 0.121569
21 0.390339 0.094118 0.049608 0.070588
29 0.392950 0.211765 0.054830 0.094118
0 0.406005 0.362745 0.080940 0.121569
23 0.394256 0.498039 0.057441 0.078431
20 0.398172 0.605882 0.065274 0.082353
28 0.391645 0.723529 0.052219 0.082353
7 0.497389 0.107843 0.080940 0.121569
15 0.493473 0.229412 0.073107 0.082353
3 0.497389 0.394118 0.080940 0.121569
9 0.497389 0.582353 0.080940 0.121569
27 0.480418 0.713725 0.046997 0.070588
22 0.483029 0.856863 0.052219 0.066667
5 0.588773 0.111765 0.080940 0.121569
30 0.580940 0.284314 0.065274 0.098039
34 0.573107 0.413725 0.049608 0.082353
33 0.575718 0.572549 0.054830 0.086275
18 0.579634 0.713725 0.062663 0.086275
32 0.664491 0.835294 0.232376 0.054902
8 0.831593 0.119608 0.080940 0.121569
26 0.818538 0.284314 0.054830 0.090196
17 0.825065 0.398039 0.067885 0.082353
2 0.831593 0.562745 0.080940 0.121569
13 0.831593 0.731373 0.080940 0.121569
6 0.831593 0.896078 0.080940 0.121569
14 0.922977 0.092157 0.080940 0.121569
35 0.911227 0.235294 0.057441 0.070588
31 0.936031 0.333333 0.107050 0.054902
11 0.922977 0.452941 0.080940 0.121569
16 0.908616 0.596078 0.052219 0.070588
4 0.922977 0.739216 0.080940 0.121569