35 0.028721 0.082031 0.057441 0.070312
28 0.026110 0.228516 0.052219 0.082031
0 0.040470 0.384766 0.080940 0.121094
21 0.024804 0.558594 0.049608 0.070312
17 0.033943 0.693359 0.067885 0.082031
33 0.027415 0.796875 0.054830 0.085938
26 0.118799 0.072266 0.054830 0.089844
24 0.114883 0.173828 0.046997 0.074219
16 0.117493 0.273438 0.052219 0.070312
3 0.131854 0.392578 0.080940 0.121094
27 0.114883 0.542969 0.046997 0.070312
13 0.131854 0.685547 0.080940 0.121094
11 0.223238 0.087891 0.080940 0.121094
30 0.215405 0.267578 0.065274 0.097656
8 0.223238 0.412109 0.080940 0.121094
19 0.214099 0.578125 0.062663 0.070312
18 0.214099 0.734375 0.062663 0.085938
2 0.223238 0.904297 0.080940 0.121094
25 0.451697 0.052734 0.355091 0.066406
1 0.314621 0.201172 0.080940 0.121094
29 0.301567 0.371094 0.054830 0.093750
9 0.314621 0.552734 0.080940 0.121094
4 0.314621 0.701172 0.080940 0.121094
6 0.314621 0.865234 0.080940 0.121094
5 0.680157 0.111328 0.080940 0.121094
34 0.664491 0.263672 0.049608 0.082031
15 0.676240 0.400391 0.073107 0.082031
31 0.693211 0.511719 0.107050 0.054688
12 0.680157 0.646484 0.080940 0.121094
23 0.668407 0.789062 0.057441 0.078125
7 0.797650 0.095703 0.080940 0.121094
14 0.797650 0.248047 0.080940 0.121094
10 0.797650 0.419922 0.080940 0.121094
32 0.873368 0.531250 0.232376 0.054688
20 0.789817 0.662109 0.065274 0.082031
22 0.783290 0.759766 0.052219 0.066406