23 0.029491 0.060000 0.058981 0.080000
28 0.026810 0.222000 0.053619 0.084000
0 0.041555 0.374000 0.083110 0.124000
6 0.041555 0.522000 0.083110 0.124000
22 0.026810 0.650000 0.053619 0.068000
4 0.041555 0.790000 0.083110 0.124000
17 0.128686 0.098000 0.069705 0.084000
8 0.135389 0.230000 0.083110 0.124000
15 0.131367 0.374000 0.075067 0.084000
1 0.135389 0.510000 0.083110 0.124000
5 0.135389 0.674000 0.083110 0.124000
19 0.126005 0.840000 0.064343 0.072000
25 0.369973 0.062000 0.364611 0.068000
12 0.229223 0.218000 0.083110 0.124000
21 0.213137 0.388000 0.050938 0.072000
9 0.229223 0.534000 0.083110 0.124000
35 0.217158 0.652000 0.058981 0.072000
14 0.229223 0.794000 0.083110 0.124000
11 0.604558 0.094000 0.083110 0.124000
34 0.588472 0.262000 0.050938 0.084000
29 0.591153 0.380000 0.056300 0.096000
18 0.595174 0.528000 0.064343 0.088000
10 0.604558 0.682000 0.083110 0.124000
3 0.604558 0.858000 0.083110 0.124000
2 0.698391 0.082000 0.083110 0.124000
31 0.711796 0.216000 0.109920 0.056000
32 0.776139 0.304000 0.238606 0.056000
27 0.680965 0.416000 0.048257 0.072000
13 0.698391 0.570000 0.083110 0.124000
20 0.690349 0.718000 0.067024 0.084000
16 0.932976 0.088000 0.053619 0.072000
7 0.947721 0.258000 0.083110 0.124000
26 0.934316 0.394000 0.056300 0.092000
30 0.939678 0.546000 0.067024 0.100000
33 0.934316 0.688000 0.056300 0.088000
24 0.930295 0.814000 0.048257 0.076000