2 0.040789 0.100791 0.081579 0.122530
18 0.031579 0.280632 0.063158 0.086957
10 0.040789 0.405138 0.081579 0.122530
4 0.040789 0.586957 0.081579 0.122530
29 0.027632 0.735178 0.055263 0.094862
32 0.117105 0.837945 0.234211 0.055336
13 0.285526 0.120553 0.081579 0.122530
25 0.423684 0.258893 0.357895 0.067194
28 0.271053 0.397233 0.052632 0.083004
7 0.285526 0.523715 0.081579 0.122530
12 0.285526 0.705534 0.081579 0.122530
5 0.285526 0.891304 0.081579 0.122530
26 0.640789 0.081028 0.055263 0.090909
8 0.653947 0.211462 0.081579 0.122530
23 0.642105 0.379447 0.057895 0.079051
16 0.639474 0.505929 0.052632 0.071146
27 0.636842 0.620553 0.047368 0.071146
1 0.653947 0.756917 0.081579 0.122530
21 0.730263 0.086957 0.050000 0.071146
34 0.730263 0.235178 0.050000 0.083004
30 0.738158 0.393281 0.065789 0.098814
22 0.731579 0.515810 0.052632 0.067194
17 0.739474 0.638340 0.068421 0.083004
15 0.742105 0.780632 0.073684 0.083004
35 0.818421 0.075099 0.057895 0.071146
9 0.830263 0.231225 0.081579 0.122530
0 0.830263 0.385375 0.081579 0.122530
19 0.821053 0.549407 0.063158 0.071146
33 0.817105 0.664032 0.055263 0.086957
20 0.822368 0.820158 0.065789 0.083004
31 0.935526 0.075099 0.107895 0.055336
24 0.905263 0.179842 0.047368 0.075099
11 0.922368 0.298419 0.081579 0.122530
3 0.922368 0.480237 0.081579 0.122530
14 0.922368 0.658103 0.081579 0.122530
6 0.922368 0.800395 0.081579 0.122530