9 0.040470 0.083012 0.080940 0.119691
32 0.116188 0.189189 0.232376 0.054054
10 0.040470 0.337838 0.080940 0.119691
15 0.036554 0.484556 0.073107 0.081081
19 0.031332 0.583012 0.062663 0.069498
28 0.026110 0.727799 0.052219 0.081081
16 0.268930 0.054054 0.052219 0.069498
20 0.275457 0.152510 0.065274 0.081081
35 0.271540 0.262548 0.057441 0.069498
0 0.283290 0.380309 0.080940 0.119691
2 0.283290 0.527027 0.080940 0.119691
18 0.274151 0.667954 0.062663 0.084942
29 0.361619 0.065637 0.054830 0.092664
8 0.374674 0.191120 0.080940 0.119691
27 0.357702 0.343629 0.046997 0.069498
7 0.374674 0.469112 0.080940 0.119691
22 0.360313 0.604247 0.052219 0.065637
25 0.511749 0.708494 0.355091 0.065637
6 0.740209 0.102317 0.080940 0.119691
26 0.727154 0.283784 0.054830 0.088803
31 0.753264 0.397683 0.107050 0.054054
34 0.724543 0.511583 0.049608 0.081081
13 0.740209 0.669884 0.080940 0.119691
21 0.724543 0.814672 0.049608 0.069498
24 0.840731 0.055985 0.046997 0.073359
4 0.857702 0.229730 0.080940 0.119691
1 0.857702 0.391892 0.080940 0.119691
12 0.857702 0.565637 0.080940 0.119691
14 0.857702 0.758687 0.080940 0.119691
33 0.844648 0.911197 0.054830 0.084942
17 0.942559 0.071429 0.067885 0.081081
23 0.937337 0.216216 0.057441 0.077220
30 0.941253 0.330116 0.065274 0.096525
3 0.949086 0.476834 0.080940 0.119691
5 0.949086 0.666023 0.080940 0.119691
11 0.949086 0.820463 0.080940 0.119691