26 0.027415 0.104082 0.054830 0.093878
24 0.023499 0.267347 0.046997 0.077551
7 0.040470 0.406122 0.080940 0.126531
16 0.026110 0.587755 0.052219 0.073469
25 0.177546 0.728571 0.355091 0.069388
13 0.040470 0.846939 0.080940 0.126531
10 0.406005 0.120408 0.080940 0.126531
6 0.406005 0.300000 0.080940 0.126531
4 0.406005 0.483673 0.080940 0.126531
29 0.392950 0.653061 0.054830 0.097959
21 0.390339 0.808163 0.049608 0.073469
15 0.402089 0.912245 0.073107 0.085714
17 0.490862 0.100000 0.067885 0.085714
28 0.483029 0.210204 0.052219 0.085714
1 0.497389 0.377551 0.080940 0.126531
14 0.497389 0.548980 0.080940 0.126531
5 0.497389 0.724490 0.080940 0.126531
19 0.488251 0.844898 0.062663 0.073469
27 0.571802 0.081633 0.046997 0.073469
31 0.601828 0.195918 0.107050 0.057143
8 0.588773 0.316327 0.080940 0.126531
11 0.588773 0.524490 0.080940 0.126531
12 0.588773 0.683673 0.080940 0.126531
0 0.588773 0.830612 0.080940 0.126531
33 0.693211 0.081633 0.054830 0.089796
23 0.694517 0.240816 0.057441 0.081633
2 0.706266 0.377551 0.080940 0.126531
20 0.698433 0.520408 0.065274 0.085714
18 0.697128 0.689796 0.062663 0.089796
9 0.706266 0.863265 0.080940 0.126531
22 0.783290 0.059184 0.052219 0.069388
34 0.781984 0.165306 0.049608 0.085714
3 0.797650 0.312245 0.080940 0.126531
35 0.785901 0.473469 0.057441 0.073469
32 0.873368 0.583673 0.232376 0.057143
30 0.789817 0.728571 0.065274 0.102041