11 0.047692 0.095528 0.095385 0.126016
34 0.029231 0.233740 0.058462 0.085366
9 0.047692 0.367886 0.095385 0.126016
8 0.047692 0.530488 0.095385 0.126016
29 0.032308 0.715447 0.064615 0.097561
14 0.047692 0.851626 0.095385 0.126016
10 0.155385 0.103659 0.095385 0.126016
12 0.155385 0.254065 0.095385 0.126016
23 0.141538 0.394309 0.067692 0.081301
27 0.135385 0.544715 0.055385 0.073171
33 0.140000 0.691057 0.064615 0.089431
6 0.155385 0.880081 0.095385 0.126016
5 0.263077 0.107724 0.095385 0.126016
32 0.352308 0.223577 0.273846 0.056911
25 0.424615 0.327236 0.418462 0.069106
2 0.263077 0.506098 0.095385 0.126016
26 0.247692 0.689024 0.064615 0.093496
13 0.263077 0.880081 0.095385 0.126016
31 0.709231 0.069106 0.126154 0.056911
0 0.693846 0.180894 0.095385 0.126016
17 0.686154 0.335366 0.080000 0.085366
4 0.693846 0.481707 0.095385 0.126016
22 0.676923 0.611789 0.061538 0.069106
21 0.675385 0.723577 0.058462 0.073171
1 0.832308 0.083333 0.095385 0.126016
30 0.823077 0.274390 0.076923 0.101626
15 0.827692 0.428862 0.086154 0.085366
3 0.832308 0.558943 0.095385 0.126016
19 0.821538 0.707317 0.073846 0.073171
35 0.818462 0.857724 0.067692 0.073171
28 0.923077 0.091463 0.061538 0.085366
20 0.930769 0.250000 0.076923 0.085366
24 0.920000 0.408537 0.055385 0.077236
7 0.940000 0.571138 0.095385 0.126016
18 0.929231 0.756098 0.073846 0.089431
16 0.923077 0.882114 0.061538 0.073171