20 0.040064 0.071429 0.080128 0.085714
19 0.038462 0.208163 0.076923 0.073469
27 0.028846 0.318367 0.057692 0.073469
15 0.044872 0.430612 0.089744 0.085714
23 0.035256 0.575510 0.070513 0.081633
35 0.035256 0.697959 0.070513 0.073469
3 0.152244 0.083673 0.099359 0.126531
16 0.134615 0.228571 0.064103 0.073469
9 0.152244 0.381633 0.099359 0.126531
10 0.152244 0.557143 0.099359 0.126531
28 0.134615 0.683673 0.064103 0.085714
14 0.152244 0.810204 0.099359 0.126531
25 0.432692 0.091837 0.435897 0.069388
31 0.280449 0.236735 0.131410 0.057143
17 0.256410 0.328571 0.083333 0.085714
11 0.264423 0.455102 0.099359 0.126531
26 0.248397 0.646939 0.067308 0.093878
32 0.357372 0.779592 0.285256 0.057143
7 0.713141 0.100000 0.099359 0.126531
29 0.697115 0.285714 0.067308 0.097959
18 0.701923 0.432653 0.076923 0.089796
13 0.713141 0.589796 0.099359 0.126531
34 0.693910 0.773469 0.060897 0.085714
33 0.697115 0.885714 0.067308 0.089796
2 0.825321 0.104082 0.099359 0.126531
1 0.825321 0.251020 0.099359 0.126531
0 0.825321 0.434694 0.099359 0.126531
8 0.825321 0.593878 0.099359 0.126531
22 0.807692 0.720408 0.064103 0.069388
6 0.825321 0.867347 0.099359 0.126531
24 0.916667 0.091837 0.057692 0.077551
12 0.937500 0.267347 0.099359 0.126531
4 0.937500 0.438776 0.099359 0.126531
30 0.927885 0.589796 0.080128 0.102041
21 0.918269 0.706122 0.060897 0.073469
5 0.937500 0.879592 0.099359 0.126531