15 0.037534 0.093750 0.075067 0.087500
27 0.024129 0.208333 0.048257 0.075000
13 0.041555 0.364583 0.083110 0.129167
23 0.029491 0.512500 0.058981 0.083333
34 0.025469 0.643750 0.050938 0.087500
11 0.041555 0.802083 0.083110 0.129167
19 0.126005 0.083333 0.064343 0.075000
25 0.276139 0.235417 0.364611 0.070833
30 0.127346 0.397917 0.067024 0.104167
12 0.135389 0.577083 0.083110 0.129167
31 0.148794 0.708333 0.109920 0.058333
29 0.121984 0.870833 0.056300 0.100000
17 0.504021 0.093750 0.069705 0.087500
0 0.510724 0.281250 0.083110 0.129167
24 0.493298 0.427083 0.048257 0.079167
22 0.495979 0.556250 0.053619 0.070833
4 0.510724 0.727083 0.083110 0.129167
9 0.510724 0.906250 0.083110 0.129167
2 0.604558 0.122917 0.083110 0.129167
16 0.589812 0.279167 0.053619 0.075000
5 0.604558 0.460417 0.083110 0.129167
33 0.591153 0.595833 0.056300 0.091667
32 0.682306 0.691667 0.238606 0.058333
10 0.604558 0.810417 0.083110 0.129167
6 0.853887 0.085417 0.083110 0.129167
28 0.839142 0.247917 0.053619 0.087500
8 0.853887 0.402083 0.083110 0.129167
14 0.853887 0.597917 0.083110 0.129167
20 0.845845 0.768750 0.067024 0.087500
35 0.841823 0.870833 0.058981 0.075000
3 0.947721 0.102083 0.083110 0.129167
26 0.934316 0.281250 0.056300 0.095833
1 0.947721 0.460417 0.083110 0.129167
18 0.938338 0.616667 0.064343 0.091667
7 0.947721 0.760417 0.083110 0.129167
21 0.931635 0.887500 0.050938 0.075000