35 0.034921 0.093878 0.069841 0.073469
15 0.044444 0.255102 0.088889 0.085714
18 0.038095 0.420408 0.076190 0.089796
6 0.049206 0.548980 0.098413 0.126531
0 0.049206 0.748980 0.098413 0.126531
7 0.049206 0.895918 0.098413 0.126531
10 0.160317 0.116327 0.098413 0.126531
24 0.139683 0.263265 0.057143 0.077551
11 0.160317 0.410204 0.098413 0.126531
4 0.160317 0.606122 0.098413 0.126531
28 0.142857 0.748980 0.063492 0.085714
34 0.141270 0.867347 0.060317 0.085714
16 0.253968 0.081633 0.063492 0.073469
12 0.271429 0.255102 0.098413 0.126531
22 0.253968 0.422449 0.063492 0.069388
9 0.271429 0.597959 0.098413 0.126531
33 0.255556 0.746939 0.066667 0.089796
1 0.271429 0.875510 0.098413 0.126531
32 0.474603 0.048980 0.282540 0.057143
25 0.549206 0.165306 0.431746 0.069388
31 0.398413 0.265306 0.130159 0.057143
8 0.382540 0.406122 0.098413 0.126531
21 0.363492 0.542857 0.060317 0.073469
13 0.382540 0.683673 0.098413 0.126531
2 0.826984 0.095918 0.098413 0.126531
26 0.811111 0.271429 0.066667 0.093878
20 0.817460 0.389796 0.079365 0.085714
17 0.819048 0.520408 0.082540 0.085714
14 0.826984 0.651020 0.098413 0.126531
23 0.812698 0.800000 0.069841 0.081633
3 0.938095 0.087755 0.098413 0.126531
19 0.926984 0.208163 0.076190 0.073469
5 0.938095 0.336735 0.098413 0.126531
29 0.922222 0.506122 0.066667 0.097959
30 0.928571 0.679592 0.079365 0.102041
27 0.917460 0.795918 0.057143 0.073469