18 0.031332 0.071713 0.062663 0.087649
4 0.040470 0.221116 0.080940 0.123506
25 0.177546 0.376494 0.355091 0.067729
7 0.040470 0.535857 0.080940 0.123506
16 0.026110 0.681275 0.052219 0.071713
19 0.031332 0.828685 0.062663 0.071713
11 0.406005 0.097610 0.080940 0.123506
23 0.394256 0.258964 0.057441 0.079681
1 0.406005 0.380478 0.080940 0.123506
0 0.406005 0.543825 0.080940 0.123506
12 0.406005 0.747012 0.080940 0.123506
14 0.406005 0.898406 0.080940 0.123506
34 0.481723 0.081673 0.049608 0.083665
20 0.489556 0.225100 0.065274 0.083665
6 0.497389 0.356574 0.080940 0.123506
28 0.483029 0.527888 0.052219 0.083665
30 0.489556 0.655378 0.065274 0.099602
35 0.485640 0.820717 0.057441 0.071713
31 0.601828 0.047809 0.107050 0.055777
21 0.573107 0.187251 0.049608 0.071713
13 0.588773 0.352590 0.080940 0.123506
8 0.588773 0.551793 0.080940 0.123506
9 0.588773 0.750996 0.080940 0.123506
22 0.574413 0.882470 0.052219 0.067729
2 0.706266 0.093625 0.080940 0.123506
24 0.689295 0.241036 0.046997 0.075697
3 0.706266 0.392430 0.080940 0.123506
33 0.693211 0.557769 0.054830 0.087649
26 0.693211 0.683267 0.054830 0.091633
17 0.699739 0.814741 0.067885 0.083665
29 0.784595 0.095618 0.054830 0.095618
10 0.797650 0.225100 0.080940 0.123506
27 0.780679 0.350598 0.046997 0.071713
5 0.797650 0.488048 0.080940 0.123506
15 0.793734 0.639442 0.073107 0.083665
32 0.873368 0.780876 0.232376 0.055777