8 0.040470 0.105809 0.080940 0.128631
3 0.040470 0.263485 0.080940 0.128631
1 0.040470 0.454357 0.080940 0.128631
33 0.027415 0.601660 0.054830 0.091286
29 0.027415 0.780083 0.054830 0.099585
32 0.116188 0.941909 0.232376 0.058091
16 0.268930 0.066390 0.052219 0.074689
20 0.275457 0.217842 0.065274 0.087137
30 0.275457 0.334025 0.065274 0.103734
12 0.283290 0.491701 0.080940 0.128631
0 0.283290 0.649378 0.080940 0.128631
13 0.283290 0.827801 0.080940 0.128631
21 0.359008 0.091286 0.049608 0.074689
5 0.374674 0.267635 0.080940 0.128631
4 0.374674 0.425311 0.080940 0.128631
10 0.374674 0.612033 0.080940 0.128631
25 0.511749 0.736515 0.355091 0.070539
7 0.374674 0.860996 0.080940 0.128631
2 0.740209 0.105809 0.080940 0.128631
27 0.723238 0.269710 0.046997 0.074689
23 0.728460 0.385892 0.057441 0.082988
18 0.731070 0.522822 0.062663 0.091286
15 0.736292 0.678423 0.073107 0.087137
26 0.727154 0.815353 0.054830 0.095436
9 0.831593 0.118257 0.080940 0.128631
19 0.822454 0.269710 0.062663 0.074689
17 0.825065 0.371369 0.067885 0.087137
22 0.817232 0.479253 0.052219 0.070539
35 0.819843 0.597510 0.057441 0.074689
14 0.831593 0.761411 0.080940 0.128631
11 0.922977 0.122407 0.080940 0.128631
31 0.936031 0.273859 0.107050 0.058091
24 0.906005 0.425311 0.046997 0.078838
34 0.907311 0.533195 0.049608 0.087137
28 0.908616 0.665975 0.052219 0.087137
6 0.922977 0.802905 0.080940 0.128631