7 0.041555 0.107004 0.083110 0.120623
14 0.041555 0.289883 0.083110 0.120623
16 0.026810 0.431907 0.053619 0.070039
22 0.026810 0.570039 0.053619 0.066148
8 0.041555 0.694553 0.083110 0.120623
11 0.041555 0.850195 0.083110 0.120623
29 0.121984 0.105058 0.056300 0.093385
2 0.135389 0.285992 0.083110 0.120623
17 0.128686 0.433852 0.069705 0.081712
12 0.135389 0.601167 0.083110 0.120623
23 0.123324 0.719844 0.058981 0.077821
13 0.135389 0.869650 0.083110 0.120623
35 0.217158 0.085603 0.058981 0.070039
15 0.225201 0.235409 0.075067 0.081712
5 0.229223 0.402724 0.083110 0.120623
32 0.306971 0.513619 0.238606 0.054475
4 0.229223 0.667315 0.083110 0.120623
1 0.229223 0.830739 0.083110 0.120623
0 0.478552 0.103113 0.083110 0.120623
30 0.470509 0.278210 0.067024 0.097276
24 0.461126 0.429961 0.048257 0.073930
21 0.462466 0.568093 0.050938 0.070039
3 0.478552 0.714008 0.083110 0.120623
34 0.462466 0.873541 0.050938 0.081712
9 0.572386 0.103113 0.083110 0.120623
33 0.558981 0.241245 0.056300 0.085603
20 0.564343 0.379377 0.067024 0.081712
27 0.554960 0.498054 0.048257 0.070039
28 0.557641 0.624514 0.053619 0.081712
26 0.558981 0.733463 0.056300 0.089494
19 0.656836 0.070039 0.064343 0.070039
25 0.806971 0.161479 0.364611 0.066148
31 0.679625 0.299611 0.109920 0.054475
18 0.656836 0.400778 0.064343 0.085603
10 0.666220 0.523346 0.083110 0.120623
6 0.666220 0.675097 0.083110 0.120623