9 0.040470 0.103376 0.080940 0.130802
10 0.040470 0.259494 0.080940 0.130802
17 0.033943 0.407173 0.067885 0.088608
31 0.053525 0.518987 0.107050 0.059072
34 0.024804 0.672996 0.049608 0.088608
16 0.026110 0.814346 0.052219 0.075949
21 0.142298 0.101266 0.049608 0.075949
12 0.157963 0.272152 0.080940 0.130802
35 0.146214 0.413502 0.057441 0.075949
15 0.154047 0.533755 0.073107 0.088608
29 0.144909 0.713080 0.054830 0.101266
14 0.157963 0.850211 0.080940 0.130802
30 0.241514 0.099156 0.065274 0.105485
26 0.236292 0.234177 0.054830 0.097046
32 0.325065 0.379747 0.232376 0.059072
2 0.249347 0.525316 0.080940 0.130802
6 0.249347 0.681435 0.080940 0.130802
33 0.236292 0.827004 0.054830 0.092827
7 0.492167 0.116034 0.080940 0.130802
24 0.475196 0.246835 0.046997 0.080169
18 0.483029 0.379747 0.062663 0.092827
27 0.475196 0.518987 0.046997 0.075949
11 0.492167 0.677215 0.080940 0.130802
25 0.629243 0.808017 0.355091 0.071730
13 0.857702 0.086498 0.080940 0.130802
1 0.857702 0.238397 0.080940 0.130802
22 0.843342 0.360759 0.052219 0.071730
3 0.857702 0.495781 0.080940 0.130802
0 0.857702 0.677215 0.080940 0.130802
4 0.857702 0.879747 0.080940 0.130802
20 0.941253 0.073840 0.065274 0.088608
5 0.949086 0.217300 0.080940 0.130802
28 0.934726 0.386076 0.052219 0.088608
19 0.939948 0.502110 0.062663 0.075949
23 0.937337 0.624473 0.057441 0.084388
8 0.949086 0.782700 0.080940 0.130802