33 0.027415 0.075397 0.054830 0.087302
25 0.177546 0.228175 0.355091 0.067460
21 0.024804 0.321429 0.049608 0.071429
22 0.026110 0.450397 0.052219 0.067460
14 0.040470 0.605159 0.080940 0.123016
12 0.040470 0.787698 0.080940 0.123016
5 0.406005 0.121032 0.080940 0.123016
2 0.406005 0.271825 0.080940 0.123016
10 0.406005 0.426587 0.080940 0.123016
20 0.398172 0.585317 0.065274 0.083333
19 0.396867 0.702381 0.062663 0.071429
9 0.406005 0.851190 0.080940 0.123016
1 0.497389 0.113095 0.080940 0.123016
13 0.497389 0.263889 0.080940 0.123016
29 0.484334 0.444444 0.054830 0.095238
7 0.497389 0.593254 0.080940 0.123016
6 0.497389 0.744048 0.080940 0.123016
35 0.485640 0.904762 0.057441 0.071429
27 0.571802 0.055556 0.046997 0.071429
34 0.573107 0.172619 0.049608 0.083333
15 0.584856 0.291667 0.073107 0.083333
16 0.574413 0.396825 0.052219 0.071429
0 0.588773 0.541667 0.080940 0.123016
31 0.601828 0.702381 0.107050 0.055556
26 0.693211 0.105159 0.054830 0.091270
32 0.781984 0.230159 0.232376 0.055556
24 0.689295 0.319444 0.046997 0.075397
8 0.706266 0.450397 0.080940 0.123016
17 0.699739 0.621032 0.067885 0.083333
28 0.691906 0.775794 0.052219 0.083333
23 0.937337 0.095238 0.057441 0.079365
11 0.949086 0.244048 0.080940 0.123016
3 0.949086 0.386905 0.080940 0.123016
18 0.939948 0.551587 0.062663 0.087302
30 0.941253 0.676587 0.065274 0.099206
4 0.949086 0.863095 0.080940 0.123016