29 0.027415 0.109312 0.054830 0.097166
32 0.116188 0.238866 0.232376 0.056680
13 0.040470 0.390688 0.080940 0.125506
21 0.024804 0.562753 0.049608 0.072874
23 0.028721 0.668016 0.057441 0.080972
7 0.040470 0.791498 0.080940 0.125506
22 0.268930 0.095142 0.052219 0.068826
15 0.279373 0.228745 0.073107 0.085020
25 0.420366 0.378543 0.355091 0.068826
3 0.283290 0.512146 0.080940 0.125506
9 0.283290 0.670040 0.080940 0.125506
28 0.268930 0.815789 0.052219 0.085020
19 0.639687 0.080972 0.062663 0.072874
6 0.648825 0.204453 0.080940 0.125506
8 0.648825 0.410931 0.080940 0.125506
31 0.661880 0.542510 0.107050 0.056680
4 0.648825 0.706478 0.080940 0.125506
34 0.633159 0.884615 0.049608 0.085020
27 0.749347 0.056680 0.046997 0.072874
14 0.766319 0.236842 0.080940 0.125506
2 0.766319 0.382591 0.080940 0.125506
12 0.766319 0.532389 0.080940 0.125506
26 0.753264 0.694332 0.054830 0.093117
10 0.766319 0.872470 0.080940 0.125506
35 0.845953 0.064777 0.057441 0.072874
24 0.840731 0.184211 0.046997 0.076923
33 0.844648 0.323887 0.054830 0.089069
16 0.843342 0.433198 0.052219 0.072874
11 0.857702 0.597166 0.080940 0.125506
30 0.849869 0.767206 0.065274 0.101215
5 0.949086 0.087045 0.080940 0.125506
17 0.942559 0.236842 0.067885 0.085020
0 0.949086 0.402834 0.080940 0.125506
1 0.949086 0.548583 0.080940 0.125506
18 0.939948 0.736842 0.062663 0.089069
20 0.941253 0.896761 0.065274 0.085020