31 0.053525 0.084677 0.107050 0.056452
35 0.028721 0.169355 0.057441 0.072581
8 0.040470 0.328629 0.080940 0.125000
2 0.040470 0.510081 0.080940 0.125000
24 0.023499 0.667339 0.046997 0.076613
18 0.031332 0.806452 0.062663 0.088710
22 0.143603 0.078629 0.052219 0.068548
5 0.157963 0.199597 0.080940 0.125000
27 0.140992 0.318548 0.046997 0.072581
23 0.146214 0.467742 0.057441 0.080645
13 0.157963 0.614919 0.080940 0.125000
3 0.157963 0.772177 0.080940 0.125000
1 0.249347 0.102823 0.080940 0.125000
21 0.233681 0.221774 0.049608 0.072581
33 0.236292 0.358871 0.054830 0.088710
4 0.249347 0.530242 0.080940 0.125000
11 0.249347 0.731855 0.080940 0.125000
14 0.249347 0.881048 0.080940 0.125000
17 0.334204 0.078629 0.067885 0.084677
29 0.327676 0.197581 0.054830 0.096774
9 0.340731 0.344758 0.080940 0.125000
34 0.325065 0.497984 0.049608 0.084677
16 0.326371 0.645161 0.052219 0.072581
7 0.340731 0.796371 0.080940 0.125000
26 0.419060 0.078629 0.054830 0.092742
28 0.417755 0.195565 0.052219 0.084677
15 0.428198 0.316532 0.073107 0.084677
10 0.432115 0.457661 0.080940 0.125000
32 0.507833 0.612903 0.232376 0.056452
19 0.422977 0.741935 0.062663 0.072581
12 0.674935 0.114919 0.080940 0.125000
30 0.667102 0.284274 0.065274 0.100806
0 0.674935 0.437500 0.080940 0.125000
6 0.674935 0.631048 0.080940 0.125000
20 0.667102 0.812500 0.065274 0.084677
25 0.812010 0.929435 0.355091 0.068548