27 0.024129 0.057143 0.048257 0.073469
5 0.041555 0.189796 0.083110 0.126531
34 0.025469 0.377551 0.050938 0.085714
21 0.025469 0.485714 0.050938 0.073469
9 0.041555 0.642857 0.083110 0.126531
16 0.026810 0.771429 0.053619 0.073469
25 0.276139 0.063265 0.364611 0.069388
0 0.135389 0.189796 0.083110 0.126531
28 0.120643 0.336735 0.053619 0.085714
2 0.135389 0.463265 0.083110 0.126531
13 0.135389 0.634694 0.083110 0.126531
19 0.126005 0.791837 0.064343 0.073469
1 0.510724 0.116327 0.083110 0.126531
6 0.510724 0.267347 0.083110 0.126531
15 0.506702 0.406122 0.075067 0.085714
11 0.510724 0.544898 0.083110 0.126531
23 0.498660 0.706122 0.058981 0.081633
24 0.493298 0.859184 0.048257 0.077551
18 0.595174 0.069388 0.064343 0.089796
14 0.604558 0.214286 0.083110 0.126531
30 0.596515 0.402041 0.067024 0.102041
20 0.596515 0.553061 0.067024 0.085714
8 0.604558 0.732653 0.083110 0.126531
4 0.604558 0.879592 0.083110 0.126531
17 0.691689 0.067347 0.069705 0.085714
10 0.698391 0.218367 0.083110 0.126531
26 0.684987 0.410204 0.056300 0.093878
33 0.684987 0.551020 0.056300 0.089796
12 0.698391 0.724490 0.083110 0.126531
22 0.683646 0.859184 0.053619 0.069388
3 0.792225 0.095918 0.083110 0.126531
31 0.805630 0.220408 0.109920 0.057143
7 0.792225 0.373469 0.083110 0.126531
29 0.778820 0.567347 0.056300 0.097959
32 0.869973 0.669388 0.238606 0.057143
35 0.780161 0.812245 0.058981 0.073469