4 0.040470 0.111742 0.080940 0.117424
12 0.040470 0.255682 0.080940 0.117424
31 0.053525 0.371212 0.107050 0.053030
0 0.040470 0.513258 0.080940 0.117424
33 0.027415 0.636364 0.054830 0.083333
13 0.040470 0.804924 0.080940 0.117424
9 0.157963 0.089015 0.080940 0.117424
21 0.142298 0.238636 0.049608 0.068182
8 0.157963 0.384470 0.080940 0.117424
20 0.150131 0.554924 0.065274 0.079545
3 0.157963 0.691288 0.080940 0.117424
6 0.157963 0.876894 0.080940 0.117424
23 0.237598 0.060606 0.057441 0.075758
7 0.249347 0.183712 0.080940 0.117424
24 0.232376 0.342803 0.046997 0.071970
14 0.249347 0.464015 0.080940 0.117424
27 0.232376 0.625000 0.046997 0.068182
17 0.242820 0.751894 0.067885 0.079545
30 0.332898 0.100379 0.065274 0.094697
2 0.340731 0.236742 0.080940 0.117424
35 0.328982 0.397727 0.057441 0.068182
5 0.340731 0.517045 0.080940 0.117424
22 0.326371 0.672348 0.052219 0.064394
1 0.340731 0.839015 0.080940 0.117424
28 0.417755 0.058712 0.052219 0.079545
29 0.419060 0.200758 0.054830 0.090909
25 0.569191 0.327652 0.355091 0.064394
19 0.422977 0.469697 0.062663 0.068182
18 0.422977 0.568182 0.062663 0.083333
15 0.428198 0.676136 0.073107 0.079545
26 0.784595 0.081439 0.054830 0.087121
32 0.873368 0.208333 0.232376 0.053030
11 0.797650 0.342803 0.080940 0.117424
16 0.783290 0.473485 0.052219 0.068182
10 0.797650 0.589015 0.080940 0.117424
34 0.781984 0.710227 0.049608 0.079545