4 0.041555 0.117761 0.083110 0.119691
1 0.041555 0.260618 0.083110 0.119691
3 0.041555 0.399614 0.083110 0.119691
0 0.041555 0.569498 0.083110 0.119691
17 0.034853 0.720077 0.069705 0.081081
10 0.041555 0.859073 0.083110 0.119691
27 0.117962 0.069498 0.048257 0.069498
13 0.135389 0.237452 0.083110 0.119691
21 0.119303 0.382239 0.050938 0.069498
25 0.276139 0.492278 0.364611 0.065637
15 0.131367 0.611969 0.075067 0.081081
5 0.135389 0.735521 0.083110 0.119691
7 0.510724 0.086873 0.083110 0.119691
22 0.495979 0.229730 0.053619 0.065637
9 0.510724 0.353282 0.083110 0.119691
12 0.510724 0.530888 0.083110 0.119691
33 0.497319 0.710425 0.056300 0.084942
19 0.501340 0.857143 0.064343 0.069498
23 0.592493 0.077220 0.058981 0.077220
14 0.604558 0.241313 0.083110 0.119691
2 0.604558 0.418919 0.083110 0.119691
6 0.604558 0.608108 0.083110 0.119691
11 0.604558 0.797297 0.083110 0.119691
35 0.592493 0.918919 0.058981 0.069498
34 0.682306 0.063707 0.050938 0.081081
32 0.776139 0.177606 0.238606 0.054054
20 0.690349 0.272201 0.067024 0.081081
18 0.689008 0.401544 0.064343 0.084942
26 0.684987 0.542471 0.056300 0.088803
31 0.711796 0.660232 0.109920 0.054054
30 0.939678 0.106178 0.067024 0.096525
29 0.934316 0.231660 0.056300 0.092664
28 0.932976 0.395753 0.053619 0.081081
16 0.932976 0.532819 0.053619 0.069498
8 0.947721 0.666023 0.083110 0.119691
24 0.930295 0.816602 0.048257 0.073359