24 0.023499 0.068093 0.046997 0.073930
33 0.027415 0.221790 0.054830 0.085603
25 0.177546 0.363813 0.355091 0.066148
5 0.040470 0.531128 0.080940 0.120623
7 0.040470 0.729572 0.080940 0.120623
27 0.023499 0.848249 0.046997 0.070039
35 0.394256 0.085603 0.057441 0.070039
15 0.402089 0.196498 0.073107 0.081712
31 0.419060 0.330739 0.107050 0.054475
16 0.391645 0.439689 0.052219 0.070039
20 0.398172 0.589494 0.065274 0.081712
34 0.390339 0.690661 0.049608 0.081712
0 0.523499 0.118677 0.080940 0.120623
8 0.523499 0.282101 0.080940 0.120623
11 0.523499 0.441634 0.080940 0.120623
1 0.523499 0.608949 0.080940 0.120623
21 0.507833 0.731518 0.049608 0.070039
18 0.514360 0.832685 0.062663 0.085603
22 0.600522 0.052529 0.052219 0.066148
19 0.605744 0.190661 0.062663 0.070039
32 0.690601 0.307393 0.232376 0.054475
10 0.614883 0.418288 0.080940 0.120623
2 0.614883 0.562257 0.080940 0.120623
12 0.614883 0.737354 0.080940 0.120623
26 0.844648 0.071984 0.054830 0.089494
13 0.857702 0.215953 0.080940 0.120623
14 0.857702 0.363813 0.080940 0.120623
3 0.857702 0.527237 0.080940 0.120623
17 0.851175 0.702335 0.067885 0.081712
6 0.857702 0.877432 0.080940 0.120623
23 0.937337 0.081712 0.057441 0.077821
28 0.934726 0.212062 0.052219 0.081712
29 0.936031 0.319066 0.054830 0.093385
9 0.949086 0.476654 0.080940 0.120623
30 0.941253 0.636187 0.065274 0.097276
4 0.949086 0.799611 0.080940 0.120623