4 0.041555 0.110902 0.083110 0.116541
2 0.041555 0.295113 0.083110 0.116541
16 0.026810 0.409774 0.053619 0.067669
20 0.033512 0.516917 0.067024 0.078947
24 0.024129 0.667293 0.048257 0.071429
29 0.028150 0.823308 0.056300 0.090226
11 0.135389 0.077068 0.083110 0.116541
26 0.121984 0.238722 0.056300 0.086466
7 0.135389 0.407895 0.083110 0.116541
27 0.117962 0.563910 0.048257 0.067669
23 0.123324 0.710526 0.058981 0.075188
1 0.135389 0.877820 0.083110 0.116541
22 0.214477 0.077068 0.053619 0.063910
14 0.229223 0.201128 0.083110 0.116541
12 0.229223 0.355263 0.083110 0.116541
30 0.221180 0.528195 0.067024 0.093985
18 0.219839 0.687970 0.064343 0.082707
25 0.369973 0.795113 0.364611 0.063910
0 0.604558 0.088346 0.083110 0.116541
3 0.604558 0.276316 0.083110 0.116541
34 0.588472 0.434211 0.050938 0.078947
15 0.600536 0.565789 0.075067 0.078947
35 0.592493 0.657895 0.058981 0.067669
13 0.604558 0.817669 0.083110 0.116541
9 0.698391 0.114662 0.083110 0.116541
6 0.698391 0.276316 0.083110 0.116541
17 0.691689 0.419173 0.069705 0.078947
32 0.776139 0.548872 0.238606 0.052632
31 0.711796 0.654135 0.109920 0.052632
21 0.682306 0.759398 0.050938 0.067669
33 0.934316 0.067669 0.056300 0.082707
5 0.947721 0.204887 0.083110 0.116541
28 0.932976 0.370301 0.053619 0.078947
8 0.947721 0.531955 0.083110 0.116541
19 0.938338 0.687970 0.064343 0.067669
10 0.947721 0.840226 0.083110 0.116541