14 0.041555 0.093254 0.083110 0.123016
23 0.029491 0.253968 0.058981 0.079365
2 0.041555 0.418651 0.083110 0.123016
35 0.029491 0.579365 0.058981 0.071429
6 0.041555 0.736111 0.083110 0.123016
13 0.041555 0.886905 0.083110 0.123016
1 0.135389 0.109127 0.083110 0.123016
25 0.276139 0.259921 0.364611 0.067460
16 0.120643 0.396825 0.053619 0.071429
29 0.121984 0.555556 0.056300 0.095238
5 0.135389 0.692460 0.083110 0.123016
34 0.119303 0.827381 0.050938 0.083333
11 0.510724 0.085317 0.083110 0.123016
24 0.493298 0.259921 0.048257 0.075397
9 0.510724 0.402778 0.083110 0.123016
33 0.497319 0.527778 0.056300 0.087302
27 0.493298 0.670635 0.048257 0.071429
20 0.502681 0.791667 0.067024 0.083333
26 0.591153 0.065476 0.056300 0.091270
21 0.588472 0.210317 0.050938 0.071429
32 0.682306 0.345238 0.238606 0.055556
31 0.617962 0.448413 0.109920 0.055556
17 0.597855 0.593254 0.069705 0.083333
3 0.604558 0.771825 0.083110 0.123016
30 0.845845 0.097222 0.067024 0.099206
10 0.853887 0.263889 0.083110 0.123016
28 0.839142 0.430556 0.053619 0.083333
0 0.853887 0.557540 0.083110 0.123016
12 0.853887 0.759921 0.083110 0.123016
18 0.844504 0.896825 0.064343 0.087302
22 0.932976 0.089286 0.053619 0.067460
4 0.947721 0.240079 0.083110 0.123016
19 0.938338 0.416667 0.064343 0.071429
8 0.947721 0.593254 0.083110 0.123016
15 0.943700 0.716270 0.075067 0.083333
7 0.947721 0.894841 0.083110 0.123016