20 0.032637 0.078059 0.065274 0.088608
17 0.033943 0.191983 0.067885 0.088608
7 0.040470 0.339662 0.080940 0.130802
31 0.053525 0.489451 0.107050 0.059072
18 0.031332 0.632911 0.062663 0.092827
14 0.040470 0.770042 0.080940 0.130802
16 0.143603 0.059072 0.052219 0.075949
8 0.157963 0.238397 0.080940 0.130802
34 0.142298 0.407173 0.049608 0.088608
26 0.144909 0.559072 0.054830 0.097046
10 0.157963 0.715190 0.080940 0.130802
23 0.146214 0.848101 0.057441 0.084388
33 0.236292 0.075949 0.054830 0.092827
1 0.249347 0.246835 0.080940 0.130802
22 0.234987 0.381857 0.052219 0.071730
9 0.249347 0.559072 0.080940 0.130802
12 0.249347 0.719409 0.080940 0.130802
27 0.232376 0.848101 0.046997 0.075949
0 0.340731 0.099156 0.080940 0.130802
6 0.340731 0.280591 0.080940 0.130802
25 0.477807 0.453586 0.355091 0.071730
29 0.327676 0.573840 0.054830 0.101266
24 0.323760 0.727848 0.046997 0.080169
11 0.340731 0.913502 0.080940 0.130802
30 0.698433 0.107595 0.065274 0.105485
2 0.706266 0.251055 0.080940 0.130802
15 0.702350 0.398734 0.073107 0.088608
32 0.781984 0.493671 0.232376 0.059072
4 0.706266 0.672996 0.080940 0.130802
28 0.691906 0.841772 0.052219 0.088608
35 0.937337 0.063291 0.057441 0.075949
3 0.949086 0.200422 0.080940 0.130802
13 0.949086 0.377637 0.080940 0.130802
21 0.933420 0.514768 0.049608 0.075949
5 0.949086 0.647679 0.080940 0.130802
19 0.939948 0.801688 0.062663 0.075949