15 0.036554 0.070611 0.073107 0.080153
23 0.028721 0.202290 0.057441 0.076336
0 0.040470 0.345420 0.080940 0.118321
31 0.053525 0.477099 0.107050 0.053435
19 0.031332 0.614504 0.062663 0.068702
2 0.040470 0.761450 0.080940 0.118321
25 0.295039 0.066794 0.355091 0.064885
3 0.157963 0.196565 0.080940 0.118321
24 0.140992 0.330153 0.046997 0.072519
1 0.157963 0.494275 0.080940 0.118321
28 0.143603 0.635496 0.052219 0.080153
30 0.150131 0.776718 0.065274 0.095420
26 0.510444 0.089695 0.054830 0.087786
34 0.507833 0.250000 0.049608 0.080153
22 0.509138 0.398855 0.052219 0.064885
10 0.523499 0.559160 0.080940 0.118321
27 0.506527 0.687023 0.046997 0.068702
32 0.599217 0.782443 0.232376 0.053435
33 0.753264 0.076336 0.054830 0.083969
29 0.753264 0.229008 0.054830 0.091603
16 0.751958 0.354962 0.052219 0.068702
13 0.766319 0.475191 0.080940 0.118321
7 0.766319 0.658397 0.080940 0.118321
14 0.766319 0.849237 0.080940 0.118321
4 0.857702 0.093511 0.080940 0.118321
6 0.857702 0.280534 0.080940 0.118321
17 0.851175 0.437023 0.067885 0.080153
18 0.848564 0.572519 0.062663 0.083969
21 0.842037 0.709924 0.049608 0.068702
8 0.857702 0.826336 0.080940 0.118321
20 0.941253 0.089695 0.065274 0.080153
5 0.949086 0.265267 0.080940 0.118321
11 0.949086 0.425573 0.080940 0.118321
35 0.937337 0.553435 0.057441 0.068702
12 0.949086 0.711832 0.080940 0.118321
9 0.949086 0.864504 0.080940 0.118321