17 0.034853 0.088843 0.069705 0.086777
29 0.028150 0.264463 0.056300 0.099174
28 0.026810 0.378099 0.053619 0.086777
27 0.024129 0.528926 0.048257 0.074380
5 0.041555 0.708678 0.083110 0.128099
2 0.041555 0.898760 0.083110 0.128099
31 0.148794 0.082645 0.109920 0.057851
16 0.120643 0.169421 0.053619 0.074380
21 0.119303 0.301653 0.050938 0.074380
32 0.213137 0.392562 0.238606 0.057851
9 0.135389 0.530992 0.083110 0.128099
3 0.135389 0.737603 0.083110 0.128099
6 0.384718 0.097107 0.083110 0.128099
25 0.525469 0.250000 0.364611 0.070248
35 0.372654 0.355372 0.058981 0.074380
8 0.384718 0.481405 0.083110 0.128099
30 0.376676 0.675620 0.067024 0.103306
1 0.384718 0.853306 0.083110 0.128099
23 0.747989 0.099174 0.058981 0.082645
10 0.760054 0.270661 0.083110 0.128099
13 0.760054 0.460744 0.083110 0.128099
12 0.760054 0.617769 0.083110 0.128099
34 0.743968 0.762397 0.050938 0.086777
19 0.750670 0.888430 0.064343 0.074380
11 0.853887 0.121901 0.083110 0.128099
33 0.840483 0.260331 0.056300 0.090909
26 0.840483 0.407025 0.056300 0.095041
14 0.853887 0.539256 0.083110 0.128099
15 0.849866 0.696281 0.075067 0.086777
4 0.853887 0.832645 0.083110 0.128099
7 0.947721 0.092975 0.083110 0.128099
0 0.947721 0.283058 0.083110 0.128099
24 0.930295 0.456612 0.048257 0.078512
18 0.938338 0.595041 0.064343 0.090909
20 0.939678 0.762397 0.067024 0.086777
22 0.932976 0.890496 0.053619 0.070248