21 0.025469 0.088803 0.050938 0.069498
19 0.032172 0.196911 0.064343 0.069498
24 0.024129 0.326255 0.048257 0.073359
20 0.033512 0.449807 0.067024 0.081081
23 0.029491 0.579151 0.058981 0.077220
25 0.182306 0.727799 0.364611 0.065637
34 0.400804 0.071429 0.050938 0.081081
12 0.416890 0.249035 0.083110 0.119691
4 0.416890 0.407336 0.083110 0.119691
7 0.416890 0.569498 0.083110 0.119691
30 0.408847 0.716216 0.067024 0.096525
6 0.416890 0.866795 0.083110 0.119691
10 0.510724 0.086873 0.083110 0.119691
0 0.510724 0.276062 0.083110 0.119691
15 0.506702 0.403475 0.075067 0.081081
11 0.510724 0.530888 0.083110 0.119691
8 0.510724 0.720077 0.083110 0.119691
18 0.501340 0.899614 0.064343 0.084942
29 0.591153 0.088803 0.056300 0.092664
3 0.604558 0.229730 0.083110 0.119691
32 0.682306 0.374517 0.238606 0.054054
31 0.617962 0.505792 0.109920 0.054054
17 0.597855 0.642857 0.069705 0.081081
1 0.604558 0.797297 0.083110 0.119691
2 0.853887 0.110039 0.083110 0.119691
14 0.853887 0.268340 0.083110 0.119691
9 0.853887 0.453668 0.083110 0.119691
33 0.840483 0.594595 0.056300 0.084942
16 0.839142 0.729730 0.053619 0.069498
22 0.839142 0.832046 0.053619 0.065637
26 0.934316 0.075290 0.056300 0.088803
35 0.935657 0.200772 0.058981 0.069498
5 0.947721 0.364865 0.083110 0.119691
13 0.947721 0.530888 0.083110 0.119691
28 0.932976 0.696911 0.053619 0.081081
27 0.930295 0.791506 0.048257 0.069498