9 0.041555 0.126033 0.083110 0.128099
6 0.041555 0.283058 0.083110 0.128099
24 0.024129 0.407025 0.048257 0.078512
8 0.041555 0.555785 0.083110 0.128099
21 0.025469 0.690083 0.050938 0.074380
5 0.041555 0.845041 0.083110 0.128099
16 0.120643 0.082645 0.053619 0.074380
28 0.120643 0.208678 0.053619 0.086777
11 0.135389 0.369835 0.083110 0.128099
13 0.135389 0.559917 0.083110 0.128099
18 0.126005 0.702479 0.064343 0.090909
4 0.135389 0.890496 0.083110 0.128099
23 0.217158 0.090909 0.058981 0.082645
32 0.306971 0.210744 0.238606 0.057851
14 0.229223 0.353306 0.083110 0.128099
35 0.217158 0.500000 0.058981 0.074380
30 0.221180 0.659091 0.067024 0.103306
22 0.214477 0.787190 0.053619 0.070248
2 0.478552 0.084711 0.083110 0.128099
12 0.478552 0.266529 0.083110 0.128099
34 0.462466 0.419421 0.050938 0.086777
33 0.465147 0.545455 0.056300 0.090909
17 0.471850 0.704545 0.069705 0.086777
1 0.478552 0.857438 0.083110 0.128099
27 0.554960 0.070248 0.048257 0.074380
7 0.572386 0.250000 0.083110 0.128099
10 0.572386 0.440083 0.083110 0.128099
29 0.558981 0.582645 0.056300 0.099174
19 0.563003 0.702479 0.064343 0.074380
26 0.558981 0.840909 0.056300 0.095041
20 0.658177 0.072314 0.067024 0.086777
3 0.666220 0.254132 0.083110 0.128099
31 0.679625 0.380165 0.109920 0.057851
25 0.806971 0.522727 0.364611 0.070248
0 0.666220 0.704545 0.083110 0.128099
15 0.662198 0.845041 0.075067 0.086777