31 0.054960 0.055762 0.109920 0.052045
35 0.029491 0.163569 0.058981 0.066914
26 0.028150 0.262082 0.056300 0.085502
9 0.041555 0.418216 0.083110 0.115242
25 0.182306 0.566914 0.364611 0.063197
12 0.041555 0.723048 0.083110 0.115242
13 0.416890 0.105948 0.083110 0.115242
2 0.416890 0.284387 0.083110 0.115242
6 0.416890 0.444238 0.083110 0.115242
14 0.416890 0.592937 0.083110 0.115242
28 0.402145 0.763941 0.053619 0.078067
4 0.416890 0.897770 0.083110 0.115242
29 0.497319 0.096654 0.056300 0.089219
34 0.494638 0.247212 0.050938 0.078067
0 0.510724 0.369888 0.083110 0.115242
8 0.510724 0.540892 0.083110 0.115242
15 0.506702 0.663569 0.075067 0.078067
21 0.494638 0.773234 0.050938 0.066914
27 0.587131 0.074349 0.048257 0.066914
22 0.589812 0.180297 0.053619 0.063197
17 0.597855 0.299257 0.069705 0.078067
11 0.604558 0.444238 0.083110 0.115242
7 0.604558 0.611524 0.083110 0.115242
16 0.589812 0.765799 0.053619 0.066914
30 0.690349 0.094796 0.067024 0.092937
32 0.776139 0.237918 0.238606 0.052045
1 0.698391 0.388476 0.083110 0.115242
10 0.698391 0.522305 0.083110 0.115242
5 0.698391 0.700743 0.083110 0.115242
24 0.680965 0.868030 0.048257 0.070632
23 0.935657 0.081784 0.058981 0.074349
33 0.934316 0.223048 0.056300 0.081784
3 0.947721 0.384758 0.083110 0.115242
19 0.938338 0.542751 0.064343 0.066914
20 0.939678 0.652416 0.067024 0.078067
18 0.938338 0.799257 0.064343 0.081784