16 0.026110 0.053232 0.052219 0.068441
3 0.040470 0.214829 0.080940 0.117871
31 0.053525 0.353612 0.107050 0.053232
35 0.028721 0.479087 0.057441 0.068441
12 0.040470 0.640684 0.080940 0.117871
11 0.040470 0.819392 0.080940 0.117871
24 0.140992 0.070342 0.046997 0.072243
28 0.143603 0.176806 0.052219 0.079848
13 0.157963 0.309886 0.080940 0.117871
1 0.157963 0.458175 0.080940 0.117871
14 0.157963 0.602662 0.080940 0.117871
5 0.157963 0.781369 0.080940 0.117871
4 0.249347 0.112167 0.080940 0.117871
17 0.242820 0.260456 0.067885 0.079848
29 0.236292 0.403042 0.054830 0.091255
20 0.241514 0.564639 0.065274 0.079848
18 0.240209 0.665399 0.062663 0.083650
23 0.237598 0.798479 0.057441 0.076046
0 0.340731 0.085551 0.080940 0.117871
30 0.332898 0.211027 0.065274 0.095057
22 0.326371 0.309886 0.052219 0.064639
25 0.477807 0.423954 0.355091 0.064639
21 0.325065 0.562738 0.049608 0.068441
8 0.340731 0.709125 0.080940 0.117871
7 0.706266 0.104563 0.080940 0.117871
6 0.706266 0.290875 0.080940 0.117871
9 0.706266 0.473384 0.080940 0.117871
33 0.693211 0.646388 0.054830 0.083650
34 0.690601 0.758555 0.049608 0.079848
2 0.706266 0.918251 0.080940 0.117871
32 0.873368 0.076046 0.232376 0.053232
10 0.797650 0.237643 0.080940 0.117871
15 0.793734 0.389734 0.073107 0.079848
19 0.788512 0.524715 0.062663 0.068441
26 0.784595 0.648289 0.054830 0.087452
27 0.780679 0.771863 0.046997 0.068441