18 0.032172 0.085020 0.064343 0.089069
16 0.026810 0.234818 0.053619 0.072874
22 0.026810 0.334008 0.053619 0.068826
31 0.054960 0.453441 0.109920 0.056680
1 0.041555 0.609312 0.083110 0.125506
25 0.182306 0.767206 0.364611 0.068826
26 0.403485 0.095142 0.056300 0.093117
9 0.416890 0.265182 0.083110 0.125506
15 0.412869 0.402834 0.075067 0.085020
8 0.416890 0.540486 0.083110 0.125506
27 0.399464 0.704453 0.048257 0.072874
29 0.403485 0.838057 0.056300 0.097166
7 0.510724 0.103239 0.083110 0.125506
4 0.510724 0.253036 0.083110 0.125506
19 0.501340 0.388664 0.064343 0.072874
17 0.504021 0.500000 0.069705 0.085020
20 0.502681 0.657895 0.067024 0.085020
28 0.495979 0.819838 0.053619 0.085020
12 0.604558 0.107287 0.083110 0.125506
11 0.604558 0.253036 0.083110 0.125506
21 0.588472 0.396761 0.050938 0.072874
35 0.592493 0.526316 0.058981 0.072874
0 0.604558 0.694332 0.083110 0.125506
6 0.604558 0.880567 0.083110 0.125506
13 0.698391 0.099190 0.083110 0.125506
30 0.690349 0.236842 0.067024 0.101215
23 0.686327 0.348178 0.058981 0.080972
34 0.682306 0.487854 0.050938 0.085020
5 0.698391 0.670040 0.083110 0.125506
33 0.684987 0.813765 0.056300 0.089069
2 0.792225 0.095142 0.083110 0.125506
10 0.792225 0.297571 0.083110 0.125506
24 0.774799 0.431174 0.048257 0.076923
32 0.869973 0.538462 0.238606 0.056680
14 0.792225 0.706478 0.083110 0.125506
3 0.792225 0.876518 0.083110 0.125506