23 0.028721 0.095238 0.057441 0.079365
12 0.040470 0.271825 0.080940 0.123016
9 0.040470 0.434524 0.080940 0.123016
28 0.026110 0.573413 0.052219 0.083333
7 0.040470 0.716270 0.080940 0.123016
6 0.040470 0.918651 0.080940 0.123016
11 0.131854 0.105159 0.080940 0.123016
8 0.131854 0.279762 0.080940 0.123016
22 0.117493 0.414683 0.052219 0.067460
31 0.144909 0.496032 0.107050 0.055556
2 0.131854 0.656746 0.080940 0.123016
5 0.131854 0.803571 0.080940 0.123016
10 0.249347 0.085317 0.080940 0.123016
18 0.240209 0.222222 0.062663 0.087302
32 0.325065 0.329365 0.232376 0.055556
1 0.249347 0.462302 0.080940 0.123016
19 0.240209 0.630952 0.062663 0.071429
33 0.236292 0.734127 0.054830 0.087302
13 0.492167 0.117063 0.080940 0.123016
30 0.484334 0.283730 0.065274 0.099206
3 0.492167 0.458333 0.080940 0.123016
4 0.492167 0.609127 0.080940 0.123016
17 0.485640 0.755952 0.067885 0.083333
29 0.479112 0.880952 0.054830 0.095238
21 0.567885 0.091270 0.049608 0.071429
14 0.583551 0.232143 0.080940 0.123016
35 0.571802 0.373016 0.057441 0.071429
34 0.567885 0.486111 0.049608 0.083333
0 0.583551 0.652778 0.080940 0.123016
20 0.575718 0.795635 0.065274 0.083333
27 0.657963 0.079365 0.046997 0.071429
25 0.812010 0.216270 0.355091 0.067460
26 0.661880 0.319444 0.054830 0.091270
15 0.671018 0.470238 0.073107 0.083333
24 0.657963 0.569444 0.046997 0.075397
16 0.660574 0.710317 0.052219 0.071429