7 0.041555 0.111336 0.083110 0.125506
17 0.034853 0.236842 0.069705 0.085020
27 0.024129 0.352227 0.048257 0.072874
23 0.029491 0.493927 0.058981 0.080972
34 0.025469 0.629555 0.050938 0.085020
20 0.033512 0.746964 0.067024 0.085020
35 0.123324 0.093117 0.058981 0.072874
5 0.135389 0.216599 0.083110 0.125506
31 0.148794 0.376518 0.109920 0.056680
22 0.120643 0.516194 0.053619 0.068826
25 0.276139 0.629555 0.364611 0.068826
19 0.126005 0.744939 0.064343 0.072874
32 0.588472 0.056680 0.238606 0.056680
2 0.510724 0.224696 0.083110 0.125506
15 0.506702 0.374494 0.075067 0.085020
4 0.510724 0.528340 0.083110 0.125506
11 0.510724 0.726721 0.083110 0.125506
16 0.495979 0.866397 0.053619 0.072874
10 0.760054 0.111336 0.083110 0.125506
30 0.752011 0.253036 0.067024 0.101215
26 0.746649 0.386640 0.056300 0.093117
28 0.745308 0.512146 0.053619 0.085020
3 0.760054 0.661943 0.083110 0.125506
0 0.760054 0.807692 0.083110 0.125506
9 0.853887 0.103239 0.083110 0.125506
33 0.840483 0.234818 0.056300 0.089069
13 0.853887 0.419028 0.083110 0.125506
6 0.853887 0.564777 0.083110 0.125506
8 0.853887 0.767206 0.083110 0.125506
24 0.836461 0.908907 0.048257 0.076923
14 0.947721 0.111336 0.083110 0.125506
12 0.947721 0.261134 0.083110 0.125506
29 0.934316 0.404858 0.056300 0.097166
1 0.947721 0.548583 0.083110 0.125506
18 0.938338 0.720648 0.064343 0.089069
21 0.931635 0.846154 0.050938 0.072874