9 0.040470 0.115063 0.080940 0.129707
24 0.023499 0.286611 0.046997 0.079498
6 0.040470 0.420502 0.080940 0.129707
26 0.027415 0.562762 0.054830 0.096234
10 0.040470 0.721757 0.080940 0.129707
12 0.040470 0.905858 0.080940 0.129707
30 0.124021 0.089958 0.065274 0.104603
4 0.131854 0.232218 0.080940 0.129707
15 0.127937 0.395397 0.073107 0.087866
22 0.117493 0.504184 0.052219 0.071130
35 0.120104 0.635983 0.057441 0.075314
13 0.131854 0.801255 0.080940 0.129707
14 0.223238 0.119247 0.080940 0.129707
20 0.215405 0.299163 0.065274 0.087866
32 0.298956 0.410042 0.232376 0.058577
2 0.223238 0.529289 0.080940 0.129707
11 0.223238 0.692469 0.080940 0.129707
18 0.214099 0.887029 0.062663 0.092050
23 0.454308 0.100418 0.057441 0.083682
31 0.479112 0.217573 0.107050 0.058577
27 0.449086 0.309623 0.046997 0.075314
34 0.450392 0.433054 0.049608 0.087866
19 0.456919 0.581590 0.062663 0.075314
3 0.466057 0.734310 0.080940 0.129707
5 0.583551 0.089958 0.080940 0.129707
33 0.570496 0.284519 0.054830 0.092050
28 0.569191 0.458159 0.052219 0.087866
7 0.583551 0.625523 0.080940 0.129707
25 0.720627 0.776151 0.355091 0.071130
21 0.567885 0.878661 0.049608 0.075314
1 0.949086 0.127615 0.080940 0.129707
29 0.936031 0.288703 0.054830 0.100418
16 0.934726 0.401674 0.052219 0.075314
0 0.949086 0.537657 0.080940 0.129707
8 0.949086 0.705021 0.080940 0.129707
17 0.942559 0.838912 0.067885 0.087866