3 0.040470 0.101240 0.080940 0.128099
28 0.026110 0.287190 0.052219 0.086777
4 0.040470 0.415289 0.080940 0.128099
34 0.024804 0.543388 0.049608 0.086777
32 0.116188 0.677686 0.232376 0.057851
24 0.023499 0.807851 0.046997 0.078512
23 0.271540 0.061983 0.057441 0.082645
8 0.283290 0.233471 0.080940 0.128099
5 0.283290 0.444215 0.080940 0.128099
29 0.270235 0.590909 0.054830 0.099174
31 0.296345 0.706612 0.107050 0.057851
19 0.274151 0.801653 0.062663 0.074380
20 0.392950 0.084711 0.065274 0.086777
14 0.400783 0.254132 0.080940 0.128099
15 0.396867 0.382231 0.073107 0.086777
30 0.392950 0.514463 0.065274 0.103306
11 0.400783 0.675620 0.080940 0.128099
12 0.400783 0.853306 0.080940 0.128099
0 0.492167 0.101240 0.080940 0.128099
25 0.629243 0.278926 0.355091 0.070248
13 0.492167 0.440083 0.080940 0.128099
16 0.477807 0.586777 0.052219 0.074380
2 0.492167 0.733471 0.080940 0.128099
10 0.492167 0.907025 0.080940 0.128099
18 0.848564 0.086777 0.062663 0.090909
6 0.857702 0.216942 0.080940 0.128099
22 0.843342 0.336777 0.052219 0.070248
9 0.857702 0.514463 0.080940 0.128099
17 0.851175 0.667355 0.067885 0.086777
21 0.842037 0.789256 0.049608 0.074380
33 0.936031 0.078512 0.054830 0.090909
35 0.937337 0.231405 0.057441 0.074380
7 0.949086 0.394628 0.080940 0.128099
27 0.932115 0.524793 0.046997 0.074380
26 0.936031 0.675620 0.054830 0.095041
1 0.949086 0.857438 0.080940 0.128099