32 0.116188 0.061069 0.232376 0.053435
10 0.040470 0.215649 0.080940 0.118321
34 0.024804 0.368321 0.049608 0.080153
29 0.027415 0.484733 0.054830 0.091603
19 0.031332 0.610687 0.062663 0.068702
9 0.040470 0.723282 0.080940 0.118321
5 0.283290 0.101145 0.080940 0.118321
33 0.270235 0.225191 0.054830 0.083969
7 0.283290 0.398855 0.080940 0.118321
2 0.283290 0.578244 0.080940 0.118321
6 0.283290 0.761450 0.080940 0.118321
14 0.283290 0.910305 0.080940 0.118321
26 0.361619 0.078244 0.054830 0.087786
20 0.366841 0.200382 0.065274 0.080153
4 0.374674 0.326336 0.080940 0.118321
30 0.366841 0.486641 0.065274 0.095420
17 0.368146 0.616412 0.067885 0.080153
31 0.387728 0.736641 0.107050 0.053435
35 0.480418 0.080153 0.057441 0.068702
15 0.488251 0.188931 0.073107 0.080153
8 0.492167 0.311069 0.080940 0.118321
13 0.492167 0.463740 0.080940 0.118321
22 0.477807 0.582061 0.052219 0.064885
0 0.492167 0.723282 0.080940 0.118321
28 0.569191 0.097328 0.052219 0.080153
18 0.574413 0.225191 0.062663 0.083969
21 0.567885 0.377863 0.049608 0.068702
3 0.583551 0.490458 0.080940 0.118321
12 0.583551 0.666031 0.080940 0.118321
1 0.583551 0.841603 0.080940 0.118321
16 0.660574 0.072519 0.052219 0.068702
11 0.674935 0.230916 0.080940 0.118321
27 0.657963 0.362595 0.046997 0.068702
25 0.812010 0.494275 0.355091 0.064885
24 0.657963 0.604962 0.046997 0.072519
23 0.663185 0.744275 0.057441 0.076336