19 0.031332 0.092437 0.062663 0.075630
15 0.036554 0.258403 0.073107 0.088235
16 0.026110 0.399160 0.052219 0.075630
28 0.026110 0.514706 0.052219 0.088235
0 0.040470 0.665966 0.080940 0.130252
24 0.023499 0.792017 0.046997 0.079832
14 0.131854 0.102941 0.080940 0.130252
33 0.118799 0.235294 0.054830 0.092437
5 0.131854 0.371849 0.080940 0.130252
26 0.118799 0.556723 0.054830 0.096639
13 0.131854 0.712185 0.080940 0.130252
30 0.124021 0.897059 0.065274 0.105042
2 0.223238 0.128151 0.080940 0.130252
7 0.223238 0.334034 0.080940 0.130252
8 0.223238 0.510504 0.080940 0.130252
31 0.236292 0.651261 0.107050 0.058824
4 0.223238 0.779412 0.080940 0.130252
22 0.208877 0.913866 0.052219 0.071429
9 0.340731 0.086134 0.080940 0.130252
1 0.340731 0.262605 0.080940 0.130252
21 0.325065 0.445378 0.049608 0.075630
17 0.334204 0.573529 0.067885 0.088235
32 0.416449 0.714286 0.232376 0.058824
18 0.331593 0.857143 0.062663 0.092437
25 0.720627 0.065126 0.355091 0.071429
35 0.571802 0.163866 0.057441 0.075630
29 0.570496 0.306723 0.054830 0.100840
34 0.567885 0.472689 0.049608 0.088235
20 0.575718 0.636555 0.065274 0.088235
6 0.583551 0.808824 0.080940 0.130252
3 0.949086 0.094538 0.080940 0.130252
27 0.932115 0.231092 0.046997 0.075630
11 0.949086 0.384454 0.080940 0.130252
12 0.949086 0.581933 0.080940 0.130252
10 0.949086 0.750000 0.080940 0.130252
23 0.937337 0.894958 0.057441 0.084034