9 0.040470 0.104082 0.080940 0.126531
18 0.031332 0.273469 0.062663 0.089796
22 0.026110 0.381633 0.052219 0.069388
8 0.040470 0.528571 0.080940 0.126531
17 0.033943 0.671429 0.067885 0.085714
7 0.040470 0.826531 0.080940 0.126531
30 0.124021 0.104082 0.065274 0.102041
28 0.117493 0.271429 0.052219 0.085714
2 0.131854 0.455102 0.080940 0.126531
20 0.124021 0.610204 0.065274 0.085714
32 0.207572 0.710204 0.232376 0.057143
13 0.131854 0.871429 0.080940 0.126531
15 0.370757 0.075510 0.073107 0.085714
11 0.374674 0.230612 0.080940 0.126531
33 0.361619 0.408163 0.054830 0.089796
5 0.374674 0.573469 0.080940 0.126531
31 0.387728 0.738776 0.107050 0.057143
23 0.362924 0.881633 0.057441 0.081633
3 0.492167 0.083673 0.080940 0.126531
21 0.476501 0.253061 0.049608 0.073469
6 0.492167 0.381633 0.080940 0.126531
25 0.629243 0.520408 0.355091 0.069388
12 0.492167 0.700000 0.080940 0.126531
4 0.492167 0.891837 0.080940 0.126531
14 0.857702 0.120408 0.080940 0.126531
27 0.840731 0.253061 0.046997 0.073469
26 0.844648 0.406122 0.054830 0.093878
19 0.848564 0.563265 0.062663 0.073469
34 0.842037 0.675510 0.049608 0.085714
16 0.843342 0.828571 0.052219 0.073469
10 0.949086 0.095918 0.080940 0.126531
0 0.949086 0.300000 0.080940 0.126531
24 0.932115 0.459184 0.046997 0.077551
1 0.949086 0.642857 0.080940 0.126531
35 0.937337 0.763265 0.057441 0.073469
29 0.936031 0.918367 0.054830 0.097959