8 0.041555 0.112648 0.083110 0.122530
30 0.033512 0.254941 0.067024 0.098814
5 0.041555 0.405138 0.083110 0.122530
25 0.182306 0.547431 0.364611 0.067194
31 0.054960 0.660079 0.109920 0.055336
18 0.032172 0.790514 0.064343 0.086957
34 0.400804 0.069170 0.050938 0.083004
15 0.412869 0.211462 0.075067 0.083004
6 0.416890 0.361660 0.083110 0.122530
14 0.416890 0.515810 0.083110 0.122530
17 0.410188 0.638340 0.069705 0.083004
1 0.416890 0.816206 0.083110 0.122530
23 0.498660 0.090909 0.058981 0.079051
10 0.510724 0.227273 0.083110 0.122530
9 0.510724 0.397233 0.083110 0.122530
28 0.495979 0.535573 0.053619 0.083004
24 0.493298 0.666008 0.048257 0.075099
35 0.498660 0.770751 0.058981 0.071146
21 0.588472 0.063241 0.050938 0.071146
7 0.604558 0.235178 0.083110 0.122530
22 0.589812 0.369565 0.053619 0.067194
20 0.596515 0.523715 0.067024 0.083004
12 0.604558 0.654150 0.083110 0.122530
3 0.604558 0.816206 0.083110 0.122530
29 0.684987 0.102767 0.056300 0.094862
16 0.683646 0.260870 0.053619 0.071146
2 0.698391 0.428854 0.083110 0.122530
11 0.698391 0.630435 0.083110 0.122530
32 0.776139 0.786561 0.238606 0.055336
0 0.698391 0.918972 0.083110 0.122530
4 0.947721 0.120553 0.083110 0.122530
19 0.938338 0.276680 0.064343 0.071146
27 0.930295 0.422925 0.048257 0.071146
26 0.934316 0.535573 0.056300 0.090909
33 0.934316 0.648221 0.056300 0.086957
13 0.947721 0.824111 0.083110 0.122530