7 0.040470 0.085317 0.080940 0.123016
17 0.033943 0.259921 0.067885 0.083333
18 0.031332 0.412698 0.062663 0.087302
20 0.032637 0.525794 0.065274 0.083333
31 0.053525 0.654762 0.107050 0.055556
3 0.040470 0.787698 0.080940 0.123016
16 0.143603 0.087302 0.052219 0.071429
22 0.143603 0.180556 0.052219 0.067460
14 0.157963 0.319444 0.080940 0.123016
33 0.144909 0.464286 0.054830 0.087302
24 0.140992 0.597222 0.046997 0.075397
23 0.146214 0.706349 0.057441 0.079365
12 0.249347 0.117063 0.080940 0.123016
8 0.249347 0.319444 0.080940 0.123016
19 0.240209 0.436508 0.062663 0.071429
35 0.237598 0.543651 0.057441 0.071429
34 0.233681 0.656746 0.049608 0.083333
13 0.249347 0.803571 0.080940 0.123016
9 0.340731 0.113095 0.080940 0.123016
2 0.340731 0.311508 0.080940 0.123016
1 0.340731 0.454365 0.080940 0.123016
28 0.326371 0.621032 0.052219 0.083333
32 0.416449 0.765873 0.232376 0.055556
15 0.336815 0.906746 0.073107 0.083333
29 0.570496 0.083333 0.054830 0.095238
6 0.583551 0.251984 0.080940 0.123016
5 0.583551 0.438492 0.080940 0.123016
30 0.575718 0.577381 0.065274 0.099206
10 0.583551 0.728175 0.080940 0.123016
4 0.583551 0.886905 0.080940 0.123016
27 0.657963 0.071429 0.046997 0.071429
11 0.674935 0.220238 0.080940 0.123016
25 0.812010 0.375000 0.355091 0.067460
0 0.674935 0.490079 0.080940 0.123016
26 0.661880 0.676587 0.054830 0.091270
21 0.659269 0.789683 0.049608 0.071429