24 0.024129 0.057836 0.048257 0.070896
2 0.041555 0.207090 0.083110 0.115672
23 0.029491 0.358209 0.058981 0.074627
28 0.026810 0.509328 0.053619 0.078358
33 0.028150 0.611940 0.056300 0.082090
15 0.037534 0.725746 0.075067 0.078358
10 0.135389 0.083955 0.083110 0.115672
6 0.135389 0.270522 0.083110 0.115672
30 0.127346 0.393657 0.067024 0.093284
4 0.135389 0.516791 0.083110 0.115672
29 0.121984 0.656716 0.056300 0.089552
12 0.135389 0.833955 0.083110 0.115672
26 0.215818 0.065299 0.056300 0.085821
17 0.222520 0.166045 0.069705 0.078358
3 0.229223 0.300373 0.083110 0.115672
25 0.369973 0.408582 0.364611 0.063433
19 0.219839 0.541045 0.064343 0.067164
35 0.217158 0.638060 0.058981 0.067164
31 0.617962 0.082090 0.109920 0.052239
18 0.595174 0.175373 0.064343 0.082090
5 0.604558 0.341418 0.083110 0.115672
32 0.682306 0.477612 0.238606 0.052239
21 0.588472 0.608209 0.050938 0.067164
11 0.604558 0.766791 0.083110 0.115672
16 0.839142 0.052239 0.053619 0.067164
27 0.836461 0.149254 0.048257 0.067164
14 0.853887 0.274254 0.083110 0.115672
9 0.853887 0.460821 0.083110 0.115672
1 0.853887 0.598881 0.083110 0.115672
34 0.837802 0.740672 0.050938 0.078358
8 0.947721 0.102612 0.083110 0.115672
13 0.947721 0.259328 0.083110 0.115672
20 0.939678 0.416045 0.067024 0.078358
22 0.932976 0.531716 0.053619 0.063433
0 0.947721 0.684701 0.083110 0.115672
7 0.947721 0.871269 0.083110 0.115672