23 0.028721 0.093385 0.057441 0.077821
2 0.040470 0.258755 0.080940 0.120623
19 0.031332 0.404669 0.062663 0.070039
10 0.040470 0.570039 0.080940 0.120623
18 0.031332 0.692607 0.062663 0.085603
17 0.033943 0.799611 0.067885 0.081712
7 0.131854 0.087549 0.080940 0.120623
25 0.268930 0.254864 0.355091 0.066148
14 0.131854 0.418288 0.080940 0.120623
11 0.131854 0.558366 0.080940 0.120623
8 0.131854 0.749027 0.080940 0.120623
35 0.120104 0.894942 0.057441 0.070039
3 0.497389 0.114786 0.080940 0.120623
22 0.483029 0.254864 0.052219 0.066148
20 0.489556 0.371595 0.065274 0.081712
27 0.480418 0.494163 0.046997 0.070039
4 0.497389 0.643969 0.080940 0.120623
33 0.484334 0.793774 0.054830 0.085603
15 0.584856 0.079767 0.073107 0.081712
26 0.575718 0.239300 0.054830 0.089494
16 0.574413 0.381323 0.052219 0.070039
32 0.664491 0.498054 0.232376 0.054475
9 0.588773 0.663424 0.080940 0.120623
21 0.573107 0.817121 0.049608 0.070039
24 0.814621 0.083658 0.046997 0.073930
6 0.831593 0.212062 0.080940 0.120623
28 0.817232 0.344358 0.052219 0.081712
34 0.815927 0.496109 0.049608 0.081712
12 0.831593 0.628405 0.080940 0.120623
13 0.831593 0.826848 0.080940 0.120623
29 0.909922 0.066148 0.054830 0.093385
0 0.922977 0.243191 0.080940 0.120623
31 0.936031 0.392996 0.107050 0.054475
5 0.922977 0.500000 0.080940 0.120623
30 0.915144 0.686770 0.065274 0.097276
1 0.922977 0.857977 0.080940 0.120623