5 0.047692 0.083658 0.095385 0.120623
11 0.047692 0.254864 0.095385 0.120623
18 0.036923 0.428016 0.073846 0.085603
1 0.047692 0.566148 0.095385 0.120623
17 0.040000 0.737354 0.080000 0.081712
8 0.047692 0.889105 0.095385 0.120623
15 0.150769 0.071984 0.086154 0.081712
12 0.155385 0.219844 0.095385 0.120623
16 0.138462 0.338521 0.061538 0.070039
29 0.140000 0.486381 0.064615 0.093385
4 0.155385 0.655642 0.095385 0.120623
6 0.155385 0.811284 0.095385 0.120623
13 0.263077 0.118677 0.095385 0.120623
32 0.352308 0.237354 0.273846 0.054475
26 0.247692 0.371595 0.064615 0.089494
3 0.263077 0.531128 0.095385 0.120623
25 0.424615 0.659533 0.418462 0.066148
35 0.249231 0.778210 0.067692 0.070039
30 0.684615 0.087549 0.076923 0.097276
0 0.693846 0.223735 0.095385 0.120623
34 0.675385 0.391051 0.058462 0.081712
33 0.678462 0.529183 0.064615 0.085603
7 0.693846 0.659533 0.095385 0.120623
2 0.693846 0.822957 0.095385 0.120623
9 0.801538 0.079767 0.095385 0.120623
31 0.816923 0.225681 0.126154 0.054475
10 0.801538 0.352140 0.095385 0.120623
20 0.792308 0.488327 0.076923 0.081712
27 0.781538 0.634241 0.055385 0.070039
19 0.790769 0.754864 0.073846 0.070039
28 0.923077 0.060311 0.061538 0.081712
23 0.926154 0.182879 0.067692 0.077821
24 0.920000 0.293774 0.055385 0.073930
21 0.921538 0.408560 0.058462 0.070039
22 0.923077 0.554475 0.061538 0.066148
14 0.940000 0.694553 0.095385 0.120623