22 0.026810 0.065126 0.053619 0.071429
4 0.041555 0.191176 0.083110 0.130252
1 0.041555 0.355042 0.083110 0.130252
28 0.026810 0.497899 0.053619 0.088235
30 0.033512 0.657563 0.067024 0.105042
0 0.041555 0.842437 0.083110 0.130252
7 0.135389 0.102941 0.083110 0.130252
16 0.120643 0.264706 0.053619 0.075630
35 0.123324 0.382353 0.058981 0.075630
21 0.119303 0.533613 0.050938 0.075630
29 0.121984 0.672269 0.056300 0.100840
19 0.126005 0.798319 0.064343 0.075630
14 0.229223 0.107143 0.083110 0.130252
12 0.229223 0.287815 0.083110 0.130252
13 0.229223 0.439076 0.083110 0.130252
33 0.215818 0.613445 0.056300 0.092437
23 0.217158 0.764706 0.058981 0.084034
3 0.229223 0.892857 0.083110 0.130252
5 0.323056 0.086134 0.083110 0.130252
6 0.323056 0.287815 0.083110 0.130252
11 0.323056 0.439076 0.083110 0.130252
10 0.323056 0.594538 0.083110 0.130252
18 0.313673 0.760504 0.064343 0.092437
24 0.305630 0.922269 0.048257 0.079832
26 0.403485 0.069328 0.056300 0.096639
32 0.494638 0.193277 0.238606 0.058824
8 0.416890 0.350840 0.083110 0.130252
27 0.399464 0.533613 0.048257 0.075630
2 0.416890 0.661765 0.083110 0.130252
20 0.408847 0.792017 0.067024 0.088235
17 0.659517 0.069328 0.069705 0.088235
15 0.662198 0.220588 0.075067 0.088235
25 0.806971 0.334034 0.364611 0.071429
9 0.666220 0.481092 0.083110 0.130252
34 0.650134 0.670168 0.050938 0.088235
31 0.679625 0.823529 0.109920 0.058824