11 0.040470 0.116412 0.080940 0.118321
19 0.031332 0.248092 0.062663 0.068702
29 0.027415 0.362595 0.054830 0.091603
18 0.031332 0.477099 0.062663 0.083969
33 0.027415 0.583969 0.054830 0.083969
26 0.027415 0.723282 0.054830 0.087786
21 0.116188 0.064885 0.049608 0.068702
7 0.131854 0.192748 0.080940 0.118321
8 0.131854 0.356870 0.080940 0.118321
2 0.131854 0.509542 0.080940 0.118321
32 0.207572 0.625954 0.232376 0.053435
13 0.131854 0.780534 0.080940 0.118321
1 0.374674 0.089695 0.080940 0.118321
24 0.357702 0.219466 0.046997 0.072519
30 0.366841 0.349237 0.065274 0.095420
25 0.511749 0.475191 0.355091 0.064885
10 0.374674 0.589695 0.080940 0.118321
22 0.360313 0.757634 0.052219 0.064885
9 0.740209 0.112595 0.080940 0.118321
14 0.740209 0.272901 0.080940 0.118321
0 0.740209 0.467557 0.080940 0.118321
27 0.723238 0.614504 0.046997 0.068702
20 0.732376 0.742366 0.065274 0.080153
12 0.740209 0.879771 0.080940 0.118321
16 0.817232 0.068702 0.052219 0.068702
6 0.831593 0.204198 0.080940 0.118321
34 0.815927 0.322519 0.049608 0.080153
17 0.825065 0.429389 0.067885 0.080153
23 0.819843 0.572519 0.057441 0.076336
15 0.827676 0.681298 0.073107 0.080153
5 0.922977 0.112595 0.080940 0.118321
3 0.922977 0.299618 0.080940 0.118321
31 0.936031 0.438931 0.107050 0.053435
35 0.911227 0.572519 0.057441 0.068702
28 0.908616 0.711832 0.052219 0.080153
4 0.922977 0.830153 0.080940 0.118321