18 0.031332 0.094862 0.062663 0.086957
33 0.027415 0.256917 0.054830 0.086957
22 0.026110 0.397233 0.052219 0.067194
4 0.040470 0.527668 0.080940 0.122530
11 0.040470 0.725296 0.080940 0.122530
13 0.040470 0.899209 0.080940 0.122530
34 0.116188 0.088933 0.049608 0.083004
31 0.144909 0.201581 0.107050 0.055336
6 0.131854 0.361660 0.080940 0.122530
5 0.131854 0.523715 0.080940 0.122530
2 0.131854 0.701581 0.080940 0.122530
16 0.117493 0.841897 0.052219 0.071146
15 0.245431 0.077075 0.073107 0.083004
24 0.232376 0.179842 0.046997 0.075099
27 0.232376 0.284585 0.046997 0.071146
26 0.236292 0.393281 0.054830 0.090909
32 0.325065 0.529644 0.232376 0.055336
28 0.234987 0.622530 0.052219 0.083004
1 0.492167 0.116601 0.080940 0.122530
17 0.485640 0.258893 0.067885 0.083004
23 0.480418 0.411067 0.057441 0.079051
0 0.492167 0.547431 0.080940 0.122530
7 0.492167 0.737154 0.080940 0.122530
14 0.492167 0.887352 0.080940 0.122530
30 0.575718 0.092885 0.065274 0.098814
21 0.567885 0.252964 0.049608 0.071146
25 0.720627 0.377470 0.355091 0.067194
29 0.570496 0.517787 0.054830 0.094862
10 0.583551 0.681818 0.080940 0.122530
3 0.583551 0.832016 0.080940 0.122530
35 0.937337 0.094862 0.057441 0.071146
20 0.941253 0.219368 0.065274 0.083004
19 0.939948 0.324111 0.062663 0.071146
8 0.949086 0.488142 0.080940 0.122530
12 0.949086 0.669960 0.080940 0.122530
9 0.949086 0.871542 0.080940 0.122530