33 0.032308 0.083969 0.064615 0.083969
19 0.036923 0.194656 0.073846 0.068702
35 0.033846 0.286260 0.067692 0.068702
25 0.209231 0.383588 0.418462 0.064885
32 0.136923 0.480916 0.273846 0.053435
24 0.027692 0.566794 0.055385 0.072519
20 0.469231 0.059160 0.076923 0.080153
27 0.458462 0.179389 0.055385 0.068702
4 0.478462 0.337786 0.095385 0.118321
18 0.467692 0.484733 0.073846 0.083969
14 0.478462 0.616412 0.095385 0.118321
10 0.478462 0.757634 0.095385 0.118321
21 0.567692 0.087786 0.058462 0.068702
1 0.586154 0.227099 0.095385 0.118321
29 0.570769 0.381679 0.064615 0.091603
16 0.569231 0.500000 0.061538 0.068702
22 0.569231 0.597328 0.061538 0.064885
26 0.570769 0.738550 0.064615 0.087786
2 0.693846 0.101145 0.095385 0.118321
8 0.693846 0.269084 0.095385 0.118321
17 0.686154 0.425573 0.080000 0.080153
34 0.675385 0.543893 0.058462 0.080153
3 0.693846 0.688931 0.095385 0.118321
13 0.693846 0.868321 0.095385 0.118321
7 0.801538 0.101145 0.095385 0.118321
9 0.801538 0.253817 0.095385 0.118321
12 0.801538 0.437023 0.095385 0.118321
5 0.801538 0.620229 0.095385 0.118321
31 0.816923 0.770992 0.126154 0.053435
23 0.787692 0.900763 0.067692 0.076336
0 0.940000 0.097328 0.095385 0.118321
28 0.923077 0.265267 0.061538 0.080153
30 0.930769 0.391221 0.076923 0.095420
11 0.940000 0.543893 0.095385 0.118321
6 0.940000 0.719466 0.095385 0.118321
15 0.935385 0.883588 0.086154 0.080153