24 0.023499 0.075510 0.046997 0.077551
6 0.040470 0.259184 0.080940 0.126531
4 0.040470 0.438776 0.080940 0.126531
32 0.116188 0.567347 0.232376 0.057143
10 0.040470 0.695918 0.080940 0.126531
35 0.028721 0.853061 0.057441 0.073469
5 0.283290 0.112245 0.080940 0.126531
28 0.268930 0.251020 0.052219 0.085714
2 0.283290 0.397959 0.080940 0.126531
0 0.283290 0.548980 0.080940 0.126531
26 0.270235 0.712245 0.054830 0.093878
18 0.274151 0.877551 0.062663 0.089796
29 0.361619 0.081633 0.054830 0.097959
13 0.374674 0.271429 0.080940 0.126531
20 0.366841 0.459184 0.065274 0.085714
15 0.370757 0.597959 0.073107 0.085714
34 0.359008 0.740816 0.049608 0.085714
11 0.374674 0.883673 0.080940 0.126531
3 0.466057 0.112245 0.080940 0.126531
30 0.458225 0.255102 0.065274 0.102041
19 0.456919 0.387755 0.062663 0.073469
21 0.450392 0.534694 0.049608 0.073469
9 0.466057 0.712245 0.080940 0.126531
31 0.479112 0.853061 0.107050 0.057143
7 0.583551 0.104082 0.080940 0.126531
12 0.583551 0.267347 0.080940 0.126531
17 0.577023 0.451020 0.067885 0.085714
16 0.569191 0.575510 0.052219 0.073469
22 0.569191 0.708163 0.052219 0.069388
14 0.583551 0.871429 0.080940 0.126531
33 0.661880 0.085714 0.054830 0.089796
1 0.674935 0.214286 0.080940 0.126531
25 0.812010 0.361224 0.355091 0.069388
23 0.663185 0.502041 0.057441 0.081633
8 0.674935 0.655102 0.080940 0.126531
27 0.657963 0.791837 0.046997 0.073469