20 0.032637 0.094231 0.065274 0.080769
8 0.040470 0.225000 0.080940 0.119231
9 0.040470 0.371154 0.080940 0.119231
34 0.024804 0.548077 0.049608 0.080769
17 0.033943 0.694231 0.067885 0.080769
11 0.040470 0.863462 0.080940 0.119231
28 0.117493 0.094231 0.052219 0.080769
6 0.131854 0.217308 0.080940 0.119231
35 0.120104 0.338462 0.057441 0.069231
7 0.131854 0.498077 0.080940 0.119231
15 0.127937 0.636538 0.073107 0.080769
29 0.118799 0.753846 0.054830 0.092308
2 0.223238 0.105769 0.080940 0.119231
14 0.223238 0.301923 0.080940 0.119231
1 0.223238 0.451923 0.080940 0.119231
21 0.207572 0.600000 0.049608 0.069231
31 0.236292 0.711538 0.107050 0.053846
13 0.223238 0.851923 0.080940 0.119231
23 0.328982 0.057692 0.057441 0.076923
4 0.340731 0.178846 0.080940 0.119231
5 0.340731 0.328846 0.080940 0.119231
19 0.331593 0.476923 0.062663 0.069231
18 0.331593 0.619231 0.062663 0.084615
0 0.340731 0.763462 0.080940 0.119231
30 0.424282 0.105769 0.065274 0.096154
22 0.417755 0.213462 0.052219 0.065385
33 0.419060 0.357692 0.054830 0.084615
26 0.419060 0.475000 0.054830 0.088462
3 0.432115 0.613462 0.080940 0.119231
32 0.507833 0.776923 0.232376 0.053846
16 0.660574 0.053846 0.052219 0.069231
24 0.657963 0.182692 0.046997 0.073077
12 0.674935 0.298077 0.080940 0.119231
10 0.674935 0.486538 0.080940 0.119231
25 0.812010 0.617308 0.355091 0.065385
27 0.657963 0.738462 0.046997 0.069231