17 0.033943 0.099222 0.067885 0.081712
13 0.040470 0.231518 0.080940 0.120623
19 0.031332 0.357977 0.062663 0.070039
3 0.040470 0.511673 0.080940 0.120623
35 0.028721 0.684825 0.057441 0.070039
4 0.040470 0.807393 0.080940 0.120623
8 0.131854 0.091440 0.080940 0.120623
12 0.131854 0.247082 0.080940 0.120623
31 0.144909 0.389105 0.107050 0.054475
5 0.131854 0.550584 0.080940 0.120623
7 0.131854 0.737354 0.080940 0.120623
33 0.118799 0.883268 0.054830 0.085603
32 0.325065 0.066148 0.232376 0.054475
24 0.232376 0.196498 0.046997 0.073930
26 0.236292 0.321012 0.054830 0.089494
6 0.249347 0.476654 0.080940 0.120623
10 0.249347 0.651751 0.080940 0.120623
30 0.241514 0.822957 0.065274 0.097276
16 0.477807 0.066148 0.052219 0.070039
23 0.480418 0.217899 0.057441 0.077821
28 0.477807 0.359922 0.052219 0.081712
14 0.492167 0.496109 0.080940 0.120623
21 0.476501 0.630350 0.049608 0.070039
1 0.492167 0.799611 0.080940 0.120623
25 0.720627 0.052529 0.355091 0.066148
29 0.570496 0.182879 0.054830 0.093385
15 0.579634 0.309339 0.073107 0.081712
22 0.569191 0.453307 0.052219 0.066148
0 0.583551 0.620623 0.080940 0.120623
11 0.583551 0.811284 0.080940 0.120623
9 0.949086 0.110895 0.080940 0.120623
34 0.933420 0.231518 0.049608 0.081712
27 0.932115 0.373541 0.046997 0.070039
2 0.949086 0.538911 0.080940 0.120623
20 0.941253 0.667315 0.065274 0.081712
18 0.939948 0.817121 0.062663 0.085603