8 0.040470 0.110887 0.080940 0.125000
11 0.040470 0.260081 0.080940 0.125000
18 0.031332 0.419355 0.062663 0.088710
26 0.027415 0.578629 0.054830 0.092742
29 0.027415 0.745968 0.054830 0.096774
25 0.177546 0.881048 0.355091 0.068548
22 0.391645 0.058468 0.052219 0.068548
4 0.406005 0.235887 0.080940 0.125000
17 0.399478 0.397177 0.067885 0.084677
6 0.406005 0.522177 0.080940 0.125000
10 0.406005 0.667339 0.080940 0.125000
16 0.391645 0.802419 0.052219 0.072581
27 0.480418 0.072581 0.046997 0.072581
12 0.497389 0.252016 0.080940 0.125000
15 0.493473 0.437500 0.073107 0.084677
3 0.497389 0.610887 0.080940 0.125000
30 0.489556 0.804435 0.065274 0.100806
23 0.485640 0.923387 0.057441 0.080645
7 0.588773 0.118952 0.080940 0.125000
35 0.577023 0.250000 0.057441 0.072581
2 0.588773 0.397177 0.080940 0.125000
21 0.573107 0.564516 0.049608 0.072581
1 0.588773 0.707661 0.080940 0.125000
31 0.601828 0.822581 0.107050 0.056452
5 0.706266 0.110887 0.080940 0.125000
13 0.706266 0.272177 0.080940 0.125000
9 0.706266 0.465726 0.080940 0.125000
24 0.689295 0.618952 0.046997 0.076613
20 0.698433 0.731855 0.065274 0.084677
34 0.690601 0.893145 0.049608 0.084677
28 0.783290 0.062500 0.052219 0.084677
19 0.788512 0.193548 0.062663 0.072581
32 0.873368 0.338710 0.232376 0.056452
33 0.784595 0.443548 0.054830 0.088710
0 0.797650 0.622984 0.080940 0.125000
14 0.797650 0.820565 0.080940 0.125000