21 0.025469 0.056000 0.050938 0.072000
14 0.041555 0.178000 0.083110 0.124000
31 0.054960 0.308000 0.109920 0.056000
25 0.182306 0.430000 0.364611 0.068000
34 0.025469 0.542000 0.050938 0.084000
29 0.028150 0.664000 0.056300 0.096000
35 0.404826 0.084000 0.058981 0.072000
16 0.402145 0.200000 0.053619 0.072000
19 0.407507 0.308000 0.064343 0.072000
4 0.416890 0.442000 0.083110 0.124000
10 0.416890 0.590000 0.083110 0.124000
8 0.416890 0.758000 0.083110 0.124000
12 0.510724 0.114000 0.083110 0.124000
24 0.493298 0.270000 0.048257 0.076000
20 0.502681 0.430000 0.067024 0.084000
5 0.510724 0.598000 0.083110 0.124000
15 0.506702 0.722000 0.075067 0.084000
32 0.588472 0.820000 0.238606 0.056000
33 0.746649 0.104000 0.056300 0.088000
6 0.760054 0.262000 0.083110 0.124000
23 0.747989 0.400000 0.058981 0.080000
2 0.760054 0.578000 0.083110 0.124000
28 0.745308 0.718000 0.053619 0.084000
9 0.760054 0.846000 0.083110 0.124000
11 0.853887 0.094000 0.083110 0.124000
7 0.853887 0.254000 0.083110 0.124000
30 0.845845 0.410000 0.067024 0.100000
3 0.853887 0.578000 0.083110 0.124000
22 0.839142 0.746000 0.053619 0.068000
0 0.853887 0.870000 0.083110 0.124000
13 0.947721 0.094000 0.083110 0.124000
18 0.938338 0.232000 0.064343 0.088000
27 0.930295 0.380000 0.048257 0.072000
17 0.941019 0.514000 0.069705 0.084000
26 0.934316 0.666000 0.056300 0.092000
1 0.947721 0.814000 0.083110 0.124000