14 0.047692 0.094758 0.095385 0.125000
23 0.033846 0.262097 0.067692 0.080645
10 0.047692 0.417339 0.095385 0.125000
24 0.027692 0.590726 0.055385 0.076613
16 0.030769 0.701613 0.061538 0.072581
29 0.032308 0.850806 0.064615 0.096774
2 0.155385 0.110887 0.095385 0.125000
4 0.155385 0.296371 0.095385 0.125000
9 0.155385 0.497984 0.095385 0.125000
15 0.150769 0.622984 0.086154 0.084677
17 0.147692 0.756048 0.080000 0.084677
27 0.135385 0.911290 0.055385 0.072581
6 0.263077 0.094758 0.095385 0.125000
7 0.263077 0.276210 0.095385 0.125000
32 0.352308 0.431452 0.273846 0.056452
25 0.424615 0.534274 0.418462 0.068548
11 0.263077 0.695565 0.095385 0.125000
1 0.263077 0.856855 0.095385 0.125000
5 0.693846 0.098790 0.095385 0.125000
30 0.684615 0.292339 0.076923 0.100806
18 0.683077 0.463710 0.073846 0.088710
33 0.678462 0.576613 0.064615 0.088710
22 0.676923 0.699597 0.061538 0.068548
28 0.676923 0.820565 0.061538 0.084677
31 0.816923 0.072581 0.126154 0.056452
19 0.790769 0.173387 0.073846 0.072581
26 0.786154 0.288306 0.064615 0.092742
21 0.783077 0.395161 0.058462 0.072581
8 0.801538 0.558468 0.095385 0.125000
12 0.801538 0.760081 0.095385 0.125000
3 0.940000 0.082661 0.095385 0.125000
35 0.926154 0.233871 0.067692 0.072581
34 0.921538 0.332661 0.058462 0.084677
0 0.940000 0.465726 0.095385 0.125000
20 0.930769 0.602823 0.076923 0.084677
13 0.940000 0.776210 0.095385 0.125000