32 0.116188 0.049793 0.232376 0.058091
27 0.023499 0.157676 0.046997 0.074689
10 0.040470 0.317427 0.080940 0.128631
29 0.027415 0.510373 0.054830 0.099585
18 0.031332 0.680498 0.062663 0.091286
16 0.026110 0.784232 0.052219 0.074689
1 0.283290 0.093361 0.080940 0.128631
20 0.275457 0.230290 0.065274 0.087137
11 0.283290 0.358921 0.080940 0.128631
7 0.283290 0.541494 0.080940 0.128631
5 0.283290 0.695021 0.080940 0.128631
12 0.283290 0.902490 0.080940 0.128631
34 0.359008 0.097510 0.049608 0.087137
13 0.374674 0.267635 0.080940 0.128631
4 0.374674 0.454357 0.080940 0.128631
21 0.359008 0.589212 0.049608 0.074689
15 0.370757 0.711618 0.073107 0.087137
2 0.374674 0.869295 0.080940 0.128631
28 0.451697 0.072614 0.052219 0.087137
9 0.466057 0.209544 0.080940 0.128631
31 0.479112 0.385892 0.107050 0.058091
24 0.449086 0.512448 0.046997 0.078838
33 0.453003 0.659751 0.054830 0.091286
0 0.466057 0.811203 0.080940 0.128631
25 0.720627 0.089212 0.355091 0.070539
22 0.569191 0.209544 0.052219 0.070539
30 0.575718 0.317427 0.065274 0.103734
14 0.583551 0.508299 0.080940 0.128631
23 0.571802 0.655602 0.057441 0.082988
26 0.570496 0.823651 0.054830 0.095436
19 0.939948 0.095436 0.062663 0.074689
6 0.949086 0.267635 0.080940 0.128631
35 0.937337 0.419087 0.057441 0.074689
8 0.949086 0.591286 0.080940 0.128631
17 0.942559 0.732365 0.067885 0.087137
3 0.949086 0.898340 0.080940 0.128631