13 0.040470 0.125514 0.080940 0.127572
33 0.027415 0.263374 0.054830 0.090535
24 0.023499 0.421811 0.046997 0.078189
15 0.036554 0.586420 0.073107 0.086420
0 0.040470 0.738683 0.080940 0.127572
25 0.177546 0.886831 0.355091 0.069959
28 0.391645 0.088477 0.052219 0.086420
1 0.406005 0.261317 0.080940 0.127572
17 0.399478 0.413580 0.067885 0.086420
4 0.406005 0.541152 0.080940 0.127572
31 0.419060 0.695473 0.107050 0.057613
16 0.391645 0.818930 0.052219 0.074074
27 0.506527 0.065844 0.046997 0.074074
2 0.523499 0.199588 0.080940 0.127572
14 0.523499 0.376543 0.080940 0.127572
35 0.511749 0.518519 0.057441 0.074074
9 0.523499 0.664609 0.080940 0.127572
20 0.515666 0.845679 0.065274 0.086420
6 0.614883 0.117284 0.080940 0.127572
7 0.614883 0.314815 0.080940 0.127572
29 0.601828 0.452675 0.054830 0.098765
32 0.690601 0.563786 0.232376 0.057613
23 0.603133 0.707819 0.057441 0.082305
22 0.600522 0.812757 0.052219 0.069959
5 0.857702 0.113169 0.080940 0.127572
26 0.844648 0.265432 0.054830 0.094650
8 0.857702 0.413580 0.080940 0.127572
3 0.857702 0.578189 0.080940 0.127572
34 0.842037 0.730453 0.049608 0.086420
18 0.848564 0.839506 0.062663 0.090535
21 0.933420 0.057613 0.049608 0.074074
11 0.949086 0.203704 0.080940 0.127572
10 0.949086 0.409465 0.080940 0.127572
30 0.941253 0.565844 0.065274 0.102881
12 0.949086 0.759259 0.080940 0.127572
19 0.939948 0.880658 0.062663 0.074074