15 0.037534 0.081749 0.075067 0.079848
20 0.033512 0.188213 0.067024 0.079848
1 0.041555 0.332700 0.083110 0.117871
9 0.041555 0.484791 0.083110 0.117871
7 0.041555 0.674905 0.083110 0.117871
23 0.029491 0.821293 0.058981 0.076046
21 0.119303 0.060837 0.050938 0.068441
12 0.135389 0.184411 0.083110 0.117871
11 0.135389 0.336502 0.083110 0.117871
32 0.213137 0.463878 0.238606 0.053232
6 0.135389 0.617871 0.083110 0.117871
24 0.117962 0.754753 0.048257 0.072243
26 0.371314 0.062738 0.056300 0.087452
30 0.376676 0.195817 0.067024 0.095057
3 0.384718 0.378327 0.083110 0.117871
28 0.369973 0.534221 0.053619 0.079848
17 0.378016 0.652091 0.069705 0.079848
10 0.384718 0.785171 0.083110 0.117871
31 0.491957 0.079848 0.109920 0.053232
25 0.619303 0.188213 0.364611 0.064639
22 0.463807 0.321293 0.053619 0.064639
16 0.463807 0.410646 0.053619 0.068441
8 0.478552 0.557034 0.083110 0.117871
29 0.465147 0.711027 0.056300 0.091255
0 0.853887 0.096958 0.083110 0.117871
19 0.844504 0.220532 0.064343 0.068441
27 0.836461 0.346008 0.048257 0.068441
5 0.853887 0.503802 0.083110 0.117871
35 0.841823 0.623574 0.058981 0.068441
18 0.844504 0.764259 0.064343 0.083650
33 0.934316 0.060837 0.056300 0.083650
34 0.931635 0.218631 0.050938 0.079848
2 0.947721 0.389734 0.083110 0.117871
13 0.947721 0.564639 0.083110 0.117871
14 0.947721 0.712928 0.083110 0.117871
4 0.947721 0.903042 0.083110 0.117871