4 0.040470 0.110909 0.080940 0.112727
3 0.040470 0.270909 0.080940 0.112727
10 0.040470 0.401818 0.080940 0.112727
15 0.036554 0.550909 0.073107 0.076364
32 0.116188 0.665455 0.232376 0.050909
9 0.040470 0.801818 0.080940 0.112727
18 0.274151 0.069091 0.062663 0.080000
14 0.283290 0.234545 0.080940 0.112727
8 0.283290 0.390909 0.080940 0.112727
26 0.270235 0.558182 0.054830 0.083636
5 0.283290 0.710909 0.080940 0.112727
29 0.270235 0.883636 0.054830 0.087273
22 0.360313 0.070909 0.052219 0.061818
6 0.374674 0.212727 0.080940 0.112727
24 0.357702 0.365455 0.046997 0.069091
17 0.368146 0.507273 0.067885 0.076364
11 0.374674 0.627273 0.080940 0.112727
20 0.366841 0.740000 0.065274 0.076364
30 0.458225 0.096364 0.065274 0.090909
23 0.454308 0.247273 0.057441 0.072727
21 0.450392 0.341818 0.049608 0.065455
0 0.466057 0.456364 0.080940 0.112727
28 0.451697 0.616364 0.052219 0.076364
19 0.456919 0.752727 0.062663 0.065455
13 0.557441 0.100000 0.080940 0.112727
35 0.545692 0.221818 0.057441 0.065455
16 0.543081 0.312727 0.052219 0.065455
25 0.694517 0.405455 0.355091 0.061818
34 0.541775 0.521818 0.049608 0.076364
12 0.557441 0.660000 0.080940 0.112727
7 0.922977 0.092727 0.080940 0.112727
27 0.906005 0.232727 0.046997 0.065455
1 0.922977 0.369091 0.080940 0.112727
33 0.909922 0.483636 0.054830 0.080000
31 0.936031 0.596364 0.107050 0.050909
2 0.922977 0.696364 0.080940 0.112727