0 0.040470 0.082418 0.080940 0.113553
15 0.036554 0.214286 0.073107 0.076923
6 0.040470 0.331502 0.080940 0.113553
9 0.040470 0.485348 0.080940 0.113553
28 0.026110 0.606227 0.052219 0.076923
30 0.032637 0.760073 0.065274 0.091575
2 0.131854 0.108059 0.080940 0.113553
23 0.120104 0.260073 0.057441 0.073260
3 0.131854 0.371795 0.080940 0.113553
13 0.131854 0.521978 0.080940 0.113553
32 0.207572 0.648352 0.232376 0.051282
17 0.125326 0.738095 0.067885 0.076923
31 0.387728 0.080586 0.107050 0.051282
8 0.374674 0.214286 0.080940 0.113553
7 0.374674 0.401099 0.080940 0.113553
29 0.361619 0.560440 0.054830 0.087912
11 0.374674 0.727106 0.080940 0.113553
10 0.374674 0.899267 0.080940 0.113553
1 0.492167 0.089744 0.080940 0.113553
21 0.476501 0.205128 0.049608 0.065934
25 0.629243 0.287546 0.355091 0.062271
12 0.492167 0.441392 0.080940 0.113553
16 0.477807 0.549451 0.052219 0.065934
27 0.475196 0.641026 0.046997 0.065934
24 0.840731 0.056777 0.046997 0.069597
35 0.845953 0.183150 0.057441 0.065934
5 0.857702 0.342491 0.080940 0.113553
18 0.848564 0.468864 0.062663 0.080586
26 0.844648 0.587912 0.054830 0.084249
19 0.848564 0.710623 0.062663 0.065934
22 0.934726 0.082418 0.052219 0.062271
34 0.933420 0.195971 0.049608 0.076923
4 0.949086 0.316850 0.080940 0.113553
14 0.949086 0.452381 0.080940 0.113553
33 0.936031 0.615385 0.054830 0.080586
20 0.941253 0.763736 0.065274 0.076923