30 0.033512 0.076493 0.067024 0.093284
18 0.032172 0.235075 0.064343 0.082090
33 0.028150 0.388060 0.056300 0.082090
16 0.026810 0.503731 0.053619 0.067164
5 0.041555 0.658582 0.083110 0.115672
26 0.028150 0.785448 0.056300 0.085821
22 0.120643 0.050373 0.053619 0.063433
21 0.119303 0.179104 0.050938 0.067164
15 0.131367 0.277985 0.075067 0.078358
0 0.135389 0.427239 0.083110 0.115672
11 0.135389 0.561567 0.083110 0.115672
13 0.135389 0.703358 0.083110 0.115672
35 0.217158 0.070896 0.058981 0.067164
2 0.229223 0.188433 0.083110 0.115672
29 0.215818 0.317164 0.056300 0.089552
7 0.229223 0.442164 0.083110 0.115672
17 0.222520 0.606343 0.069705 0.078358
6 0.229223 0.774254 0.083110 0.115672
34 0.306971 0.087687 0.050938 0.078358
19 0.313673 0.208955 0.064343 0.067164
25 0.463807 0.292910 0.364611 0.063433
31 0.336461 0.376866 0.109920 0.052239
23 0.310992 0.462687 0.058981 0.074627
20 0.315013 0.561567 0.067024 0.078358
27 0.680965 0.089552 0.048257 0.067164
10 0.698391 0.229478 0.083110 0.115672
28 0.683646 0.378731 0.053619 0.078358
1 0.698391 0.542910 0.083110 0.115672
9 0.698391 0.725746 0.083110 0.115672
14 0.698391 0.893657 0.083110 0.115672
4 0.792225 0.083955 0.083110 0.115672
32 0.869973 0.190299 0.238606 0.052239
8 0.792225 0.311567 0.083110 0.115672
24 0.774799 0.468284 0.048257 0.070896
12 0.792225 0.628731 0.083110 0.115672
3 0.792225 0.807836 0.083110 0.115672