25 0.209231 0.053704 0.418462 0.062963
27 0.027692 0.144444 0.055385 0.066667
33 0.032308 0.244444 0.064615 0.081481
5 0.047692 0.409259 0.095385 0.114815
20 0.038462 0.568519 0.076923 0.077778
32 0.136923 0.670370 0.273846 0.051852
1 0.478462 0.083333 0.095385 0.114815
21 0.460000 0.244444 0.058462 0.066667
0 0.478462 0.405556 0.095385 0.114815
6 0.478462 0.575926 0.095385 0.114815
12 0.478462 0.738889 0.095385 0.114815
2 0.478462 0.905556 0.095385 0.114815
23 0.572308 0.092593 0.067692 0.074074
16 0.569231 0.192593 0.061538 0.066667
34 0.567692 0.327778 0.058462 0.077778
31 0.601538 0.440741 0.126154 0.051852
17 0.578462 0.546296 0.080000 0.077778
13 0.586154 0.694444 0.095385 0.114815
10 0.724615 0.112963 0.095385 0.114815
7 0.724615 0.290741 0.095385 0.114815
15 0.720000 0.438889 0.086154 0.077778
3 0.724615 0.590741 0.095385 0.114815
30 0.715385 0.720370 0.076923 0.092593
22 0.707692 0.861111 0.061538 0.062963
9 0.832308 0.079630 0.095385 0.114815
8 0.832308 0.224074 0.095385 0.114815
26 0.816923 0.368519 0.064615 0.085185
35 0.818462 0.507407 0.067692 0.066667
19 0.821538 0.607407 0.073846 0.066667
18 0.821538 0.751852 0.073846 0.081481
29 0.924615 0.066667 0.064615 0.088889
28 0.923077 0.194444 0.061538 0.077778
24 0.920000 0.305556 0.055385 0.070370
4 0.940000 0.431481 0.095385 0.114815
11 0.940000 0.605556 0.095385 0.114815
14 0.940000 0.787037 0.095385 0.114815