9 0.041114 0.098456 0.082228 0.119691
5 0.041114 0.256757 0.082228 0.119691
23 0.029178 0.386100 0.058355 0.077220
1 0.041114 0.523166 0.082228 0.119691
13 0.041114 0.696911 0.082228 0.119691
3 0.041114 0.889961 0.082228 0.119691
20 0.125995 0.079151 0.066313 0.081081
19 0.124668 0.189189 0.063660 0.069498
18 0.124668 0.320463 0.063660 0.084942
30 0.125995 0.449807 0.066313 0.096525
26 0.120690 0.577220 0.055703 0.088803
16 0.119363 0.725869 0.053050 0.069498
34 0.194960 0.067568 0.050398 0.081081
15 0.206897 0.225869 0.074271 0.081081
33 0.197613 0.362934 0.055703 0.084942
22 0.196286 0.484556 0.053050 0.065637
32 0.287798 0.567568 0.236074 0.054054
17 0.204244 0.677606 0.068966 0.081081
35 0.445623 0.054054 0.058355 0.069498
21 0.441645 0.177606 0.050398 0.069498
29 0.444297 0.312741 0.055703 0.092664
25 0.596817 0.449807 0.360743 0.065637
14 0.457560 0.569498 0.082228 0.119691
0 0.457560 0.762548 0.082228 0.119691
11 0.828912 0.110039 0.082228 0.119691
8 0.828912 0.276062 0.082228 0.119691
6 0.828912 0.438224 0.082228 0.119691
2 0.828912 0.604247 0.082228 0.119691
7 0.828912 0.793436 0.082228 0.119691
31 0.842175 0.911197 0.108753 0.054054
27 0.931034 0.088803 0.047745 0.069498
10 0.948276 0.249035 0.082228 0.119691
4 0.948276 0.442085 0.082228 0.119691
12 0.948276 0.584942 0.082228 0.119691
24 0.931034 0.750965 0.047745 0.073359
28 0.933687 0.859073 0.053050 0.081081