19 0.031332 0.092369 0.062663 0.072289
0 0.040470 0.210843 0.080940 0.124498
22 0.026110 0.379518 0.052219 0.068273
12 0.040470 0.544177 0.080940 0.124498
29 0.027415 0.686747 0.054830 0.096386
15 0.036554 0.797189 0.073107 0.084337
3 0.131854 0.114458 0.080940 0.124498
24 0.114883 0.295181 0.046997 0.076305
28 0.117493 0.427711 0.052219 0.084337
21 0.116188 0.566265 0.049608 0.072289
8 0.131854 0.704819 0.080940 0.124498
26 0.118799 0.853414 0.054830 0.092369
2 0.223238 0.114458 0.080940 0.124498
5 0.223238 0.291165 0.080940 0.124498
10 0.223238 0.491968 0.080940 0.124498
32 0.298956 0.618474 0.232376 0.056225
18 0.214099 0.763052 0.062663 0.088353
23 0.211488 0.883534 0.057441 0.080321
31 0.479112 0.072289 0.107050 0.056225
9 0.466057 0.198795 0.080940 0.124498
6 0.466057 0.363454 0.080940 0.124498
16 0.451697 0.542169 0.052219 0.072289
30 0.458225 0.688755 0.065274 0.100402
4 0.466057 0.873494 0.080940 0.124498
17 0.577023 0.086345 0.067885 0.084337
7 0.583551 0.251004 0.080940 0.124498
14 0.583551 0.435743 0.080940 0.124498
11 0.583551 0.600402 0.080940 0.124498
27 0.566580 0.726908 0.046997 0.072289
1 0.583551 0.877510 0.080940 0.124498
33 0.661880 0.072289 0.054830 0.088353
20 0.667102 0.198795 0.065274 0.084337
34 0.659269 0.343373 0.049608 0.084337
13 0.674935 0.520080 0.080940 0.124498
35 0.663185 0.674699 0.057441 0.072289
25 0.812010 0.821285 0.355091 0.068273