21 0.025266 0.088462 0.050532 0.069231
28 0.026596 0.228846 0.053191 0.080769
23 0.029255 0.357692 0.058511 0.076923
35 0.029255 0.465385 0.058511 0.069231
18 0.031915 0.588462 0.063830 0.084615
22 0.026596 0.694231 0.053191 0.065385
4 0.115691 0.113462 0.082447 0.119231
2 0.115691 0.301923 0.082447 0.119231
32 0.192819 0.434615 0.236702 0.053846
0 0.115691 0.590385 0.082447 0.119231
34 0.099734 0.767308 0.050532 0.080769
8 0.115691 0.913462 0.082447 0.119231
12 0.363032 0.094231 0.082447 0.119231
14 0.363032 0.259615 0.082447 0.119231
5 0.363032 0.401923 0.082447 0.119231
27 0.345745 0.519231 0.047872 0.069231
16 0.348404 0.626923 0.053191 0.069231
3 0.363032 0.778846 0.082447 0.119231
15 0.452128 0.071154 0.074468 0.080769
31 0.469415 0.184615 0.109043 0.053846
17 0.449468 0.282692 0.069149 0.080769
1 0.456117 0.459615 0.082447 0.119231
26 0.442819 0.636538 0.055851 0.088462
10 0.456117 0.767308 0.082447 0.119231
19 0.566489 0.073077 0.063830 0.069231
11 0.575798 0.198077 0.082447 0.119231
7 0.575798 0.371154 0.082447 0.119231
9 0.575798 0.521154 0.082447 0.119231
13 0.575798 0.686538 0.082447 0.119231
24 0.558511 0.821154 0.047872 0.073077
20 0.660904 0.059615 0.066489 0.080769
6 0.668883 0.213462 0.082447 0.119231
33 0.655585 0.346154 0.055851 0.084615
29 0.655585 0.457692 0.055851 0.092308
30 0.660904 0.613462 0.066489 0.096154
25 0.808511 0.732692 0.361702 0.065385