3 0.041223 0.109259 0.082447 0.114815
10 0.041223 0.287037 0.082447 0.114815
9 0.041223 0.427778 0.082447 0.114815
29 0.027926 0.588889 0.055851 0.088889
5 0.041223 0.750000 0.082447 0.114815
11 0.041223 0.920370 0.082447 0.114815
0 0.134309 0.094444 0.082447 0.114815
31 0.147606 0.196296 0.109043 0.051852
24 0.117021 0.290741 0.047872 0.070370
6 0.134309 0.446296 0.082447 0.114815
27 0.117021 0.585185 0.047872 0.066667
21 0.118351 0.707407 0.050532 0.066667
33 0.240691 0.077778 0.055851 0.081481
34 0.238032 0.187037 0.050532 0.077778
22 0.239362 0.309259 0.053191 0.062963
28 0.239362 0.435185 0.053191 0.077778
19 0.244681 0.537037 0.063830 0.066667
16 0.239362 0.677778 0.053191 0.066667
2 0.328457 0.094444 0.082447 0.114815
4 0.328457 0.253704 0.082447 0.114815
15 0.324468 0.409259 0.074468 0.077778
18 0.319149 0.507407 0.063830 0.081481
25 0.468085 0.620370 0.361702 0.062963
14 0.328457 0.761111 0.082447 0.114815
1 0.700798 0.112963 0.082447 0.114815
20 0.692819 0.235185 0.066489 0.077778
35 0.688830 0.348148 0.058511 0.066667
26 0.687500 0.468519 0.055851 0.085185
7 0.700798 0.638889 0.082447 0.114815
13 0.700798 0.775926 0.082447 0.114815
30 0.785904 0.075926 0.066489 0.092593
12 0.793883 0.205556 0.082447 0.114815
23 0.781915 0.333333 0.058511 0.074074
8 0.793883 0.490741 0.082447 0.114815
32 0.871011 0.614815 0.236702 0.051852
17 0.787234 0.720370 0.069149 0.077778