20 0.033512 0.086873 0.067024 0.081081
19 0.032172 0.181467 0.064343 0.069498
21 0.025469 0.308880 0.050938 0.069498
7 0.041555 0.445946 0.083110 0.119691
15 0.037534 0.592664 0.075067 0.081081
29 0.028150 0.756757 0.056300 0.092664
17 0.128686 0.086873 0.069705 0.081081
2 0.135389 0.264479 0.083110 0.119691
35 0.123324 0.382239 0.058981 0.069498
26 0.121984 0.511583 0.056300 0.088803
5 0.135389 0.677606 0.083110 0.119691
16 0.120643 0.833977 0.053619 0.069498
12 0.229223 0.102317 0.083110 0.119691
25 0.369973 0.256757 0.364611 0.065637
0 0.229223 0.399614 0.083110 0.119691
11 0.229223 0.573359 0.083110 0.119691
34 0.213137 0.743243 0.050938 0.081081
4 0.229223 0.897683 0.083110 0.119691
8 0.604558 0.083012 0.083110 0.119691
31 0.617962 0.239382 0.109920 0.054054
10 0.604558 0.391892 0.083110 0.119691
24 0.587131 0.515444 0.048257 0.073359
32 0.682306 0.613900 0.238606 0.054054
9 0.604558 0.720077 0.083110 0.119691
6 0.853887 0.117761 0.083110 0.119691
18 0.844504 0.247104 0.064343 0.084942
23 0.841823 0.386100 0.058981 0.077220
13 0.853887 0.519305 0.083110 0.119691
14 0.853887 0.681467 0.083110 0.119691
27 0.836461 0.830116 0.048257 0.069498
30 0.939678 0.094595 0.067024 0.096525
33 0.934316 0.235521 0.056300 0.084942
1 0.947721 0.361004 0.083110 0.119691
28 0.932976 0.488417 0.053619 0.081081
3 0.947721 0.635135 0.083110 0.119691
22 0.932976 0.766409 0.053619 0.065637