33 0.027415 0.064057 0.054830 0.078292
11 0.040470 0.179715 0.080940 0.110320
28 0.026110 0.322064 0.052219 0.074733
32 0.116188 0.437722 0.232376 0.049822
4 0.040470 0.571174 0.080940 0.110320
15 0.036554 0.681495 0.073107 0.074733
21 0.267624 0.085409 0.049608 0.064057
13 0.283290 0.243772 0.080940 0.110320
9 0.283290 0.425267 0.080940 0.110320
2 0.283290 0.571174 0.080940 0.110320
19 0.274151 0.725979 0.062663 0.064057
5 0.283290 0.880783 0.080940 0.110320
34 0.359008 0.055160 0.049608 0.074733
31 0.387728 0.170819 0.107050 0.049822
0 0.374674 0.290036 0.080940 0.110320
7 0.374674 0.425267 0.080940 0.110320
35 0.362924 0.583630 0.057441 0.064057
3 0.374674 0.702847 0.080940 0.110320
22 0.477807 0.048043 0.052219 0.060498
23 0.480418 0.142349 0.057441 0.071174
1 0.492167 0.250890 0.080940 0.110320
16 0.477807 0.366548 0.052219 0.064057
10 0.492167 0.482206 0.080940 0.110320
30 0.484334 0.645907 0.065274 0.088968
12 0.583551 0.094306 0.080940 0.110320
17 0.577023 0.204626 0.067885 0.074733
20 0.575718 0.300712 0.065274 0.074733
29 0.570496 0.434164 0.054830 0.085409
27 0.566580 0.558719 0.046997 0.064057
18 0.574413 0.672598 0.062663 0.078292
6 0.674935 0.072954 0.080940 0.110320
26 0.661880 0.229537 0.054830 0.081851
8 0.674935 0.361210 0.080940 0.110320
14 0.674935 0.489324 0.080940 0.110320
25 0.812010 0.592527 0.355091 0.060498
24 0.657963 0.685053 0.046997 0.067616