28 0.026110 0.068182 0.052219 0.086777
11 0.040470 0.229339 0.080940 0.128099
34 0.024804 0.390496 0.049608 0.086777
10 0.040470 0.543388 0.080940 0.128099
16 0.026110 0.702479 0.052219 0.074380
35 0.028721 0.797521 0.057441 0.074380
17 0.125326 0.076446 0.067885 0.086777
24 0.114883 0.204545 0.046997 0.078512
8 0.131854 0.373967 0.080940 0.128099
0 0.131854 0.584711 0.080940 0.128099
12 0.131854 0.758264 0.080940 0.128099
25 0.268930 0.911157 0.355091 0.070248
15 0.493473 0.080579 0.073107 0.086777
31 0.510444 0.219008 0.107050 0.057851
13 0.497389 0.336777 0.080940 0.128099
6 0.497389 0.497934 0.080940 0.128099
23 0.485640 0.665289 0.057441 0.082645
19 0.488251 0.772727 0.062663 0.074380
1 0.614883 0.109504 0.080940 0.128099
18 0.605744 0.252066 0.062663 0.090909
29 0.601828 0.388430 0.054830 0.099174
33 0.601828 0.504132 0.054830 0.090909
22 0.600522 0.621901 0.052219 0.070248
27 0.597911 0.756198 0.046997 0.074380
26 0.693211 0.072314 0.054830 0.095041
5 0.706266 0.266529 0.080940 0.128099
4 0.706266 0.423554 0.080940 0.128099
30 0.698433 0.617769 0.065274 0.103306
2 0.706266 0.770661 0.080940 0.128099
20 0.698433 0.907025 0.065274 0.086777
3 0.797650 0.109504 0.080940 0.128099
9 0.797650 0.311983 0.080940 0.128099
21 0.781984 0.462810 0.049608 0.074380
32 0.873368 0.603306 0.232376 0.057851
14 0.797650 0.729339 0.080940 0.128099
7 0.797650 0.898760 0.080940 0.128099