31 0.056319 0.052209 0.112637 0.056225
2 0.042582 0.214859 0.085165 0.124498
10 0.042582 0.379518 0.085165 0.124498
32 0.122253 0.542169 0.244505 0.056225
3 0.042582 0.708835 0.085165 0.124498
18 0.032967 0.883534 0.065934 0.088353
33 0.284341 0.096386 0.057692 0.088353
11 0.298077 0.242972 0.085165 0.124498
15 0.293956 0.411647 0.076923 0.084337
35 0.285714 0.558233 0.060440 0.072289
1 0.298077 0.704819 0.085165 0.124498
20 0.289835 0.889558 0.068681 0.084337
22 0.379121 0.074297 0.054945 0.068273
21 0.377747 0.220884 0.052198 0.072289
27 0.376374 0.353414 0.049451 0.072289
7 0.394231 0.487952 0.085165 0.124498
14 0.394231 0.656627 0.085165 0.124498
19 0.384615 0.819277 0.065934 0.072289
12 0.490385 0.102410 0.085165 0.124498
30 0.482143 0.234940 0.068681 0.100402
8 0.490385 0.419679 0.085165 0.124498
6 0.490385 0.580321 0.085165 0.124498
16 0.475275 0.698795 0.054945 0.072289
0 0.490385 0.869478 0.085165 0.124498
24 0.568681 0.074297 0.049451 0.076305
34 0.570055 0.178715 0.052198 0.084337
26 0.572802 0.303213 0.057692 0.092369
23 0.574176 0.469880 0.060440 0.080321
28 0.571429 0.572289 0.054945 0.084337
29 0.572802 0.742972 0.057692 0.096386
25 0.802198 0.090361 0.373626 0.068273
9 0.657967 0.222892 0.085165 0.124498
4 0.657967 0.379518 0.085165 0.124498
13 0.657967 0.524096 0.085165 0.124498
5 0.657967 0.688755 0.085165 0.124498
17 0.651099 0.817269 0.071429 0.084337