10 0.040470 0.109127 0.080940 0.123016
34 0.024804 0.255952 0.049608 0.083333
26 0.027415 0.367063 0.054830 0.091270
23 0.028721 0.488095 0.057441 0.079365
30 0.032637 0.621032 0.065274 0.099206
19 0.031332 0.730159 0.062663 0.071429
18 0.122715 0.075397 0.062663 0.087302
13 0.131854 0.236111 0.080940 0.123016
33 0.118799 0.396825 0.054830 0.087302
17 0.125326 0.553571 0.067885 0.083333
31 0.144909 0.650794 0.107050 0.055556
3 0.131854 0.795635 0.080940 0.123016
4 0.249347 0.089286 0.080940 0.123016
28 0.234987 0.216270 0.052219 0.083333
14 0.249347 0.375000 0.080940 0.123016
0 0.249347 0.561508 0.080940 0.123016
25 0.386423 0.688492 0.355091 0.067460
20 0.241514 0.831349 0.065274 0.083333
8 0.614883 0.101190 0.080940 0.123016
22 0.600522 0.275794 0.052219 0.067460
32 0.690601 0.416667 0.232376 0.055556
2 0.614883 0.529762 0.080940 0.123016
7 0.614883 0.720238 0.080940 0.123016
21 0.599217 0.888889 0.049608 0.071429
11 0.857702 0.121032 0.080940 0.123016
24 0.840731 0.251984 0.046997 0.075397
1 0.857702 0.394841 0.080940 0.123016
27 0.840731 0.539683 0.046997 0.071429
16 0.843342 0.646825 0.052219 0.071429
9 0.857702 0.799603 0.080940 0.123016
5 0.949086 0.089286 0.080940 0.123016
29 0.936031 0.226190 0.054830 0.095238
35 0.937337 0.333333 0.057441 0.071429
15 0.945170 0.438492 0.073107 0.083333
6 0.949086 0.561508 0.080940 0.123016
12 0.949086 0.716270 0.080940 0.123016