15 0.037534 0.075581 0.075067 0.081395
32 0.119303 0.193798 0.238606 0.054264
19 0.032172 0.294574 0.064343 0.069767
18 0.032172 0.434109 0.064343 0.085271
21 0.025469 0.534884 0.050938 0.069767
13 0.041555 0.653101 0.083110 0.120155
34 0.274799 0.079457 0.050938 0.081395
20 0.282842 0.211240 0.067024 0.081395
10 0.290885 0.331395 0.083110 0.120155
5 0.290885 0.525194 0.083110 0.120155
23 0.278820 0.647287 0.058981 0.077519
27 0.273458 0.782946 0.048257 0.069767
8 0.384718 0.106589 0.083110 0.120155
26 0.371314 0.261628 0.056300 0.089147
24 0.367292 0.385659 0.048257 0.073643
30 0.376676 0.532946 0.067024 0.096899
9 0.384718 0.676357 0.083110 0.120155
14 0.384718 0.866279 0.083110 0.120155
4 0.478552 0.102713 0.083110 0.120155
29 0.465147 0.248062 0.056300 0.093023
11 0.478552 0.393411 0.083110 0.120155
28 0.463807 0.517442 0.053619 0.081395
17 0.471850 0.664729 0.069705 0.081395
35 0.466488 0.771318 0.058981 0.069767
1 0.572386 0.110465 0.083110 0.120155
33 0.558981 0.259690 0.056300 0.085271
0 0.572386 0.436047 0.083110 0.120155
22 0.557641 0.587209 0.053619 0.065891
3 0.572386 0.730620 0.083110 0.120155
2 0.572386 0.885659 0.083110 0.120155
16 0.651475 0.081395 0.053619 0.069767
25 0.806971 0.218992 0.364611 0.065891
7 0.666220 0.358527 0.083110 0.120155
31 0.679625 0.468992 0.109920 0.054264
12 0.666220 0.610465 0.083110 0.120155
6 0.666220 0.781008 0.083110 0.120155