25 0.177546 0.072016 0.355091 0.069959
18 0.031332 0.218107 0.062663 0.090535
19 0.031332 0.341564 0.062663 0.074074
11 0.040470 0.467078 0.080940 0.127572
21 0.024804 0.600823 0.049608 0.074074
8 0.040470 0.775720 0.080940 0.127572
12 0.406005 0.121399 0.080940 0.127572
13 0.406005 0.310700 0.080940 0.127572
32 0.481723 0.452675 0.232376 0.057613
23 0.394256 0.547325 0.057441 0.082305
2 0.406005 0.689300 0.080940 0.127572
1 0.406005 0.895062 0.080940 0.127572
9 0.648825 0.096708 0.080940 0.127572
3 0.648825 0.286008 0.080940 0.127572
33 0.635770 0.456790 0.054830 0.090535
35 0.637076 0.567901 0.057441 0.074074
27 0.631854 0.674897 0.046997 0.074074
16 0.634465 0.798354 0.052219 0.074074
0 0.740209 0.109053 0.080940 0.127572
4 0.740209 0.294239 0.080940 0.127572
29 0.727154 0.432099 0.054830 0.098765
22 0.725849 0.598765 0.052219 0.069959
17 0.733681 0.701646 0.067885 0.086420
6 0.740209 0.862140 0.080940 0.127572
24 0.814621 0.080247 0.046997 0.078189
10 0.831593 0.207819 0.080940 0.127572
30 0.823760 0.347737 0.065274 0.102881
7 0.831593 0.500000 0.080940 0.127572
28 0.817232 0.648148 0.052219 0.086420
5 0.831593 0.820988 0.080940 0.127572
34 0.907311 0.063786 0.049608 0.086420
31 0.936031 0.201646 0.107050 0.057613
15 0.919060 0.355967 0.073107 0.086420
20 0.915144 0.520576 0.065274 0.086420
26 0.909922 0.668724 0.054830 0.094650
14 0.922977 0.808642 0.080940 0.127572