1 0.040470 0.115686 0.080940 0.121569
8 0.040470 0.284314 0.080940 0.121569
0 0.040470 0.464706 0.080940 0.121569
34 0.024804 0.598039 0.049608 0.082353
21 0.024804 0.701961 0.049608 0.070588
32 0.116188 0.815686 0.232376 0.054902
3 0.283290 0.107843 0.080940 0.121569
20 0.275457 0.241176 0.065274 0.082353
7 0.283290 0.378431 0.080940 0.121569
17 0.276762 0.554902 0.067885 0.082353
6 0.283290 0.719608 0.080940 0.121569
9 0.283290 0.864706 0.080940 0.121569
27 0.357702 0.078431 0.046997 0.070588
12 0.374674 0.237255 0.080940 0.121569
31 0.387728 0.396078 0.107050 0.054902
28 0.360313 0.492157 0.052219 0.082353
26 0.361619 0.637255 0.054830 0.090196
15 0.370757 0.770588 0.073107 0.082353
16 0.477807 0.082353 0.052219 0.070588
33 0.479112 0.227451 0.054830 0.086275
4 0.492167 0.374510 0.080940 0.121569
29 0.479112 0.545098 0.054830 0.094118
13 0.492167 0.676471 0.080940 0.121569
11 0.492167 0.856863 0.080940 0.121569
30 0.575718 0.084314 0.065274 0.098039
5 0.583551 0.268627 0.080940 0.121569
2 0.583551 0.421569 0.080940 0.121569
18 0.574413 0.596078 0.062663 0.086275
24 0.566580 0.739216 0.046997 0.074510
23 0.571802 0.847059 0.057441 0.078431
10 0.674935 0.084314 0.080940 0.121569
19 0.665796 0.227451 0.062663 0.070588
14 0.674935 0.390196 0.080940 0.121569
25 0.812010 0.531373 0.355091 0.066667
35 0.663185 0.635294 0.057441 0.070588
22 0.660574 0.758824 0.052219 0.066667