2 0.040470 0.108268 0.080940 0.122047
9 0.040470 0.253937 0.080940 0.122047
14 0.040470 0.403543 0.080940 0.122047
20 0.032637 0.553150 0.065274 0.082677
7 0.040470 0.694882 0.080940 0.122047
3 0.040470 0.868110 0.080940 0.122047
29 0.118799 0.066929 0.054830 0.094488
5 0.131854 0.206693 0.080940 0.122047
18 0.122715 0.366142 0.062663 0.086614
35 0.120104 0.488189 0.057441 0.070866
23 0.120104 0.633858 0.057441 0.078740
32 0.207572 0.724409 0.232376 0.055118
21 0.359008 0.094488 0.049608 0.070866
1 0.374674 0.269685 0.080940 0.122047
22 0.360313 0.431102 0.052219 0.066929
13 0.374674 0.568898 0.080940 0.122047
10 0.374674 0.730315 0.080940 0.122047
24 0.357702 0.895669 0.046997 0.074803
12 0.466057 0.080709 0.080940 0.122047
15 0.462141 0.242126 0.073107 0.082677
33 0.453003 0.374016 0.054830 0.086614
11 0.466057 0.529528 0.080940 0.122047
30 0.458225 0.679134 0.065274 0.098425
17 0.459530 0.824803 0.067885 0.082677
28 0.543081 0.096457 0.052219 0.082677
0 0.557441 0.218504 0.080940 0.122047
19 0.548303 0.385827 0.062663 0.070866
31 0.570496 0.500000 0.107050 0.055118
6 0.557441 0.643701 0.080940 0.122047
34 0.541775 0.777559 0.049608 0.082677
4 0.674935 0.108268 0.080940 0.122047
26 0.661880 0.265748 0.054830 0.090551
8 0.674935 0.435039 0.080940 0.122047
16 0.660574 0.582677 0.052219 0.070866
25 0.812010 0.722441 0.355091 0.066929
27 0.657963 0.814961 0.046997 0.070866