29 0.032308 0.083682 0.064615 0.100418
12 0.047692 0.248954 0.095385 0.129707
19 0.036923 0.418410 0.073846 0.075314
18 0.036923 0.585774 0.073846 0.092050
21 0.029231 0.719665 0.058462 0.075314
26 0.032308 0.826360 0.064615 0.096234
2 0.155385 0.094142 0.095385 0.129707
34 0.136923 0.240586 0.058462 0.087866
31 0.170769 0.384937 0.126154 0.058577
5 0.155385 0.508368 0.095385 0.129707
14 0.155385 0.663180 0.095385 0.129707
30 0.146154 0.834728 0.076923 0.104603
16 0.276923 0.066946 0.061538 0.075314
28 0.276923 0.186192 0.061538 0.087866
4 0.293846 0.320084 0.095385 0.129707
23 0.280000 0.447699 0.067692 0.083682
10 0.293846 0.617155 0.095385 0.129707
13 0.293846 0.809623 0.095385 0.129707
15 0.396923 0.064854 0.086154 0.087866
17 0.393846 0.182008 0.080000 0.087866
1 0.401538 0.336820 0.095385 0.129707
11 0.401538 0.533473 0.095385 0.129707
3 0.401538 0.688285 0.095385 0.129707
0 0.401538 0.864017 0.095385 0.129707
20 0.500000 0.073222 0.076923 0.087866
32 0.598462 0.192469 0.273846 0.058577
33 0.493846 0.334728 0.064615 0.092050
25 0.670769 0.453975 0.418462 0.071130
27 0.489231 0.573222 0.055385 0.075314
6 0.509231 0.751046 0.095385 0.129707
9 0.940000 0.089958 0.095385 0.129707
8 0.940000 0.299163 0.095385 0.129707
22 0.923077 0.479079 0.061538 0.071130
35 0.926154 0.610879 0.067692 0.075314
24 0.920000 0.767782 0.055385 0.079498
7 0.940000 0.901674 0.095385 0.129707