32 0.116188 0.068273 0.232376 0.056225
35 0.028721 0.172691 0.057441 0.072289
3 0.040470 0.291165 0.080940 0.124498
12 0.040470 0.491968 0.080940 0.124498
19 0.031332 0.654618 0.062663 0.072289
22 0.026110 0.781124 0.052219 0.068273
26 0.270235 0.098394 0.054830 0.092369
23 0.271540 0.253012 0.057441 0.080321
15 0.279373 0.383534 0.073107 0.084337
25 0.420366 0.540161 0.355091 0.068273
34 0.267624 0.696787 0.049608 0.084337
17 0.276762 0.829317 0.067885 0.084337
29 0.635770 0.108434 0.054830 0.096386
18 0.639687 0.220884 0.062663 0.088353
2 0.648825 0.379518 0.080940 0.124498
27 0.631854 0.550201 0.046997 0.072289
20 0.640992 0.652610 0.065274 0.084337
16 0.634465 0.803213 0.052219 0.072289
1 0.740209 0.114458 0.080940 0.124498
9 0.740209 0.291165 0.080940 0.124498
11 0.740209 0.443775 0.080940 0.124498
14 0.740209 0.596386 0.080940 0.124498
5 0.740209 0.753012 0.080940 0.124498
24 0.723238 0.877510 0.046997 0.076305
28 0.817232 0.086345 0.052219 0.084337
4 0.831593 0.238956 0.080940 0.124498
7 0.831593 0.439759 0.080940 0.124498
30 0.823760 0.588353 0.065274 0.100402
21 0.815927 0.755020 0.049608 0.072289
33 0.818538 0.915663 0.054830 0.088353
8 0.922977 0.110442 0.080940 0.124498
13 0.922977 0.263052 0.080940 0.124498
31 0.936031 0.389558 0.107050 0.056225
0 0.922977 0.508032 0.080940 0.124498
6 0.922977 0.684739 0.080940 0.124498
10 0.922977 0.869478 0.080940 0.124498