34 0.025469 0.088933 0.050938 0.083004
14 0.041555 0.258893 0.083110 0.122530
23 0.029491 0.411067 0.058981 0.079051
35 0.029491 0.537549 0.058981 0.071146
3 0.041555 0.654150 0.083110 0.122530
25 0.182306 0.812253 0.364611 0.067194
28 0.402145 0.077075 0.053619 0.083004
18 0.407507 0.241107 0.064343 0.086957
2 0.416890 0.389328 0.083110 0.122530
12 0.416890 0.539526 0.083110 0.122530
15 0.412869 0.662055 0.075067 0.083004
4 0.416890 0.832016 0.083110 0.122530
26 0.497319 0.088933 0.056300 0.090909
22 0.495979 0.191700 0.053619 0.067194
13 0.510724 0.357708 0.083110 0.122530
29 0.497319 0.513834 0.056300 0.094862
7 0.510724 0.689723 0.083110 0.122530
5 0.510724 0.835968 0.083110 0.122530
30 0.596515 0.073123 0.067024 0.098814
6 0.604558 0.250988 0.083110 0.122530
21 0.588472 0.411067 0.050938 0.071146
8 0.604558 0.583004 0.083110 0.122530
0 0.604558 0.764822 0.083110 0.122530
33 0.591153 0.936759 0.056300 0.086957
19 0.689008 0.086957 0.064343 0.071146
10 0.698391 0.223320 0.083110 0.122530
1 0.698391 0.420949 0.083110 0.122530
17 0.691689 0.586957 0.069705 0.083004
20 0.690349 0.737154 0.067024 0.083004
24 0.680965 0.843874 0.048257 0.075099
9 0.792225 0.116601 0.083110 0.122530
16 0.777480 0.292490 0.053619 0.071146
27 0.774799 0.438735 0.048257 0.071146
32 0.869973 0.549407 0.238606 0.055336
31 0.805630 0.683794 0.109920 0.055336
11 0.792225 0.851779 0.083110 0.122530