0 0.041555 0.078244 0.083110 0.118321
22 0.026810 0.223282 0.053619 0.064885
8 0.041555 0.364504 0.083110 0.118321
15 0.037534 0.540076 0.075067 0.080153
32 0.119303 0.660305 0.238606 0.053435
21 0.025469 0.786260 0.050938 0.068702
26 0.277480 0.074427 0.056300 0.087786
14 0.290885 0.234733 0.083110 0.118321
3 0.290885 0.387405 0.083110 0.118321
30 0.282842 0.540076 0.067024 0.095420
7 0.290885 0.688931 0.083110 0.118321
12 0.290885 0.845420 0.083110 0.118321
13 0.384718 0.108779 0.083110 0.118321
20 0.376676 0.250000 0.067024 0.080153
9 0.384718 0.387405 0.083110 0.118321
31 0.398123 0.541985 0.109920 0.053435
25 0.525469 0.620229 0.364611 0.064885
29 0.371314 0.740458 0.056300 0.091603
24 0.742627 0.089695 0.048257 0.072519
2 0.760054 0.234733 0.083110 0.118321
28 0.745308 0.410305 0.053619 0.080153
5 0.760054 0.551527 0.083110 0.118321
11 0.760054 0.696565 0.083110 0.118321
19 0.750670 0.832061 0.064343 0.068702
34 0.837802 0.085878 0.050938 0.080153
10 0.853887 0.215649 0.083110 0.118321
16 0.839142 0.332061 0.053619 0.068702
35 0.841823 0.465649 0.058981 0.068702
33 0.840483 0.599237 0.056300 0.083969
27 0.836461 0.717557 0.048257 0.068702
4 0.947721 0.078244 0.083110 0.118321
17 0.941019 0.230916 0.069705 0.080153
23 0.935657 0.358779 0.058981 0.076336
1 0.947721 0.532443 0.083110 0.118321
6 0.947721 0.715649 0.083110 0.118321
18 0.938338 0.881679 0.064343 0.083969