6 0.040470 0.103636 0.080940 0.112727
34 0.024804 0.227273 0.049608 0.076364
21 0.024804 0.349091 0.049608 0.065455
24 0.023499 0.445455 0.046997 0.069091
17 0.033943 0.558182 0.067885 0.076364
16 0.026110 0.690909 0.052219 0.065455
4 0.131854 0.092727 0.080940 0.112727
28 0.117493 0.234545 0.052219 0.076364
31 0.144909 0.323636 0.107050 0.050909
15 0.127937 0.416364 0.073107 0.076364
5 0.131854 0.529091 0.080940 0.112727
18 0.122715 0.650909 0.062663 0.080000
8 0.249347 0.092727 0.080940 0.112727
2 0.249347 0.252727 0.080940 0.112727
1 0.249347 0.387273 0.080940 0.112727
3 0.249347 0.558182 0.080940 0.112727
20 0.241514 0.714545 0.065274 0.076364
11 0.249347 0.878182 0.080940 0.112727
25 0.477807 0.056364 0.355091 0.061818
19 0.331593 0.145455 0.062663 0.065455
12 0.340731 0.296364 0.080940 0.112727
0 0.340731 0.481818 0.080940 0.112727
35 0.328982 0.629091 0.057441 0.065455
27 0.323760 0.738182 0.046997 0.065455
10 0.706266 0.081818 0.080940 0.112727
23 0.694517 0.203636 0.057441 0.072727
32 0.781984 0.283636 0.232376 0.050909
29 0.693211 0.421818 0.054830 0.087273
30 0.698433 0.558182 0.065274 0.090909
22 0.691906 0.660000 0.052219 0.061818
9 0.949086 0.103636 0.080940 0.112727
14 0.949086 0.278182 0.080940 0.112727
7 0.949086 0.445455 0.080940 0.112727
13 0.949086 0.590909 0.080940 0.112727
26 0.936031 0.743636 0.054830 0.083636
33 0.936031 0.890909 0.054830 0.080000