30 0.032637 0.063636 0.065274 0.090909
22 0.026110 0.212727 0.052219 0.061818
17 0.033943 0.321818 0.067885 0.076364
28 0.026110 0.456364 0.052219 0.076364
31 0.053525 0.581818 0.107050 0.050909
19 0.031332 0.676364 0.062663 0.065455
9 0.157963 0.078182 0.080940 0.112727
24 0.140992 0.230909 0.046997 0.069091
16 0.143603 0.367273 0.052219 0.065455
33 0.144909 0.483636 0.054830 0.080000
23 0.146214 0.629091 0.057441 0.072727
3 0.157963 0.787273 0.080940 0.112727
26 0.236292 0.096364 0.054830 0.083636
34 0.233681 0.241818 0.049608 0.076364
4 0.249347 0.358182 0.080940 0.112727
12 0.249347 0.532727 0.080940 0.112727
7 0.249347 0.681818 0.080940 0.112727
25 0.386423 0.830909 0.355091 0.061818
6 0.614883 0.103636 0.080940 0.112727
8 0.614883 0.270909 0.080940 0.112727
0 0.614883 0.423636 0.080940 0.112727
18 0.605744 0.556364 0.062663 0.080000
2 0.614883 0.674545 0.080940 0.112727
32 0.690601 0.803636 0.232376 0.050909
10 0.857702 0.074545 0.080940 0.112727
29 0.844648 0.203636 0.054830 0.087273
5 0.857702 0.358182 0.080940 0.112727
27 0.840731 0.476364 0.046997 0.065455
35 0.845953 0.563636 0.057441 0.065455
15 0.853786 0.700000 0.073107 0.076364
1 0.949086 0.092727 0.080940 0.112727
11 0.949086 0.270909 0.080940 0.112727
13 0.949086 0.438182 0.080940 0.112727
14 0.949086 0.605455 0.080940 0.112727
21 0.933420 0.760000 0.049608 0.065455
20 0.941253 0.900000 0.065274 0.076364