13 0.040470 0.112648 0.080940 0.122530
8 0.040470 0.282609 0.080940 0.122530
19 0.031332 0.426877 0.062663 0.071146
9 0.040470 0.583004 0.080940 0.122530
17 0.033943 0.745059 0.067885 0.083004
5 0.040470 0.899209 0.080940 0.122530
27 0.114883 0.071146 0.046997 0.071146
3 0.131854 0.187747 0.080940 0.122530
32 0.207572 0.324111 0.232376 0.055336
6 0.131854 0.472332 0.080940 0.122530
20 0.124021 0.610672 0.065274 0.083004
2 0.131854 0.737154 0.080940 0.122530
30 0.366841 0.104743 0.065274 0.098814
35 0.362924 0.252964 0.057441 0.071146
15 0.370757 0.397233 0.073107 0.083004
7 0.374674 0.523715 0.080940 0.122530
1 0.374674 0.666008 0.080940 0.122530
29 0.361619 0.798419 0.054830 0.094862
18 0.456919 0.098814 0.062663 0.086957
11 0.466057 0.239130 0.080940 0.122530
31 0.479112 0.359684 0.107050 0.055336
14 0.466057 0.507905 0.080940 0.122530
28 0.451697 0.666008 0.052219 0.083004
12 0.466057 0.796443 0.080940 0.122530
16 0.569191 0.059289 0.052219 0.071146
33 0.570496 0.201581 0.054830 0.086957
34 0.567885 0.326087 0.049608 0.083004
0 0.583551 0.480237 0.080940 0.122530
25 0.720627 0.606719 0.355091 0.067194
23 0.571802 0.719368 0.057441 0.079051
22 0.934726 0.077075 0.052219 0.067194
24 0.932115 0.195652 0.046997 0.075099
10 0.949086 0.353755 0.080940 0.122530
4 0.949086 0.515810 0.080940 0.122530
21 0.933420 0.636364 0.049608 0.071146
26 0.936031 0.752964 0.054830 0.090909