13 0.040470 0.108696 0.080940 0.122530
35 0.028721 0.229249 0.057441 0.071146
31 0.053525 0.324111 0.107050 0.055336
26 0.027415 0.456522 0.054830 0.090909
11 0.040470 0.586957 0.080940 0.122530
16 0.026110 0.719368 0.052219 0.071146
33 0.144909 0.063241 0.054830 0.086957
25 0.295039 0.167984 0.355091 0.067194
28 0.143603 0.290514 0.052219 0.083004
1 0.157963 0.452569 0.080940 0.122530
22 0.143603 0.583004 0.052219 0.067194
10 0.157963 0.725296 0.080940 0.122530
0 0.523499 0.120553 0.080940 0.122530
14 0.523499 0.282609 0.080940 0.122530
18 0.514360 0.462451 0.062663 0.086957
19 0.514360 0.592885 0.062663 0.071146
23 0.511749 0.719368 0.057441 0.079051
20 0.515666 0.847826 0.065274 0.083004
12 0.614883 0.116601 0.080940 0.122530
4 0.614883 0.286561 0.080940 0.122530
6 0.614883 0.464427 0.080940 0.122530
5 0.614883 0.650198 0.080940 0.122530
27 0.597911 0.766798 0.046997 0.071146
24 0.597911 0.903162 0.046997 0.075099
3 0.706266 0.096838 0.080940 0.122530
29 0.693211 0.280632 0.054830 0.094862
21 0.690601 0.442688 0.049608 0.071146
8 0.706266 0.567194 0.080940 0.122530
32 0.781984 0.723320 0.232376 0.055336
2 0.706266 0.875494 0.080940 0.122530
30 0.941253 0.073123 0.065274 0.098814
17 0.942559 0.203557 0.067885 0.083004
7 0.949086 0.337945 0.080940 0.122530
34 0.933420 0.500000 0.049608 0.083004
9 0.949086 0.658103 0.080940 0.122530
15 0.945170 0.820158 0.073107 0.083004