7 0.041555 0.100000 0.083110 0.112727
0 0.041555 0.270909 0.083110 0.112727
1 0.041555 0.412727 0.083110 0.112727
11 0.041555 0.550909 0.083110 0.112727
14 0.041555 0.718182 0.083110 0.112727
12 0.041555 0.892727 0.083110 0.112727
24 0.117962 0.089091 0.048257 0.069091
27 0.117962 0.210909 0.048257 0.065455
30 0.127346 0.347273 0.067024 0.090909
33 0.121984 0.498182 0.056300 0.080000
25 0.276139 0.623636 0.364611 0.061818
34 0.119303 0.718182 0.050938 0.076364
9 0.510724 0.110909 0.083110 0.112727
2 0.510724 0.249091 0.083110 0.112727
19 0.501340 0.400000 0.064343 0.065455
3 0.510724 0.518182 0.083110 0.112727
22 0.495979 0.634545 0.053619 0.061818
8 0.510724 0.794545 0.083110 0.112727
5 0.604558 0.074545 0.083110 0.112727
29 0.591153 0.192727 0.056300 0.087273
4 0.604558 0.332727 0.083110 0.112727
32 0.682306 0.480000 0.238606 0.050909
31 0.617962 0.549091 0.109920 0.050909
21 0.588472 0.650909 0.050938 0.065455
17 0.847185 0.092727 0.069705 0.076364
13 0.853887 0.238182 0.083110 0.112727
10 0.853887 0.405455 0.083110 0.112727
26 0.840483 0.569091 0.056300 0.083636
28 0.839142 0.714545 0.053619 0.076364
16 0.839142 0.825455 0.053619 0.065455
35 0.935657 0.080000 0.058981 0.065455
6 0.947721 0.190909 0.083110 0.112727
18 0.938338 0.360000 0.064343 0.080000
23 0.935657 0.501818 0.058981 0.072727
15 0.943700 0.641818 0.075067 0.076364
20 0.939678 0.747273 0.067024 0.076364