32 0.116188 0.067194 0.232376 0.055336
3 0.040470 0.179842 0.080940 0.122530
15 0.036554 0.345850 0.073107 0.083004
14 0.040470 0.496047 0.080940 0.122530
21 0.024804 0.660079 0.049608 0.071146
26 0.027415 0.776680 0.054830 0.090909
33 0.270235 0.063241 0.054830 0.086957
6 0.283290 0.207510 0.080940 0.122530
18 0.274151 0.343874 0.062663 0.086957
25 0.420366 0.456522 0.355091 0.067194
17 0.276762 0.586957 0.067885 0.083004
13 0.283290 0.752964 0.080940 0.122530
4 0.648825 0.112648 0.080940 0.122530
10 0.648825 0.314229 0.080940 0.122530
19 0.639687 0.434783 0.062663 0.071146
28 0.634465 0.551383 0.052219 0.083004
30 0.640992 0.701581 0.065274 0.098814
31 0.661880 0.845850 0.107050 0.055336
24 0.749347 0.092885 0.046997 0.075099
8 0.766319 0.235178 0.080940 0.122530
0 0.766319 0.405138 0.080940 0.122530
12 0.766319 0.567194 0.080940 0.122530
27 0.749347 0.703557 0.046997 0.071146
2 0.766319 0.871542 0.080940 0.122530
11 0.857702 0.088933 0.080940 0.122530
35 0.845953 0.229249 0.057441 0.071146
7 0.857702 0.369565 0.080940 0.122530
1 0.857702 0.559289 0.080940 0.122530
20 0.849869 0.729249 0.065274 0.083004
5 0.857702 0.867589 0.080940 0.122530
29 0.936031 0.083004 0.054830 0.094862
23 0.937337 0.221344 0.057441 0.079051
34 0.933420 0.381423 0.049608 0.083004
16 0.934726 0.505929 0.052219 0.071146
9 0.949086 0.622530 0.080940 0.122530
22 0.934726 0.768775 0.052219 0.067194