28 0.026810 0.072266 0.053619 0.082031
34 0.025469 0.205078 0.050938 0.082031
33 0.028150 0.312500 0.056300 0.085938
20 0.033512 0.462891 0.067024 0.082031
10 0.041555 0.626953 0.083110 0.121094
22 0.026810 0.744141 0.053619 0.066406
21 0.119303 0.074219 0.050938 0.070312
12 0.135389 0.236328 0.083110 0.121094
26 0.121984 0.361328 0.056300 0.089844
7 0.135389 0.533203 0.083110 0.121094
17 0.128686 0.666016 0.069705 0.082031
24 0.117962 0.798828 0.048257 0.074219
27 0.211796 0.058594 0.048257 0.070312
15 0.225201 0.166016 0.075067 0.082031
32 0.306971 0.277344 0.238606 0.054688
31 0.242627 0.390625 0.109920 0.054688
18 0.219839 0.523438 0.064343 0.085938
3 0.229223 0.685547 0.083110 0.121094
4 0.478552 0.087891 0.083110 0.121094
13 0.478552 0.232422 0.083110 0.121094
8 0.478552 0.400391 0.083110 0.121094
35 0.466488 0.535156 0.058981 0.070312
29 0.465147 0.679688 0.056300 0.093750
9 0.478552 0.810547 0.083110 0.121094
23 0.560322 0.058594 0.058981 0.078125
5 0.572386 0.189453 0.083110 0.121094
6 0.572386 0.337891 0.083110 0.121094
25 0.713137 0.462891 0.364611 0.066406
30 0.564343 0.576172 0.067024 0.097656
1 0.572386 0.759766 0.083110 0.121094
16 0.932976 0.085938 0.053619 0.070312
2 0.947721 0.224609 0.083110 0.121094
11 0.947721 0.400391 0.083110 0.121094
0 0.947721 0.576172 0.083110 0.121094
19 0.938338 0.726562 0.064343 0.070312
14 0.947721 0.861328 0.083110 0.121094