32 0.116188 0.056225 0.232376 0.056225
18 0.031332 0.152610 0.062663 0.088353
3 0.040470 0.335341 0.080940 0.124498
19 0.031332 0.457831 0.062663 0.072289
27 0.023499 0.606426 0.046997 0.072289
29 0.027415 0.714859 0.054830 0.096386
24 0.266319 0.074297 0.046997 0.076305
21 0.267624 0.184739 0.049608 0.072289
20 0.275457 0.315261 0.065274 0.084337
25 0.420366 0.435743 0.355091 0.068273
6 0.283290 0.600402 0.080940 0.124498
17 0.276762 0.728916 0.067885 0.084337
15 0.644909 0.062249 0.073107 0.084337
23 0.637076 0.204819 0.057441 0.080321
7 0.648825 0.331325 0.080940 0.124498
26 0.635770 0.520080 0.054830 0.092369
31 0.661880 0.626506 0.107050 0.056225
10 0.648825 0.777108 0.080940 0.124498
12 0.766319 0.106426 0.080940 0.124498
35 0.754569 0.265060 0.057441 0.072289
13 0.766319 0.391566 0.080940 0.124498
9 0.766319 0.548193 0.080940 0.124498
33 0.753264 0.686747 0.054830 0.088353
0 0.766319 0.857430 0.080940 0.124498
30 0.849869 0.074297 0.065274 0.100402
22 0.843342 0.226908 0.052219 0.068273
8 0.857702 0.391566 0.080940 0.124498
34 0.842037 0.540161 0.049608 0.084337
14 0.857702 0.664659 0.080940 0.124498
1 0.857702 0.861446 0.080940 0.124498
28 0.934726 0.062249 0.052219 0.084337
5 0.949086 0.230924 0.080940 0.124498
4 0.949086 0.411647 0.080940 0.124498
2 0.949086 0.556225 0.080940 0.124498
16 0.934726 0.674699 0.052219 0.072289
11 0.949086 0.837349 0.080940 0.124498