4 0.048438 0.083333 0.096875 0.114815
9 0.048438 0.272222 0.096875 0.114815
14 0.048438 0.409259 0.096875 0.114815
30 0.039062 0.583333 0.078125 0.092593
24 0.028125 0.701852 0.056250 0.070370
21 0.029687 0.814815 0.059375 0.066667
19 0.146875 0.062963 0.075000 0.066667
17 0.150000 0.194444 0.081250 0.077778
23 0.143750 0.333333 0.068750 0.074074
29 0.142187 0.455556 0.065625 0.088889
18 0.146875 0.614815 0.075000 0.081481
35 0.143750 0.755556 0.068750 0.066667
15 0.246875 0.079630 0.087500 0.077778
10 0.251563 0.250000 0.096875 0.114815
13 0.251563 0.416667 0.096875 0.114815
25 0.415625 0.546296 0.425000 0.062963
32 0.342187 0.622222 0.278125 0.051852
33 0.235937 0.711111 0.065625 0.081481
26 0.673438 0.072222 0.065625 0.085185
8 0.689063 0.224074 0.096875 0.114815
7 0.689063 0.409259 0.096875 0.114815
16 0.671875 0.555556 0.062500 0.066667
28 0.671875 0.650000 0.062500 0.077778
0 0.689063 0.772222 0.096875 0.114815
3 0.798438 0.109259 0.096875 0.114815
27 0.778125 0.270370 0.056250 0.066667
6 0.798438 0.405556 0.096875 0.114815
12 0.798438 0.538889 0.096875 0.114815
5 0.798438 0.724074 0.096875 0.114815
1 0.798438 0.909259 0.096875 0.114815
34 0.889062 0.087037 0.059375 0.077778
31 0.923438 0.192593 0.128125 0.051852
22 0.890625 0.290741 0.062500 0.062963
20 0.898438 0.398148 0.078125 0.077778
2 0.907813 0.527778 0.096875 0.114815
11 0.907813 0.701852 0.096875 0.114815