25 0.177546 0.052326 0.355091 0.065891
17 0.033943 0.199612 0.067885 0.081395
20 0.032637 0.315891 0.065274 0.081395
23 0.028721 0.434109 0.057441 0.077519
16 0.026110 0.558140 0.052219 0.069767
6 0.040470 0.722868 0.080940 0.120155
29 0.392950 0.104651 0.054830 0.093023
7 0.406005 0.234496 0.080940 0.120155
15 0.402089 0.408915 0.073107 0.081395
2 0.406005 0.560078 0.080940 0.120155
14 0.406005 0.715116 0.080940 0.120155
4 0.406005 0.912791 0.080940 0.120155
24 0.480418 0.087209 0.046997 0.073643
33 0.484334 0.224806 0.054830 0.085271
10 0.497389 0.346899 0.080940 0.120155
3 0.497389 0.501938 0.080940 0.120155
1 0.497389 0.660853 0.080940 0.120155
21 0.481723 0.782946 0.049608 0.069767
26 0.575718 0.071705 0.054830 0.089147
35 0.577023 0.224806 0.057441 0.069767
32 0.664491 0.348837 0.232376 0.054264
18 0.579634 0.476744 0.062663 0.085271
0 0.588773 0.622093 0.080940 0.120155
9 0.588773 0.800388 0.080940 0.120155
22 0.817232 0.056202 0.052219 0.065891
34 0.815927 0.172481 0.049608 0.081395
28 0.817232 0.323643 0.052219 0.081395
12 0.831593 0.463178 0.080940 0.120155
19 0.822454 0.620155 0.062663 0.069767
30 0.823760 0.730620 0.065274 0.096899
11 0.922977 0.106589 0.080940 0.120155
13 0.922977 0.292636 0.080940 0.120155
5 0.922977 0.463178 0.080940 0.120155
31 0.936031 0.589147 0.107050 0.054264
8 0.922977 0.753876 0.080940 0.120155
27 0.906005 0.879845 0.046997 0.069767