27 0.024129 0.085271 0.048257 0.069767
6 0.041555 0.242248 0.083110 0.120155
2 0.041555 0.397287 0.083110 0.120155
3 0.041555 0.579457 0.083110 0.120155
15 0.037534 0.715116 0.075067 0.081395
19 0.032172 0.821705 0.064343 0.069767
4 0.135389 0.098837 0.083110 0.120155
33 0.121984 0.279070 0.056300 0.085271
31 0.148794 0.383721 0.109920 0.054264
32 0.213137 0.496124 0.238606 0.054264
1 0.135389 0.649225 0.083110 0.120155
24 0.117962 0.788760 0.048257 0.073643
5 0.384718 0.118217 0.083110 0.120155
20 0.376676 0.292636 0.067024 0.081395
11 0.384718 0.439922 0.083110 0.120155
16 0.369973 0.596899 0.053619 0.069767
14 0.384718 0.742248 0.083110 0.120155
18 0.375335 0.895349 0.064343 0.085271
34 0.462466 0.091085 0.050938 0.081395
23 0.466488 0.236434 0.058981 0.077519
9 0.478552 0.401163 0.083110 0.120155
12 0.478552 0.594961 0.083110 0.120155
29 0.465147 0.771318 0.056300 0.093023
7 0.478552 0.912791 0.083110 0.120155
10 0.572386 0.102713 0.083110 0.120155
25 0.713137 0.242248 0.364611 0.065891
13 0.572386 0.408915 0.083110 0.120155
35 0.560322 0.569767 0.058981 0.069767
0 0.572386 0.730620 0.083110 0.120155
17 0.565684 0.908915 0.069705 0.081395
28 0.932976 0.063953 0.053619 0.081395
26 0.934316 0.226744 0.056300 0.089147
8 0.947721 0.385659 0.083110 0.120155
30 0.939678 0.544574 0.067024 0.096899
21 0.931635 0.647287 0.050938 0.069767
22 0.932976 0.753876 0.053619 0.065891