9 0.041555 0.087361 0.083110 0.115242
3 0.041555 0.232342 0.083110 0.115242
1 0.041555 0.421933 0.083110 0.115242
7 0.041555 0.604089 0.083110 0.115242
12 0.041555 0.775093 0.083110 0.115242
27 0.024129 0.925651 0.048257 0.066914
30 0.127346 0.083643 0.067024 0.092937
34 0.119303 0.206320 0.050938 0.078067
15 0.131367 0.314126 0.075067 0.078067
32 0.213137 0.453532 0.238606 0.052045
20 0.127346 0.563197 0.067024 0.078067
23 0.123324 0.661710 0.058981 0.074349
5 0.384718 0.094796 0.083110 0.115242
0 0.384718 0.273234 0.083110 0.115242
29 0.371314 0.416357 0.056300 0.089219
22 0.369973 0.544610 0.053619 0.063197
2 0.384718 0.678439 0.083110 0.115242
17 0.378016 0.838290 0.069705 0.078067
6 0.478552 0.079926 0.083110 0.115242
14 0.478552 0.236059 0.083110 0.115242
16 0.463807 0.353160 0.053619 0.066914
13 0.478552 0.492565 0.083110 0.115242
4 0.478552 0.678439 0.083110 0.115242
33 0.465147 0.836431 0.056300 0.081784
31 0.585791 0.044610 0.109920 0.052045
24 0.554960 0.128253 0.048257 0.070632
25 0.713137 0.258364 0.364611 0.063197
8 0.572386 0.414498 0.083110 0.115242
11 0.572386 0.600372 0.083110 0.115242
28 0.557641 0.715613 0.053619 0.078067
19 0.938338 0.085502 0.064343 0.066914
35 0.935657 0.182156 0.058981 0.066914
21 0.931635 0.319703 0.050938 0.066914
26 0.934316 0.462825 0.056300 0.085502
18 0.938338 0.620818 0.064343 0.081784
10 0.947721 0.756506 0.083110 0.115242