19 0.036923 0.084000 0.073846 0.072000
16 0.030769 0.184000 0.061538 0.072000
12 0.047692 0.342000 0.095385 0.124000
3 0.047692 0.546000 0.095385 0.124000
1 0.047692 0.718000 0.095385 0.124000
29 0.032308 0.880000 0.064615 0.096000
30 0.146154 0.110000 0.076923 0.100000
13 0.155385 0.278000 0.095385 0.124000
26 0.140000 0.462000 0.064615 0.092000
23 0.141538 0.620000 0.067692 0.080000
9 0.155385 0.774000 0.095385 0.124000
21 0.136923 0.896000 0.058462 0.072000
14 0.263077 0.114000 0.095385 0.124000
4 0.263077 0.306000 0.095385 0.124000
8 0.263077 0.478000 0.095385 0.124000
31 0.278462 0.616000 0.126154 0.056000
33 0.247692 0.724000 0.064615 0.088000
6 0.263077 0.874000 0.095385 0.124000
0 0.401538 0.106000 0.095385 0.124000
35 0.387692 0.256000 0.067692 0.072000
22 0.384615 0.346000 0.061538 0.068000
28 0.384615 0.494000 0.061538 0.084000
20 0.392308 0.598000 0.076923 0.084000
27 0.381538 0.740000 0.055385 0.072000
18 0.498462 0.076000 0.073846 0.088000
7 0.509231 0.258000 0.095385 0.124000
5 0.509231 0.418000 0.095385 0.124000
10 0.509231 0.570000 0.095385 0.124000
17 0.501538 0.714000 0.080000 0.084000
15 0.504615 0.826000 0.086154 0.084000
2 0.616923 0.086000 0.095385 0.124000
32 0.706154 0.220000 0.273846 0.056000
11 0.616923 0.374000 0.095385 0.124000
24 0.596923 0.510000 0.055385 0.076000
34 0.598462 0.654000 0.058462 0.084000
25 0.778462 0.774000 0.418462 0.068000