33 0.027415 0.101562 0.054830 0.085938
7 0.040470 0.283203 0.080940 0.121094
29 0.027415 0.445312 0.054830 0.093750
4 0.040470 0.626953 0.080940 0.121094
30 0.032637 0.759766 0.065274 0.097656
26 0.027415 0.900391 0.054830 0.089844
16 0.117493 0.070312 0.052219 0.070312
5 0.131854 0.197266 0.080940 0.121094
21 0.116188 0.355469 0.049608 0.070312
28 0.117493 0.482422 0.052219 0.082031
31 0.144909 0.601562 0.107050 0.054688
18 0.122715 0.722656 0.062663 0.085938
11 0.249347 0.099609 0.080940 0.121094
17 0.242820 0.248047 0.067885 0.082031
3 0.249347 0.392578 0.080940 0.121094
1 0.249347 0.583984 0.080940 0.121094
19 0.240209 0.699219 0.062663 0.070312
22 0.234987 0.798828 0.052219 0.066406
23 0.328982 0.062500 0.057441 0.078125
13 0.340731 0.185547 0.080940 0.121094
32 0.416449 0.339844 0.232376 0.054688
2 0.340731 0.486328 0.080940 0.121094
8 0.340731 0.646484 0.080940 0.121094
14 0.340731 0.787109 0.080940 0.121094
9 0.583551 0.107422 0.080940 0.121094
24 0.566580 0.251953 0.046997 0.074219
27 0.566580 0.402344 0.046997 0.070312
34 0.567885 0.517578 0.049608 0.082031
35 0.571802 0.632812 0.057441 0.070312
6 0.583551 0.806641 0.080940 0.121094
25 0.812010 0.091797 0.355091 0.066406
20 0.667102 0.236328 0.065274 0.082031
12 0.674935 0.361328 0.080940 0.121094
15 0.671018 0.505859 0.073107 0.082031
0 0.674935 0.650391 0.080940 0.121094
10 0.674935 0.810547 0.080940 0.121094