13 0.041555 0.078544 0.083110 0.118774
35 0.029491 0.210728 0.058981 0.068966
10 0.041555 0.358238 0.083110 0.118774
28 0.026810 0.480843 0.053619 0.080460
17 0.034853 0.634100 0.069705 0.080460
12 0.041555 0.752874 0.083110 0.118774
29 0.121984 0.084291 0.056300 0.091954
16 0.120643 0.203065 0.053619 0.068966
19 0.126005 0.302682 0.064343 0.068966
2 0.135389 0.461686 0.083110 0.118774
15 0.131367 0.584291 0.075067 0.080460
18 0.126005 0.731801 0.064343 0.084291
14 0.229223 0.109195 0.083110 0.118774
0 0.229223 0.285441 0.083110 0.118774
24 0.211796 0.442529 0.048257 0.072797
33 0.215818 0.570881 0.056300 0.084291
11 0.229223 0.691571 0.083110 0.118774
7 0.229223 0.879310 0.083110 0.118774
8 0.323056 0.116858 0.083110 0.118774
4 0.323056 0.254789 0.083110 0.118774
3 0.323056 0.431034 0.083110 0.118774
9 0.323056 0.595785 0.083110 0.118774
20 0.315013 0.718391 0.067024 0.080460
30 0.315013 0.829502 0.067024 0.095785
31 0.430295 0.045977 0.109920 0.053640
23 0.404826 0.187739 0.058981 0.076628
1 0.416890 0.358238 0.083110 0.118774
34 0.400804 0.519157 0.050938 0.080460
21 0.400804 0.651341 0.050938 0.068966
25 0.557641 0.783525 0.364611 0.065134
27 0.774799 0.057471 0.048257 0.068966
32 0.869973 0.141762 0.238606 0.053640
6 0.792225 0.289272 0.083110 0.118774
22 0.777480 0.450192 0.053619 0.065134
26 0.778820 0.553640 0.056300 0.088123
5 0.792225 0.676245 0.083110 0.118774