25 0.182306 0.059615 0.364611 0.065385
21 0.025469 0.188462 0.050938 0.069231
17 0.034853 0.332692 0.069705 0.080769
24 0.024129 0.467308 0.048257 0.073077
22 0.026810 0.598077 0.053619 0.065385
19 0.032172 0.730769 0.064343 0.069231
13 0.416890 0.109615 0.083110 0.119231
29 0.403485 0.253846 0.056300 0.092308
1 0.416890 0.428846 0.083110 0.119231
34 0.400804 0.601923 0.050938 0.080769
20 0.408847 0.740385 0.067024 0.080769
15 0.412869 0.882692 0.075067 0.080769
5 0.510724 0.105769 0.083110 0.119231
2 0.510724 0.282692 0.083110 0.119231
27 0.493298 0.450000 0.048257 0.069231
12 0.510724 0.563462 0.083110 0.119231
11 0.510724 0.751923 0.083110 0.119231
33 0.497319 0.880769 0.056300 0.084615
4 0.604558 0.090385 0.083110 0.119231
18 0.595174 0.261538 0.064343 0.084615
30 0.596515 0.421154 0.067024 0.096154
0 0.604558 0.582692 0.083110 0.119231
16 0.589812 0.700000 0.053619 0.069231
28 0.589812 0.801923 0.053619 0.080769
32 0.776139 0.069231 0.238606 0.053846
35 0.686327 0.153846 0.058981 0.069231
14 0.698391 0.313462 0.083110 0.119231
6 0.698391 0.475000 0.083110 0.119231
10 0.698391 0.659615 0.083110 0.119231
31 0.711796 0.773077 0.109920 0.053846
23 0.935657 0.076923 0.058981 0.076923
3 0.947721 0.228846 0.083110 0.119231
26 0.934316 0.405769 0.056300 0.088462
7 0.947721 0.578846 0.083110 0.119231
8 0.947721 0.728846 0.083110 0.119231
9 0.947721 0.875000 0.083110 0.119231