30 0.032637 0.075820 0.065274 0.102459
4 0.040470 0.243852 0.080940 0.127049
25 0.177546 0.411885 0.355091 0.069672
21 0.024804 0.557377 0.049608 0.073770
2 0.040470 0.706967 0.080940 0.127049
9 0.040470 0.887295 0.080940 0.127049
26 0.392950 0.096311 0.054830 0.094262
0 0.406005 0.243852 0.080940 0.127049
14 0.406005 0.411885 0.080940 0.127049
31 0.419060 0.569672 0.107050 0.057377
1 0.406005 0.706967 0.080940 0.127049
18 0.396867 0.852459 0.062663 0.090164
3 0.523499 0.104508 0.080940 0.127049
27 0.506527 0.254098 0.046997 0.073770
7 0.523499 0.375000 0.080940 0.127049
12 0.523499 0.543033 0.080940 0.127049
16 0.509138 0.688525 0.052219 0.073770
34 0.507833 0.829918 0.049608 0.086066
32 0.690601 0.077869 0.232376 0.057377
6 0.614883 0.190574 0.080940 0.127049
24 0.597911 0.321721 0.046997 0.077869
29 0.601828 0.479508 0.054830 0.098361
17 0.608355 0.645492 0.067885 0.086066
13 0.614883 0.793033 0.080940 0.127049
5 0.857702 0.112705 0.080940 0.127049
19 0.848564 0.266393 0.062663 0.073770
23 0.845953 0.401639 0.057441 0.081967
28 0.843342 0.530738 0.052219 0.086066
22 0.843342 0.653689 0.052219 0.069672
35 0.845953 0.762295 0.057441 0.073770
20 0.941253 0.075820 0.065274 0.086066
15 0.945170 0.186475 0.073107 0.086066
33 0.936031 0.336066 0.054830 0.090164
8 0.949086 0.526639 0.080940 0.127049
10 0.949086 0.723361 0.080940 0.127049
11 0.949086 0.887295 0.080940 0.127049