28 0.026810 0.071429 0.053619 0.081081
18 0.032172 0.189189 0.064343 0.084942
3 0.041555 0.326255 0.083110 0.119691
9 0.041555 0.500000 0.083110 0.119691
35 0.029491 0.664093 0.058981 0.069498
4 0.041555 0.808880 0.083110 0.119691
2 0.135389 0.102317 0.083110 0.119691
27 0.117962 0.274131 0.048257 0.069498
12 0.135389 0.445946 0.083110 0.119691
10 0.135389 0.631274 0.083110 0.119691
23 0.123324 0.795367 0.058981 0.077220
22 0.120643 0.905405 0.053619 0.065637
5 0.229223 0.079151 0.083110 0.119691
13 0.229223 0.229730 0.083110 0.119691
26 0.215818 0.376448 0.056300 0.088803
29 0.215818 0.536680 0.056300 0.092664
21 0.213137 0.664093 0.050938 0.069498
11 0.229223 0.824324 0.083110 0.119691
25 0.463807 0.052124 0.364611 0.065637
33 0.309651 0.173745 0.056300 0.084942
8 0.323056 0.353282 0.083110 0.119691
16 0.308311 0.501931 0.053619 0.069498
0 0.323056 0.669884 0.083110 0.119691
15 0.319035 0.793436 0.075067 0.081081
19 0.689008 0.054054 0.064343 0.069498
14 0.698391 0.210425 0.083110 0.119691
1 0.698391 0.399614 0.083110 0.119691
6 0.698391 0.542471 0.083110 0.119691
7 0.698391 0.700772 0.083110 0.119691
24 0.680965 0.843629 0.048257 0.073359
31 0.805630 0.050193 0.109920 0.054054
32 0.869973 0.135135 0.238606 0.054054
34 0.776139 0.260618 0.050938 0.081081
30 0.784182 0.415058 0.067024 0.096525
17 0.785523 0.523166 0.069705 0.081081
20 0.784182 0.642857 0.067024 0.081081