23 0.033846 0.086066 0.067692 0.081967
30 0.038462 0.239754 0.076923 0.102459
12 0.047692 0.407787 0.095385 0.127049
13 0.047692 0.588115 0.095385 0.127049
11 0.047692 0.788934 0.095385 0.127049
20 0.038462 0.920082 0.076923 0.086066
32 0.244615 0.049180 0.273846 0.057377
35 0.141538 0.188525 0.067692 0.073770
0 0.155385 0.366803 0.095385 0.127049
16 0.138462 0.516393 0.061538 0.073770
17 0.147692 0.649590 0.080000 0.086066
25 0.316923 0.797131 0.418462 0.069672
10 0.586154 0.092213 0.095385 0.127049
5 0.586154 0.276639 0.095385 0.127049
14 0.586154 0.481557 0.095385 0.127049
6 0.586154 0.670082 0.095385 0.127049
22 0.569231 0.813525 0.061538 0.069672
15 0.581538 0.924180 0.086154 0.086066
33 0.678462 0.086066 0.064615 0.090164
1 0.693846 0.276639 0.095385 0.127049
7 0.693846 0.428279 0.095385 0.127049
34 0.675385 0.559426 0.058462 0.086066
31 0.709231 0.688525 0.126154 0.057377
9 0.693846 0.805328 0.095385 0.127049
2 0.832308 0.104508 0.095385 0.127049
27 0.812308 0.258197 0.055385 0.073770
28 0.815385 0.366803 0.061538 0.086066
18 0.821538 0.528689 0.073846 0.090164
19 0.821538 0.631148 0.073846 0.073770
8 0.832308 0.756148 0.095385 0.127049
3 0.940000 0.092213 0.095385 0.127049
26 0.924615 0.264344 0.064615 0.094262
29 0.924615 0.385246 0.064615 0.098361
4 0.940000 0.567623 0.095385 0.127049
21 0.921538 0.692623 0.058462 0.073770
24 0.920000 0.813525 0.055385 0.077869