2 0.040470 0.081349 0.080940 0.123016
7 0.040470 0.228175 0.080940 0.123016
21 0.024804 0.404762 0.049608 0.071429
29 0.027415 0.539683 0.054830 0.095238
32 0.116188 0.646825 0.232376 0.055556
17 0.033943 0.763889 0.067885 0.083333
13 0.283290 0.085317 0.080940 0.123016
25 0.420366 0.220238 0.355091 0.067460
33 0.270235 0.317460 0.054830 0.087302
14 0.283290 0.450397 0.080940 0.123016
20 0.275457 0.621032 0.065274 0.083333
8 0.283290 0.779762 0.080940 0.123016
34 0.633159 0.101190 0.049608 0.083333
22 0.634465 0.220238 0.052219 0.067460
30 0.640992 0.327381 0.065274 0.099206
19 0.639687 0.464286 0.062663 0.071429
11 0.648825 0.601190 0.080940 0.123016
9 0.648825 0.787698 0.080940 0.123016
12 0.740209 0.109127 0.080940 0.123016
18 0.731070 0.277778 0.062663 0.087302
24 0.723238 0.378968 0.046997 0.075397
15 0.736292 0.501984 0.073107 0.083333
16 0.725849 0.646825 0.052219 0.071429
26 0.727154 0.779762 0.054830 0.091270
10 0.831593 0.109127 0.080940 0.123016
27 0.814621 0.277778 0.046997 0.071429
6 0.831593 0.446429 0.080940 0.123016
28 0.817232 0.605159 0.052219 0.083333
4 0.831593 0.728175 0.080940 0.123016
5 0.831593 0.902778 0.080940 0.123016
35 0.911227 0.059524 0.057441 0.071429
23 0.911227 0.154762 0.057441 0.079365
3 0.922977 0.299603 0.080940 0.123016
31 0.936031 0.412698 0.107050 0.055556
0 0.922977 0.537698 0.080940 0.123016
1 0.922977 0.684524 0.080940 0.123016