5 0.040470 0.104331 0.080940 0.122047
1 0.040470 0.305118 0.080940 0.122047
21 0.024804 0.444882 0.049608 0.070866
17 0.033943 0.592520 0.067885 0.082677
32 0.116188 0.736220 0.232376 0.055118
30 0.032637 0.891732 0.065274 0.098425
23 0.271540 0.086614 0.057441 0.078740
8 0.283290 0.253937 0.080940 0.122047
19 0.274151 0.381890 0.062663 0.070866
15 0.279373 0.505906 0.073107 0.082677
9 0.283290 0.647638 0.080940 0.122047
34 0.267624 0.828740 0.049608 0.082677
6 0.374674 0.112205 0.080940 0.122047
7 0.374674 0.257874 0.080940 0.122047
0 0.374674 0.411417 0.080940 0.122047
29 0.361619 0.570866 0.054830 0.094488
20 0.366841 0.679134 0.065274 0.082677
16 0.360313 0.787402 0.052219 0.070866
28 0.451697 0.096457 0.052219 0.082677
2 0.466057 0.234252 0.080940 0.122047
4 0.466057 0.403543 0.080940 0.122047
31 0.479112 0.547244 0.107050 0.055118
13 0.466057 0.683071 0.080940 0.122047
10 0.466057 0.860236 0.080940 0.122047
27 0.566580 0.086614 0.046997 0.070866
18 0.574413 0.196850 0.062663 0.086614
14 0.583551 0.340551 0.080940 0.122047
11 0.583551 0.494094 0.080940 0.122047
22 0.569191 0.635827 0.052219 0.066929
26 0.570496 0.777559 0.054830 0.090551
12 0.674935 0.112205 0.080940 0.122047
25 0.812010 0.238189 0.355091 0.066929
35 0.663185 0.346457 0.057441 0.070866
3 0.674935 0.494094 0.080940 0.122047
24 0.657963 0.647638 0.046997 0.074803
33 0.661880 0.775591 0.054830 0.086614