18 0.031332 0.104839 0.062663 0.088710
32 0.116188 0.221774 0.232376 0.056452
34 0.024804 0.316532 0.049608 0.084677
6 0.040470 0.461694 0.080940 0.125000
5 0.040470 0.667339 0.080940 0.125000
3 0.040470 0.872984 0.080940 0.125000
2 0.283290 0.090726 0.080940 0.125000
21 0.267624 0.241935 0.049608 0.072581
4 0.283290 0.417339 0.080940 0.125000
11 0.283290 0.566532 0.080940 0.125000
26 0.270235 0.723790 0.054830 0.092742
14 0.283290 0.913306 0.080940 0.125000
9 0.374674 0.102823 0.080940 0.125000
27 0.357702 0.258065 0.046997 0.072581
19 0.365535 0.383065 0.062663 0.072581
20 0.366841 0.530242 0.065274 0.084677
24 0.357702 0.651210 0.046997 0.076613
31 0.387728 0.754032 0.107050 0.056452
1 0.492167 0.114919 0.080940 0.125000
25 0.629243 0.256048 0.355091 0.068548
30 0.484334 0.393145 0.065274 0.100806
28 0.477807 0.514113 0.052219 0.084677
23 0.480418 0.620968 0.057441 0.080645
15 0.488251 0.784274 0.073107 0.084677
17 0.851175 0.082661 0.067885 0.084677
33 0.844648 0.225806 0.054830 0.088710
7 0.857702 0.413306 0.080940 0.125000
12 0.857702 0.606855 0.080940 0.125000
0 0.857702 0.784274 0.080940 0.125000
16 0.843342 0.919355 0.052219 0.072581
8 0.949086 0.122984 0.080940 0.125000
13 0.949086 0.296371 0.080940 0.125000
35 0.937337 0.427419 0.057441 0.072581
22 0.934726 0.570565 0.052219 0.068548
10 0.949086 0.687500 0.080940 0.125000
29 0.936031 0.830645 0.054830 0.096774