35 0.029491 0.063559 0.058981 0.076271
10 0.041555 0.197034 0.083110 0.131356
23 0.029491 0.372881 0.058981 0.084746
0 0.041555 0.519068 0.083110 0.131356
13 0.041555 0.680085 0.083110 0.131356
30 0.033512 0.879237 0.067024 0.105932
14 0.135389 0.095339 0.083110 0.131356
28 0.120643 0.281780 0.053619 0.088983
33 0.121984 0.415254 0.056300 0.093220
22 0.120643 0.557203 0.053619 0.072034
5 0.135389 0.697034 0.083110 0.131356
3 0.135389 0.883475 0.083110 0.131356
15 0.225201 0.065678 0.075067 0.088983
20 0.221180 0.222458 0.067024 0.088983
16 0.214477 0.351695 0.053619 0.076271
31 0.242627 0.470339 0.109920 0.059322
25 0.369973 0.582627 0.364611 0.072034
11 0.229223 0.726695 0.083110 0.131356
19 0.595174 0.080508 0.064343 0.076271
9 0.604558 0.222458 0.083110 0.131356
12 0.604558 0.417373 0.083110 0.131356
32 0.682306 0.538136 0.238606 0.059322
18 0.595174 0.656780 0.064343 0.093220
4 0.604558 0.853814 0.083110 0.131356
34 0.837802 0.086864 0.050938 0.088983
2 0.853887 0.239407 0.083110 0.131356
8 0.853887 0.447034 0.083110 0.131356
24 0.836461 0.599576 0.048257 0.080508
6 0.853887 0.747881 0.083110 0.131356
21 0.837802 0.872881 0.050938 0.076271
27 0.930295 0.067797 0.048257 0.076271
29 0.934316 0.220339 0.056300 0.101695
26 0.934316 0.362288 0.056300 0.097458
17 0.941019 0.502119 0.069705 0.088983
1 0.947721 0.697034 0.083110 0.131356
7 0.947721 0.896186 0.083110 0.131356