3 0.040470 0.100000 0.080940 0.121569
30 0.032637 0.268627 0.065274 0.098039
34 0.024804 0.394118 0.049608 0.082353
8 0.040470 0.554902 0.080940 0.121569
24 0.023499 0.731373 0.046997 0.074510
21 0.024804 0.862745 0.049608 0.070588
5 0.131854 0.088235 0.080940 0.121569
2 0.131854 0.268627 0.080940 0.121569
33 0.118799 0.450980 0.054830 0.086275
27 0.114883 0.584314 0.046997 0.070588
17 0.125326 0.719608 0.067885 0.082353
10 0.131854 0.884314 0.080940 0.121569
31 0.236292 0.070588 0.107050 0.054902
26 0.210183 0.190196 0.054830 0.090196
18 0.214099 0.309804 0.062663 0.086275
35 0.211488 0.427451 0.057441 0.070588
28 0.208877 0.582353 0.052219 0.082353
4 0.223238 0.735294 0.080940 0.121569
9 0.340731 0.107843 0.080940 0.121569
13 0.340731 0.292157 0.080940 0.121569
19 0.331593 0.443137 0.062663 0.070588
16 0.326371 0.537255 0.052219 0.070588
11 0.340731 0.696078 0.080940 0.121569
12 0.340731 0.849020 0.080940 0.121569
23 0.420366 0.058824 0.057441 0.078431
15 0.428198 0.190196 0.073107 0.082353
25 0.569191 0.323529 0.355091 0.066667
14 0.432115 0.437255 0.080940 0.121569
29 0.419060 0.596078 0.054830 0.094118
1 0.432115 0.750980 0.080940 0.121569
32 0.873368 0.074510 0.232376 0.054902
0 0.797650 0.229412 0.080940 0.121569
20 0.789817 0.405882 0.065274 0.082353
22 0.783290 0.519608 0.052219 0.066667
7 0.797650 0.645098 0.080940 0.121569
6 0.797650 0.786275 0.080940 0.121569