27 0.023499 0.066176 0.046997 0.066176
3 0.040470 0.222426 0.080940 0.113971
30 0.032637 0.387868 0.065274 0.091912
18 0.031332 0.540441 0.062663 0.080882
35 0.028721 0.676471 0.057441 0.066176
32 0.116188 0.757353 0.232376 0.051471
15 0.279373 0.064338 0.073107 0.077206
26 0.270235 0.181985 0.054830 0.084559
7 0.283290 0.351103 0.080940 0.113971
28 0.268930 0.512868 0.052219 0.077206
34 0.267624 0.623162 0.049608 0.077206
0 0.283290 0.755515 0.080940 0.113971
31 0.387728 0.058824 0.107050 0.051471
5 0.374674 0.178309 0.080940 0.113971
16 0.360313 0.319853 0.052219 0.066176
21 0.359008 0.404412 0.049608 0.066176
12 0.374674 0.512868 0.080940 0.113971
19 0.365535 0.669118 0.062663 0.066176
22 0.477807 0.064338 0.052219 0.062500
9 0.492167 0.211397 0.080940 0.113971
2 0.492167 0.351103 0.080940 0.113971
14 0.492167 0.527574 0.080940 0.113971
8 0.492167 0.700368 0.080940 0.113971
1 0.492167 0.880515 0.080940 0.113971
17 0.577023 0.093750 0.067885 0.077206
10 0.583551 0.262868 0.080940 0.113971
25 0.720627 0.406250 0.355091 0.062500
23 0.571802 0.544118 0.057441 0.073529
24 0.566580 0.634191 0.046997 0.069853
4 0.583551 0.792279 0.080940 0.113971
6 0.949086 0.101103 0.080940 0.113971
33 0.936031 0.261029 0.054830 0.080882
11 0.949086 0.406250 0.080940 0.113971
20 0.941253 0.542279 0.065274 0.077206
29 0.936031 0.654412 0.054830 0.088235
13 0.949086 0.806985 0.080940 0.113971