7 0.041114 0.079151 0.082228 0.119691
28 0.026525 0.237452 0.053050 0.081081
27 0.023873 0.386100 0.047745 0.069498
13 0.041114 0.511583 0.082228 0.119691
16 0.026525 0.656371 0.053050 0.069498
26 0.027851 0.762548 0.055703 0.088803
0 0.133952 0.094595 0.082228 0.119691
12 0.133952 0.233591 0.082228 0.119691
31 0.147215 0.370656 0.108753 0.054054
17 0.127321 0.457529 0.068966 0.081081
6 0.133952 0.615830 0.082228 0.119691
19 0.124668 0.745174 0.063660 0.069498
10 0.253316 0.110039 0.082228 0.119691
25 0.392573 0.225869 0.360743 0.065637
2 0.253316 0.361004 0.082228 0.119691
4 0.253316 0.527027 0.082228 0.119691
8 0.253316 0.720077 0.082228 0.119691
34 0.237401 0.889961 0.050398 0.081081
1 0.624668 0.083012 0.082228 0.119691
5 0.624668 0.252896 0.082228 0.119691
33 0.611406 0.405405 0.055703 0.084942
32 0.701592 0.532819 0.236074 0.054054
18 0.615385 0.660232 0.063660 0.084942
9 0.624668 0.812741 0.082228 0.119691
21 0.855438 0.069498 0.050398 0.069498
24 0.854111 0.187259 0.047745 0.073359
30 0.863395 0.337838 0.066313 0.096525
35 0.859416 0.440154 0.058355 0.069498
23 0.859416 0.536680 0.058355 0.077220
20 0.863395 0.658301 0.066313 0.081081
15 0.944297 0.098456 0.074271 0.081081
14 0.948276 0.260618 0.082228 0.119691
29 0.935013 0.436293 0.055703 0.092664
11 0.948276 0.592664 0.082228 0.119691
3 0.948276 0.789575 0.082228 0.119691
22 0.933687 0.936293 0.053050 0.065637