17 0.035326 0.066802 0.070652 0.085020
33 0.028533 0.230769 0.057065 0.089069
35 0.029891 0.356275 0.059783 0.072874
24 0.024457 0.487854 0.048913 0.076923
18 0.032609 0.611336 0.065217 0.089069
21 0.025815 0.724696 0.051630 0.072874
34 0.107337 0.091093 0.051630 0.085020
4 0.123641 0.220648 0.084239 0.125506
22 0.108696 0.378543 0.054348 0.068826
6 0.123641 0.544534 0.084239 0.125506
11 0.123641 0.726721 0.084239 0.125506
20 0.115489 0.912955 0.067935 0.085020
3 0.218750 0.115385 0.084239 0.125506
27 0.201087 0.251012 0.048913 0.072874
5 0.218750 0.398785 0.084239 0.125506
2 0.218750 0.572874 0.084239 0.125506
30 0.210598 0.710526 0.067935 0.101215
15 0.214674 0.884615 0.076087 0.085020
12 0.313859 0.103239 0.084239 0.125506
1 0.313859 0.261134 0.084239 0.125506
8 0.313859 0.467611 0.084239 0.125506
32 0.392663 0.578947 0.241848 0.056680
13 0.313859 0.694332 0.084239 0.125506
14 0.313859 0.860324 0.084239 0.125506
9 0.566576 0.123482 0.084239 0.125506
7 0.566576 0.313765 0.084239 0.125506
19 0.557065 0.477733 0.065217 0.072874
16 0.551630 0.582996 0.054348 0.072874
26 0.552989 0.686235 0.057065 0.093117
10 0.566576 0.876518 0.084239 0.125506
31 0.675272 0.064777 0.111413 0.056680
0 0.661685 0.212551 0.084239 0.125506
25 0.804348 0.378543 0.369565 0.068826
23 0.649457 0.497976 0.059783 0.080972
28 0.646739 0.653846 0.054348 0.085020
29 0.648098 0.765182 0.057065 0.097166