16 0.026810 0.060150 0.053619 0.067669
35 0.029491 0.199248 0.058981 0.067669
18 0.032172 0.349624 0.064343 0.082707
5 0.041555 0.475564 0.083110 0.116541
14 0.041555 0.629699 0.083110 0.116541
17 0.034853 0.768797 0.069705 0.078947
19 0.126005 0.075188 0.064343 0.067669
7 0.135389 0.201128 0.083110 0.116541
22 0.120643 0.351504 0.053619 0.063910
9 0.135389 0.479323 0.083110 0.116541
27 0.117962 0.612782 0.048257 0.067669
25 0.276139 0.731203 0.364611 0.063910
28 0.495979 0.092105 0.053619 0.078947
3 0.510724 0.231203 0.083110 0.116541
13 0.510724 0.400376 0.083110 0.116541
32 0.588472 0.548872 0.238606 0.052632
31 0.524129 0.631579 0.109920 0.052632
24 0.493298 0.712406 0.048257 0.071429
10 0.760054 0.103383 0.083110 0.116541
1 0.760054 0.280075 0.083110 0.116541
33 0.746649 0.402256 0.056300 0.082707
26 0.746649 0.543233 0.056300 0.086466
0 0.760054 0.704887 0.083110 0.116541
6 0.760054 0.874060 0.083110 0.116541
2 0.853887 0.077068 0.083110 0.116541
23 0.841823 0.214286 0.058981 0.075188
21 0.837802 0.308271 0.050938 0.067669
4 0.853887 0.449248 0.083110 0.116541
15 0.849866 0.577068 0.075067 0.078947
20 0.845845 0.689850 0.067024 0.078947
29 0.934316 0.086466 0.056300 0.090226
11 0.947721 0.219925 0.083110 0.116541
34 0.931635 0.377820 0.050938 0.078947
30 0.939678 0.505639 0.067024 0.093985
8 0.947721 0.678571 0.083110 0.116541
12 0.947721 0.847744 0.083110 0.116541