13 0.041555 0.080709 0.083110 0.122047
1 0.041555 0.230315 0.083110 0.122047
26 0.028150 0.403543 0.056300 0.090551
6 0.041555 0.561024 0.083110 0.122047
34 0.025469 0.698819 0.050938 0.082677
15 0.037534 0.840551 0.075067 0.082677
16 0.120643 0.094488 0.053619 0.070866
21 0.119303 0.236220 0.050938 0.070866
3 0.135389 0.395669 0.083110 0.122047
11 0.135389 0.596457 0.083110 0.122047
30 0.127346 0.738189 0.067024 0.098425
35 0.123324 0.842520 0.058981 0.070866
4 0.229223 0.084646 0.083110 0.122047
22 0.214477 0.242126 0.053619 0.066929
20 0.221180 0.375984 0.067024 0.082677
0 0.229223 0.537402 0.083110 0.122047
7 0.229223 0.730315 0.083110 0.122047
9 0.229223 0.911417 0.083110 0.122047
29 0.309651 0.082677 0.056300 0.094488
23 0.310992 0.200787 0.058981 0.078740
32 0.400804 0.318898 0.238606 0.055118
19 0.313673 0.437008 0.064343 0.070866
27 0.305630 0.570866 0.048257 0.070866
5 0.323056 0.722441 0.083110 0.122047
14 0.572386 0.116142 0.083110 0.122047
28 0.557641 0.242126 0.053619 0.082677
31 0.585791 0.377953 0.109920 0.055118
12 0.572386 0.521654 0.083110 0.122047
25 0.713137 0.643701 0.364611 0.066929
33 0.558981 0.795276 0.056300 0.086614
10 0.947721 0.104331 0.083110 0.122047
2 0.947721 0.301181 0.083110 0.122047
17 0.941019 0.438976 0.069705 0.082677
24 0.930295 0.545276 0.048257 0.074803
18 0.938338 0.704724 0.064343 0.086614
8 0.947721 0.836614 0.083110 0.122047