18 0.031332 0.072034 0.062663 0.093220
29 0.027415 0.220339 0.054830 0.101695
5 0.040470 0.413136 0.080940 0.131356
4 0.040470 0.591102 0.080940 0.131356
20 0.032637 0.730932 0.065274 0.088983
25 0.177546 0.832627 0.355091 0.072034
33 0.392950 0.093220 0.054830 0.093220
8 0.406005 0.235169 0.080940 0.131356
19 0.396867 0.360169 0.062663 0.076271
22 0.391645 0.510593 0.052219 0.072034
17 0.399478 0.675847 0.067885 0.088983
32 0.481723 0.826271 0.232376 0.059322
6 0.648825 0.125000 0.080940 0.131356
31 0.661880 0.296610 0.107050 0.059322
21 0.633159 0.415254 0.049608 0.076271
34 0.633159 0.578390 0.049608 0.088983
12 0.648825 0.726695 0.080940 0.131356
3 0.648825 0.887712 0.080940 0.131356
10 0.766319 0.116525 0.080940 0.131356
7 0.766319 0.307203 0.080940 0.131356
27 0.749347 0.436441 0.046997 0.076271
24 0.749347 0.540254 0.046997 0.080508
30 0.758486 0.718220 0.065274 0.105932
13 0.766319 0.913136 0.080940 0.131356
9 0.857702 0.095339 0.080940 0.131356
16 0.843342 0.220339 0.052219 0.076271
28 0.843342 0.370763 0.052219 0.088983
14 0.857702 0.536017 0.080940 0.131356
11 0.857702 0.718220 0.080940 0.131356
26 0.844648 0.875000 0.054830 0.097458
23 0.937337 0.097458 0.057441 0.084746
35 0.937337 0.203390 0.057441 0.076271
1 0.949086 0.341102 0.080940 0.131356
15 0.945170 0.485169 0.073107 0.088983
2 0.949086 0.663136 0.080940 0.131356
0 0.949086 0.815678 0.080940 0.131356