12 0.040470 0.117761 0.080940 0.119691
8 0.040470 0.283784 0.080940 0.119691
10 0.040470 0.445946 0.080940 0.119691
3 0.040470 0.631274 0.080940 0.119691
4 0.040470 0.793436 0.080940 0.119691
22 0.026110 0.909266 0.052219 0.065637
29 0.118799 0.096525 0.054830 0.092664
14 0.131854 0.245174 0.080940 0.119691
17 0.125326 0.372587 0.067885 0.081081
18 0.122715 0.501931 0.062663 0.084942
25 0.268930 0.619691 0.355091 0.065637
9 0.131854 0.762548 0.080940 0.119691
1 0.497389 0.086873 0.080940 0.119691
34 0.481723 0.237452 0.049608 0.081081
30 0.489556 0.380309 0.065274 0.096525
33 0.484334 0.498069 0.054830 0.084942
23 0.485640 0.652510 0.057441 0.077220
28 0.483029 0.805019 0.052219 0.081081
32 0.664491 0.050193 0.232376 0.054054
2 0.588773 0.156371 0.080940 0.119691
24 0.571802 0.283784 0.046997 0.073359
21 0.573107 0.405405 0.049608 0.069498
16 0.574413 0.521236 0.052219 0.069498
6 0.588773 0.666023 0.080940 0.119691
7 0.831593 0.086873 0.080940 0.119691
27 0.814621 0.254826 0.046997 0.069498
19 0.822454 0.397683 0.062663 0.069498
15 0.827676 0.496139 0.073107 0.081081
11 0.831593 0.627413 0.080940 0.119691
5 0.831593 0.824324 0.080940 0.119691
20 0.915144 0.059846 0.065274 0.081081
13 0.922977 0.194981 0.080940 0.119691
35 0.911227 0.343629 0.057441 0.069498
26 0.909922 0.457529 0.054830 0.088803
31 0.936031 0.594595 0.107050 0.054054
0 0.922977 0.750965 0.080940 0.119691