15 0.036554 0.082996 0.073107 0.085020
14 0.040470 0.212551 0.080940 0.125506
7 0.040470 0.382591 0.080940 0.125506
5 0.040470 0.572874 0.080940 0.125506
18 0.031332 0.761134 0.062663 0.089069
23 0.028721 0.910931 0.057441 0.080972
9 0.131854 0.123482 0.080940 0.125506
34 0.116188 0.297571 0.049608 0.085020
29 0.118799 0.437247 0.054830 0.097166
0 0.131854 0.613360 0.080940 0.125506
32 0.207572 0.736842 0.232376 0.056680
33 0.118799 0.890688 0.054830 0.089069
12 0.374674 0.103239 0.080940 0.125506
25 0.511749 0.253036 0.355091 0.068826
1 0.374674 0.386640 0.080940 0.125506
19 0.365535 0.550607 0.062663 0.072874
24 0.357702 0.649798 0.046997 0.076923
30 0.366841 0.763158 0.065274 0.101215
35 0.728460 0.089069 0.057441 0.072874
8 0.740209 0.208502 0.080940 0.125506
20 0.732376 0.370445 0.065274 0.085020
31 0.753264 0.461538 0.107050 0.056680
26 0.727154 0.560729 0.054830 0.093117
28 0.725849 0.714575 0.052219 0.085020
6 0.857702 0.095142 0.080940 0.125506
17 0.851175 0.244939 0.067885 0.085020
27 0.840731 0.376518 0.046997 0.072874
3 0.857702 0.524291 0.080940 0.125506
21 0.842037 0.680162 0.049608 0.072874
10 0.857702 0.860324 0.080940 0.125506
11 0.949086 0.107287 0.080940 0.125506
16 0.934726 0.255061 0.052219 0.072874
4 0.949086 0.402834 0.080940 0.125506
2 0.949086 0.560729 0.080940 0.125506
13 0.949086 0.759109 0.080940 0.125506
22 0.934726 0.925101 0.052219 0.068826