19 0.031830 0.061818 0.063660 0.065455
7 0.041114 0.209091 0.082228 0.112727
15 0.037135 0.372727 0.074271 0.076364
26 0.027851 0.492727 0.055703 0.083636
21 0.025199 0.640000 0.050398 0.065455
25 0.180371 0.721818 0.360743 0.061818
22 0.397878 0.078182 0.053050 0.061818
35 0.400531 0.203636 0.058355 0.065455
29 0.399204 0.309091 0.055703 0.087273
17 0.405836 0.456364 0.068966 0.076364
0 0.412467 0.598182 0.082228 0.112727
16 0.397878 0.709091 0.053050 0.065455
8 0.505305 0.078182 0.082228 0.112727
32 0.582228 0.229091 0.236074 0.050909
18 0.496021 0.312727 0.063660 0.080000
23 0.493369 0.421818 0.058355 0.072727
12 0.505305 0.558182 0.082228 0.112727
2 0.505305 0.729091 0.082228 0.112727
3 0.751989 0.081818 0.082228 0.112727
9 0.751989 0.252727 0.082228 0.112727
13 0.751989 0.423636 0.082228 0.112727
6 0.751989 0.558182 0.082228 0.112727
1 0.751989 0.703636 0.082228 0.112727
10 0.751989 0.870909 0.082228 0.112727
30 0.836870 0.081818 0.066313 0.090909
27 0.827586 0.181818 0.047745 0.065455
33 0.831565 0.301818 0.055703 0.080000
28 0.830239 0.409091 0.053050 0.076364
24 0.827586 0.518182 0.047745 0.069091
20 0.836870 0.638182 0.066313 0.076364
31 0.935013 0.080000 0.108753 0.050909
14 0.921751 0.216364 0.082228 0.112727
11 0.921751 0.387273 0.082228 0.112727
5 0.921751 0.550909 0.082228 0.112727
4 0.921751 0.689091 0.082228 0.112727
34 0.905836 0.820000 0.050398 0.076364