4 0.040470 0.105364 0.080940 0.118774
9 0.040470 0.293103 0.080940 0.118774
8 0.040470 0.461686 0.080940 0.118774
29 0.027415 0.616858 0.054830 0.091954
23 0.028721 0.766284 0.057441 0.076628
7 0.040470 0.906130 0.080940 0.118774
31 0.144909 0.057471 0.107050 0.053640
19 0.122715 0.153257 0.062663 0.068966
15 0.127937 0.300766 0.073107 0.080460
20 0.124021 0.411877 0.065274 0.080460
18 0.122715 0.551724 0.062663 0.084291
12 0.131854 0.706897 0.080940 0.118774
1 0.249347 0.090038 0.080940 0.118774
35 0.237598 0.237548 0.057441 0.068966
24 0.232376 0.362069 0.046997 0.072797
10 0.249347 0.496169 0.080940 0.118774
28 0.234987 0.672414 0.052219 0.080460
26 0.236292 0.829502 0.054830 0.088123
27 0.323760 0.072797 0.046997 0.068966
11 0.340731 0.224138 0.080940 0.118774
22 0.326371 0.369732 0.052219 0.065134
25 0.477807 0.496169 0.355091 0.065134
6 0.340731 0.641762 0.080940 0.118774
0 0.340731 0.814176 0.080940 0.118774
16 0.691906 0.072797 0.052219 0.068966
5 0.706266 0.185824 0.080940 0.118774
2 0.706266 0.377395 0.080940 0.118774
14 0.706266 0.553640 0.080940 0.118774
13 0.706266 0.737548 0.080940 0.118774
32 0.781984 0.877395 0.232376 0.053640
21 0.933420 0.080460 0.049608 0.068966
17 0.942559 0.220307 0.067885 0.080460
33 0.936031 0.344828 0.054830 0.084291
30 0.941253 0.511494 0.065274 0.095785
34 0.933420 0.649425 0.049608 0.080460
3 0.949086 0.775862 0.080940 0.118774