28 0.026110 0.092391 0.052219 0.076087
27 0.023499 0.235507 0.046997 0.065217
10 0.040470 0.385870 0.080940 0.112319
29 0.027415 0.550725 0.054830 0.086957
16 0.026110 0.684783 0.052219 0.065217
32 0.116188 0.789855 0.232376 0.050725
11 0.283290 0.081522 0.080940 0.112319
19 0.274151 0.239130 0.062663 0.065217
2 0.283290 0.389493 0.080940 0.112319
21 0.267624 0.547101 0.049608 0.065217
14 0.283290 0.708333 0.080940 0.112319
3 0.283290 0.882246 0.080940 0.112319
17 0.368146 0.081522 0.067885 0.076087
15 0.370757 0.197464 0.073107 0.076087
26 0.361619 0.317029 0.054830 0.083333
33 0.361619 0.427536 0.054830 0.079710
6 0.374674 0.559783 0.080940 0.112319
20 0.366841 0.719203 0.065274 0.076087
9 0.466057 0.081522 0.080940 0.112319
13 0.466057 0.226449 0.080940 0.112319
5 0.466057 0.378623 0.080940 0.112319
0 0.466057 0.516304 0.080940 0.112319
22 0.451697 0.643116 0.052219 0.061594
1 0.466057 0.780797 0.080940 0.112319
35 0.545692 0.086957 0.057441 0.065217
12 0.557441 0.193841 0.080940 0.112319
25 0.694517 0.338768 0.355091 0.061594
7 0.557441 0.454710 0.080940 0.112319
30 0.549608 0.628623 0.065274 0.090580
24 0.540470 0.740942 0.046997 0.068841
18 0.913838 0.076087 0.062663 0.079710
31 0.936031 0.181159 0.107050 0.050725
4 0.922977 0.306159 0.080940 0.112319
8 0.922977 0.476449 0.080940 0.112319
34 0.907311 0.588768 0.049608 0.076087
23 0.911227 0.692029 0.057441 0.072464