22 0.026810 0.057447 0.053619 0.072340
3 0.041555 0.214894 0.083110 0.131915
6 0.041555 0.389362 0.083110 0.131915
26 0.028150 0.529787 0.056300 0.097872
13 0.041555 0.721277 0.083110 0.131915
5 0.041555 0.874468 0.083110 0.131915
30 0.127346 0.100000 0.067024 0.106383
35 0.123324 0.251064 0.058981 0.076596
31 0.148794 0.353191 0.109920 0.059574
32 0.213137 0.476596 0.238606 0.059574
11 0.135389 0.606383 0.083110 0.131915
10 0.135389 0.789362 0.083110 0.131915
34 0.368633 0.070213 0.050938 0.089362
33 0.371314 0.221277 0.056300 0.093617
24 0.367292 0.368085 0.048257 0.080851
21 0.368633 0.468085 0.050938 0.076596
16 0.369973 0.625532 0.053619 0.076596
1 0.384718 0.789362 0.083110 0.131915
14 0.478552 0.125532 0.083110 0.131915
12 0.478552 0.300000 0.083110 0.131915
29 0.465147 0.446809 0.056300 0.102128
15 0.474531 0.572340 0.075067 0.089362
25 0.619303 0.717021 0.364611 0.072340
0 0.478552 0.840426 0.083110 0.131915
20 0.845845 0.108511 0.067024 0.089362
2 0.853887 0.240426 0.083110 0.131915
23 0.841823 0.425532 0.058981 0.085106
4 0.853887 0.559574 0.083110 0.131915
19 0.844504 0.693617 0.064343 0.076596
9 0.853887 0.853191 0.083110 0.131915
8 0.947721 0.087234 0.083110 0.131915
7 0.947721 0.248936 0.083110 0.131915
27 0.930295 0.387234 0.048257 0.076596
28 0.932976 0.508511 0.053619 0.089362
17 0.941019 0.674468 0.069705 0.089362
18 0.938338 0.800000 0.064343 0.093617