23 0.028721 0.054152 0.057441 0.072202
2 0.040470 0.203971 0.080940 0.111913
25 0.177546 0.341155 0.355091 0.061372
34 0.024804 0.460289 0.049608 0.075812
29 0.027415 0.599278 0.054830 0.086643
3 0.040470 0.720217 0.080940 0.111913
18 0.396867 0.072202 0.062663 0.079422
20 0.398172 0.175090 0.065274 0.075812
32 0.481723 0.259928 0.232376 0.050542
9 0.406005 0.377256 0.080940 0.111913
13 0.406005 0.507220 0.080940 0.111913
5 0.406005 0.669675 0.080940 0.111913
1 0.648825 0.106498 0.080940 0.111913
24 0.631854 0.243682 0.046997 0.068592
12 0.648825 0.398917 0.080940 0.111913
11 0.648825 0.579422 0.080940 0.111913
10 0.648825 0.763538 0.080940 0.111913
35 0.637076 0.895307 0.057441 0.064982
6 0.740209 0.092058 0.080940 0.111913
31 0.753264 0.227437 0.107050 0.050542
4 0.740209 0.370036 0.080940 0.111913
33 0.727154 0.490975 0.054830 0.079422
21 0.724543 0.581227 0.049608 0.064982
16 0.725849 0.707581 0.052219 0.064982
22 0.843342 0.066787 0.052219 0.061372
7 0.857702 0.200361 0.080940 0.111913
30 0.849869 0.373646 0.065274 0.090253
8 0.857702 0.521661 0.080940 0.111913
19 0.848564 0.678700 0.062663 0.064982
27 0.840731 0.790614 0.046997 0.064982
17 0.942559 0.092058 0.067885 0.075812
14 0.949086 0.225632 0.080940 0.111913
0 0.949086 0.395307 0.080940 0.111913
26 0.936031 0.557762 0.054830 0.083032
15 0.945170 0.705776 0.073107 0.075812
28 0.934726 0.842960 0.052219 0.075812