29 0.028150 0.090551 0.056300 0.094488
30 0.033512 0.250000 0.067024 0.098425
26 0.028150 0.372047 0.056300 0.090551
0 0.041555 0.557087 0.083110 0.122047
9 0.041555 0.726378 0.083110 0.122047
13 0.041555 0.883858 0.083110 0.122047
25 0.276139 0.084646 0.364611 0.066929
23 0.123324 0.185039 0.058981 0.078740
17 0.128686 0.336614 0.069705 0.082677
27 0.117962 0.437008 0.048257 0.070866
31 0.148794 0.535433 0.109920 0.055118
1 0.135389 0.679134 0.083110 0.122047
22 0.495979 0.088583 0.053619 0.066929
11 0.510724 0.214567 0.083110 0.122047
5 0.510724 0.372047 0.083110 0.122047
24 0.493298 0.525591 0.048257 0.074803
14 0.510724 0.687008 0.083110 0.122047
12 0.510724 0.852362 0.083110 0.122047
2 0.604558 0.104331 0.083110 0.122047
10 0.604558 0.269685 0.083110 0.122047
18 0.595174 0.413386 0.064343 0.086614
8 0.604558 0.572835 0.083110 0.122047
32 0.682306 0.740157 0.238606 0.055118
34 0.588472 0.848425 0.050938 0.082677
20 0.845845 0.096457 0.067024 0.082677
3 0.853887 0.269685 0.083110 0.122047
15 0.849866 0.411417 0.075067 0.082677
28 0.839142 0.525591 0.053619 0.082677
21 0.837802 0.633858 0.050938 0.070866
4 0.853887 0.773622 0.083110 0.122047
33 0.934316 0.066929 0.056300 0.086614
16 0.932976 0.196850 0.053619 0.070866
35 0.935657 0.295276 0.058981 0.070866
6 0.947721 0.438976 0.083110 0.122047
19 0.938338 0.566929 0.064343 0.070866
7 0.947721 0.698819 0.083110 0.122047