1 0.040470 0.117021 0.080940 0.131915
25 0.177546 0.240426 0.355091 0.072340
28 0.026110 0.355319 0.052219 0.089362
23 0.028721 0.519149 0.057441 0.085106
9 0.040470 0.700000 0.080940 0.131915
17 0.033943 0.853191 0.067885 0.089362
3 0.406005 0.087234 0.080940 0.131915
35 0.394256 0.255319 0.057441 0.076596
27 0.389034 0.357447 0.046997 0.076596
32 0.481723 0.472340 0.232376 0.059574
14 0.406005 0.644681 0.080940 0.131915
26 0.392950 0.806383 0.054830 0.097872
0 0.648825 0.087234 0.080940 0.131915
10 0.648825 0.253191 0.080940 0.131915
5 0.648825 0.419149 0.080940 0.131915
22 0.634465 0.551064 0.052219 0.072340
20 0.640992 0.708511 0.065274 0.089362
29 0.635770 0.863830 0.054830 0.102128
30 0.732376 0.100000 0.065274 0.106383
16 0.725849 0.255319 0.052219 0.076596
7 0.740209 0.406383 0.080940 0.131915
18 0.731070 0.578723 0.062663 0.093617
34 0.724543 0.712766 0.049608 0.089362
8 0.740209 0.891489 0.080940 0.131915
4 0.831593 0.100000 0.080940 0.131915
2 0.831593 0.300000 0.080940 0.131915
31 0.844648 0.446809 0.107050 0.059574
24 0.814621 0.585106 0.046997 0.080851
33 0.818538 0.731915 0.054830 0.093617
13 0.831593 0.887234 0.080940 0.131915
11 0.949086 0.091489 0.080940 0.131915
15 0.945170 0.236170 0.073107 0.089362
6 0.949086 0.376596 0.080940 0.131915
12 0.949086 0.551064 0.080940 0.131915
19 0.939948 0.736170 0.062663 0.076596
21 0.933420 0.897872 0.049608 0.076596