34 0.025469 0.063265 0.050938 0.085714
1 0.041555 0.226531 0.083110 0.126531
8 0.041555 0.397959 0.083110 0.126531
32 0.119303 0.563265 0.238606 0.057143
2 0.041555 0.708163 0.083110 0.126531
14 0.041555 0.908163 0.083110 0.126531
20 0.282842 0.100000 0.067024 0.085714
22 0.276139 0.259184 0.053619 0.069388
15 0.286863 0.389796 0.075067 0.085714
23 0.278820 0.555102 0.058981 0.081633
17 0.284182 0.675510 0.069705 0.085714
9 0.290885 0.810204 0.083110 0.126531
18 0.375335 0.085714 0.064343 0.089796
10 0.384718 0.214286 0.083110 0.126531
21 0.368633 0.334694 0.050938 0.073469
33 0.371314 0.485714 0.056300 0.089796
24 0.367292 0.642857 0.048257 0.077551
13 0.384718 0.769388 0.083110 0.126531
0 0.478552 0.087755 0.083110 0.126531
7 0.478552 0.267347 0.083110 0.126531
3 0.478552 0.467347 0.083110 0.126531
19 0.469169 0.600000 0.064343 0.073469
35 0.466488 0.734694 0.058981 0.073469
5 0.478552 0.863265 0.083110 0.126531
6 0.572386 0.108163 0.083110 0.126531
31 0.585791 0.224490 0.109920 0.057143
27 0.554960 0.371429 0.048257 0.073469
25 0.713137 0.516327 0.364611 0.069388
30 0.564343 0.630612 0.067024 0.102041
12 0.572386 0.769388 0.083110 0.126531
29 0.934316 0.106122 0.056300 0.097959
26 0.934316 0.259184 0.056300 0.093878
28 0.932976 0.393878 0.053619 0.085714
16 0.932976 0.538776 0.053619 0.073469
4 0.947721 0.691837 0.083110 0.126531
11 0.947721 0.846939 0.083110 0.126531