10 0.040470 0.111789 0.080940 0.126016
28 0.026110 0.294715 0.052219 0.085366
21 0.024804 0.455285 0.049608 0.073171
17 0.033943 0.587398 0.067885 0.085366
13 0.040470 0.737805 0.080940 0.126016
24 0.023499 0.916667 0.046997 0.077236
11 0.131854 0.091463 0.080940 0.126016
29 0.118799 0.272358 0.054830 0.097561
25 0.268930 0.424797 0.355091 0.069106
18 0.122715 0.524390 0.062663 0.089431
1 0.131854 0.656504 0.080940 0.126016
4 0.131854 0.810976 0.080940 0.126016
35 0.485640 0.097561 0.057441 0.073171
7 0.497389 0.221545 0.080940 0.126016
26 0.484334 0.396341 0.054830 0.093496
5 0.497389 0.538618 0.080940 0.126016
31 0.510444 0.658537 0.107050 0.056911
3 0.497389 0.782520 0.080940 0.126016
12 0.614883 0.083333 0.080940 0.126016
9 0.614883 0.250000 0.080940 0.126016
32 0.690601 0.406504 0.232376 0.056911
15 0.610966 0.497967 0.073107 0.085366
33 0.601828 0.662602 0.054830 0.089431
22 0.600522 0.786585 0.052219 0.069106
23 0.845953 0.081301 0.057441 0.081301
19 0.848564 0.211382 0.062663 0.073171
34 0.842037 0.355691 0.049608 0.085366
0 0.857702 0.522358 0.080940 0.126016
6 0.857702 0.672764 0.080940 0.126016
16 0.843342 0.829268 0.052219 0.073171
30 0.941253 0.083333 0.065274 0.101626
8 0.949086 0.274390 0.080940 0.126016
20 0.941253 0.461382 0.065274 0.085366
14 0.949086 0.591463 0.080940 0.126016
2 0.949086 0.790650 0.080940 0.126016
27 0.932115 0.926829 0.046997 0.073171