10 0.040470 0.100000 0.080940 0.126531
9 0.040470 0.246939 0.080940 0.126531
35 0.028721 0.408163 0.057441 0.073469
12 0.040470 0.561224 0.080940 0.126531
28 0.026110 0.712245 0.052219 0.085714
30 0.032637 0.887755 0.065274 0.102041
23 0.120104 0.061224 0.057441 0.081633
31 0.144909 0.159184 0.107050 0.057143
26 0.118799 0.275510 0.054830 0.093878
7 0.131854 0.463265 0.080940 0.126531
19 0.122715 0.620408 0.062663 0.073469
14 0.131854 0.777551 0.080940 0.126531
15 0.245431 0.063265 0.073107 0.085714
4 0.249347 0.202041 0.080940 0.126531
33 0.236292 0.391837 0.054830 0.089796
18 0.240209 0.506122 0.062663 0.089796
20 0.241514 0.651020 0.065274 0.085714
27 0.232376 0.808163 0.046997 0.073469
2 0.340731 0.087755 0.080940 0.126531
21 0.325065 0.244898 0.049608 0.073469
29 0.327676 0.391837 0.054830 0.097959
1 0.340731 0.540816 0.080940 0.126531
16 0.326371 0.673469 0.052219 0.073469
32 0.416449 0.783673 0.232376 0.057143
11 0.583551 0.091837 0.080940 0.126531
3 0.583551 0.246939 0.080940 0.126531
13 0.583551 0.434694 0.080940 0.126531
6 0.583551 0.610204 0.080940 0.126531
25 0.720627 0.757143 0.355091 0.069388
34 0.567885 0.855102 0.049608 0.085714
8 0.949086 0.095918 0.080940 0.126531
5 0.949086 0.251020 0.080940 0.126531
22 0.934726 0.389796 0.052219 0.069388
0 0.949086 0.516327 0.080940 0.126531
17 0.942559 0.683673 0.067885 0.085714
24 0.932115 0.846939 0.046997 0.077551