8 0.040470 0.104563 0.080940 0.117871
10 0.040470 0.294677 0.080940 0.117871
31 0.053525 0.437262 0.107050 0.053232
22 0.026110 0.515209 0.052219 0.064639
33 0.027415 0.615970 0.054830 0.083650
23 0.028721 0.768061 0.057441 0.076046
27 0.140992 0.057034 0.046997 0.068441
7 0.157963 0.222433 0.080940 0.117871
11 0.157963 0.359316 0.080940 0.117871
12 0.157963 0.511407 0.080940 0.117871
17 0.151436 0.682510 0.067885 0.079848
16 0.143603 0.790875 0.052219 0.068441
2 0.249347 0.100760 0.080940 0.117871
13 0.249347 0.279468 0.080940 0.117871
14 0.249347 0.427757 0.080940 0.117871
4 0.249347 0.602662 0.080940 0.117871
25 0.386423 0.728137 0.355091 0.064639
9 0.249347 0.876426 0.080940 0.117871
5 0.614883 0.115970 0.080940 0.117871
20 0.607050 0.271863 0.065274 0.079848
24 0.597911 0.420152 0.046997 0.072243
0 0.614883 0.579848 0.080940 0.117871
29 0.601828 0.714829 0.054830 0.091255
3 0.614883 0.868821 0.080940 0.117871
18 0.697128 0.068441 0.062663 0.083650
26 0.693211 0.203422 0.054830 0.087452
30 0.698433 0.344106 0.065274 0.095057
28 0.691906 0.450570 0.052219 0.079848
15 0.702350 0.591255 0.073107 0.079848
32 0.781984 0.730038 0.232376 0.053232
21 0.933420 0.057034 0.049608 0.068441
1 0.949086 0.222433 0.080940 0.117871
35 0.937337 0.342205 0.057441 0.068441
6 0.949086 0.469582 0.080940 0.117871
34 0.933420 0.644487 0.049608 0.079848
19 0.939948 0.771863 0.062663 0.068441