19 0.032172 0.049822 0.064343 0.064057
15 0.037534 0.154804 0.075067 0.074733
3 0.041555 0.275801 0.083110 0.110320
2 0.041555 0.411032 0.083110 0.110320
35 0.029491 0.562278 0.058981 0.064057
10 0.041555 0.685053 0.083110 0.110320
21 0.119303 0.049822 0.050938 0.064057
17 0.128686 0.190391 0.069705 0.074733
27 0.117962 0.295374 0.048257 0.064057
20 0.127346 0.428826 0.067024 0.074733
12 0.135389 0.571174 0.083110 0.110320
5 0.135389 0.713523 0.083110 0.110320
1 0.229223 0.076512 0.083110 0.110320
4 0.229223 0.243772 0.083110 0.110320
9 0.229223 0.396797 0.083110 0.110320
6 0.229223 0.556940 0.083110 0.110320
8 0.229223 0.713523 0.083110 0.110320
11 0.229223 0.884342 0.083110 0.110320
33 0.309651 0.060498 0.056300 0.078292
28 0.308311 0.201068 0.053619 0.074733
25 0.463807 0.329181 0.364611 0.060498
14 0.323056 0.432384 0.083110 0.110320
7 0.323056 0.588968 0.083110 0.110320
22 0.308311 0.695730 0.053619 0.060498
18 0.689008 0.085409 0.064343 0.078292
24 0.680965 0.204626 0.048257 0.067616
31 0.711796 0.295374 0.109920 0.049822
13 0.698391 0.418149 0.083110 0.110320
29 0.684987 0.565836 0.056300 0.085409
32 0.776139 0.658363 0.238606 0.049822
26 0.934316 0.072954 0.056300 0.081851
30 0.939678 0.208185 0.067024 0.088968
0 0.947721 0.368327 0.083110 0.110320
23 0.935657 0.483986 0.058981 0.071174
16 0.932976 0.612100 0.053619 0.064057
34 0.931635 0.699288 0.050938 0.074733