2 0.040470 0.087234 0.080940 0.131915
24 0.023499 0.270213 0.046997 0.080851
9 0.040470 0.406383 0.080940 0.131915
19 0.031332 0.570213 0.062663 0.076596
11 0.040470 0.725532 0.080940 0.131915
14 0.040470 0.904255 0.080940 0.131915
32 0.207572 0.068085 0.232376 0.059574
15 0.127937 0.219149 0.073107 0.089362
13 0.131854 0.372340 0.080940 0.131915
30 0.124021 0.517021 0.065274 0.106383
1 0.131854 0.691489 0.080940 0.131915
34 0.116188 0.861702 0.049608 0.089362
23 0.362924 0.085106 0.057441 0.085106
12 0.374674 0.257447 0.080940 0.131915
33 0.361619 0.421277 0.054830 0.093617
20 0.366841 0.576596 0.065274 0.089362
31 0.387728 0.723404 0.107050 0.059574
26 0.361619 0.840426 0.054830 0.097872
5 0.492167 0.087234 0.080940 0.131915
0 0.492167 0.270213 0.080940 0.131915
22 0.477807 0.444681 0.052219 0.072340
27 0.475196 0.565957 0.046997 0.076596
29 0.479112 0.706383 0.054830 0.102128
28 0.477807 0.887234 0.052219 0.089362
21 0.567885 0.059574 0.049608 0.076596
25 0.720627 0.197872 0.355091 0.072340
18 0.574413 0.353191 0.062663 0.093617
7 0.583551 0.500000 0.080940 0.131915
3 0.583551 0.717021 0.080940 0.131915
16 0.569191 0.885106 0.052219 0.076596
35 0.937337 0.102128 0.057441 0.076596
10 0.949086 0.227660 0.080940 0.131915
8 0.949086 0.389362 0.080940 0.131915
17 0.942559 0.525532 0.067885 0.089362
4 0.949086 0.657447 0.080940 0.131915
6 0.949086 0.819149 0.080940 0.131915