10 0.041555 0.096078 0.083110 0.121569
0 0.041555 0.284314 0.083110 0.121569
34 0.025469 0.433333 0.050938 0.082353
15 0.037534 0.562745 0.075067 0.082353
27 0.024129 0.662745 0.048257 0.070588
2 0.041555 0.794118 0.083110 0.121569
25 0.276139 0.088235 0.364611 0.066667
28 0.120643 0.198039 0.053619 0.082353
26 0.121984 0.354902 0.056300 0.090196
17 0.128686 0.496078 0.069705 0.082353
22 0.120643 0.621569 0.053619 0.066667
1 0.135389 0.754902 0.083110 0.121569
30 0.502681 0.100000 0.067024 0.098039
23 0.498660 0.227451 0.058981 0.078431
9 0.510724 0.374510 0.083110 0.121569
8 0.510724 0.550980 0.083110 0.121569
13 0.510724 0.715686 0.083110 0.121569
12 0.510724 0.880392 0.083110 0.121569
32 0.682306 0.058824 0.238606 0.054902
33 0.591153 0.180392 0.056300 0.086275
16 0.589812 0.337255 0.053619 0.070588
31 0.617962 0.435294 0.109920 0.054902
5 0.604558 0.601961 0.083110 0.121569
14 0.604558 0.747059 0.083110 0.121569
20 0.845845 0.072549 0.067024 0.082353
11 0.853887 0.237255 0.083110 0.121569
18 0.844504 0.388235 0.064343 0.086275
29 0.840483 0.552941 0.056300 0.094118
24 0.836461 0.656863 0.048257 0.074510
35 0.841823 0.776471 0.058981 0.070588
7 0.947721 0.103922 0.083110 0.121569
6 0.947721 0.280392 0.083110 0.121569
21 0.931635 0.427451 0.050938 0.070588
3 0.947721 0.558824 0.083110 0.121569
19 0.938338 0.690196 0.064343 0.070588
4 0.947721 0.809804 0.083110 0.121569