26 0.028150 0.066532 0.056300 0.092742
10 0.041555 0.235887 0.083110 0.125000
16 0.026810 0.370968 0.053619 0.072581
21 0.025469 0.520161 0.050938 0.072581
13 0.041555 0.651210 0.083110 0.125000
3 0.041555 0.800403 0.083110 0.125000
30 0.127346 0.074597 0.067024 0.100806
27 0.117962 0.205645 0.048257 0.072581
12 0.135389 0.381048 0.083110 0.125000
7 0.135389 0.534274 0.083110 0.125000
2 0.135389 0.711694 0.083110 0.125000
33 0.121984 0.838710 0.056300 0.088710
18 0.219839 0.076613 0.064343 0.088710
23 0.217158 0.213710 0.058981 0.080645
32 0.306971 0.302419 0.238606 0.056452
8 0.229223 0.425403 0.083110 0.125000
34 0.213137 0.558468 0.050938 0.084677
4 0.229223 0.719758 0.083110 0.125000
20 0.470509 0.102823 0.067024 0.084677
22 0.463807 0.243952 0.053619 0.068548
28 0.463807 0.344758 0.053619 0.084677
1 0.478552 0.485887 0.083110 0.125000
9 0.478552 0.647177 0.083110 0.125000
14 0.478552 0.804435 0.083110 0.125000
35 0.560322 0.096774 0.058981 0.072581
25 0.713137 0.191532 0.364611 0.068548
11 0.572386 0.308468 0.083110 0.125000
31 0.585791 0.447581 0.109920 0.056452
17 0.565684 0.570565 0.069705 0.084677
6 0.572386 0.699597 0.083110 0.125000
15 0.943700 0.102823 0.075067 0.084677
24 0.930295 0.264113 0.048257 0.076613
0 0.947721 0.445565 0.083110 0.125000
19 0.938338 0.604839 0.064343 0.072581
5 0.947721 0.756048 0.083110 0.125000
29 0.934316 0.899194 0.056300 0.096774