30 0.032637 0.096078 0.065274 0.098039
22 0.026110 0.252941 0.052219 0.066667
20 0.032637 0.390196 0.065274 0.082353
7 0.040470 0.566667 0.080940 0.121569
2 0.040470 0.715686 0.080940 0.121569
8 0.040470 0.868627 0.080940 0.121569
27 0.114883 0.066667 0.046997 0.070588
11 0.131854 0.241176 0.080940 0.121569
5 0.131854 0.398039 0.080940 0.121569
33 0.118799 0.560784 0.054830 0.086275
0 0.131854 0.684314 0.080940 0.121569
15 0.127937 0.837255 0.073107 0.082353
26 0.210183 0.084314 0.054830 0.090196
16 0.208877 0.235294 0.052219 0.070588
24 0.206266 0.370588 0.046997 0.074510
14 0.223238 0.492157 0.080940 0.121569
35 0.211488 0.631373 0.057441 0.070588
12 0.223238 0.754902 0.080940 0.121569
6 0.314621 0.080392 0.080940 0.121569
4 0.314621 0.221569 0.080940 0.121569
25 0.451697 0.394118 0.355091 0.066667
34 0.298956 0.535294 0.049608 0.082353
18 0.305483 0.647059 0.062663 0.086275
9 0.314621 0.778431 0.080940 0.121569
1 0.680157 0.119608 0.080940 0.121569
3 0.680157 0.268627 0.080940 0.121569
31 0.693211 0.407843 0.107050 0.054902
21 0.664491 0.498039 0.049608 0.070588
28 0.665796 0.617647 0.052219 0.082353
13 0.680157 0.762745 0.080940 0.121569
19 0.788512 0.086275 0.062663 0.070588
29 0.784595 0.227451 0.054830 0.094118
10 0.797650 0.405882 0.080940 0.121569
23 0.785901 0.560784 0.057441 0.078431
32 0.873368 0.650980 0.232376 0.054902
17 0.791123 0.798039 0.067885 0.082353