34 0.029231 0.072614 0.058462 0.087137
6 0.047692 0.226141 0.095385 0.128631
2 0.047692 0.404564 0.095385 0.128631
1 0.047692 0.566390 0.095385 0.128631
28 0.030769 0.695021 0.061538 0.087137
19 0.036923 0.834025 0.073846 0.074689
29 0.140000 0.091286 0.064615 0.099585
14 0.155385 0.275934 0.095385 0.128631
22 0.138462 0.437759 0.061538 0.070539
4 0.155385 0.595436 0.095385 0.128631
17 0.147692 0.773859 0.080000 0.087137
31 0.170769 0.904564 0.126154 0.058091
9 0.293846 0.109959 0.095385 0.128631
0 0.293846 0.263485 0.095385 0.128631
33 0.278462 0.423237 0.064615 0.091286
26 0.278462 0.570539 0.064615 0.095436
12 0.293846 0.707469 0.095385 0.128631
8 0.293846 0.856846 0.095385 0.128631
5 0.401538 0.101660 0.095385 0.128631
23 0.387692 0.232365 0.067692 0.082988
25 0.563077 0.371369 0.418462 0.070539
32 0.490769 0.485477 0.273846 0.058091
7 0.401538 0.599585 0.095385 0.128631
3 0.401538 0.765560 0.095385 0.128631
20 0.823077 0.097510 0.076923 0.087137
27 0.812308 0.199170 0.055385 0.074689
10 0.832308 0.338174 0.095385 0.128631
15 0.827692 0.483402 0.086154 0.087137
21 0.813846 0.585062 0.058462 0.074689
18 0.821538 0.721992 0.073846 0.091286
24 0.920000 0.093361 0.055385 0.078838
11 0.940000 0.255187 0.095385 0.128631
13 0.940000 0.417012 0.095385 0.128631
35 0.926154 0.597510 0.067692 0.074689
16 0.923077 0.730290 0.061538 0.074689
30 0.930769 0.890041 0.076923 0.103734