6 0.047692 0.111765 0.095385 0.121569
25 0.209231 0.256863 0.418462 0.066667
13 0.047692 0.421569 0.095385 0.121569
27 0.027692 0.564706 0.055385 0.070588
32 0.136923 0.662745 0.273846 0.054902
17 0.040000 0.758824 0.080000 0.082353
0 0.478462 0.092157 0.095385 0.121569
22 0.461538 0.229412 0.061538 0.066667
31 0.493846 0.333333 0.126154 0.054902
2 0.478462 0.449020 0.095385 0.121569
8 0.478462 0.625490 0.095385 0.121569
28 0.461538 0.801961 0.061538 0.082353
3 0.616923 0.100000 0.095385 0.121569
23 0.603077 0.243137 0.067692 0.078431
24 0.596923 0.350980 0.055385 0.074510
7 0.616923 0.500000 0.095385 0.121569
12 0.616923 0.656863 0.095385 0.121569
10 0.616923 0.841176 0.095385 0.121569
4 0.724615 0.092157 0.095385 0.121569
35 0.710769 0.262745 0.067692 0.070588
14 0.724615 0.413725 0.095385 0.121569
5 0.724615 0.609804 0.095385 0.121569
1 0.724615 0.782353 0.095385 0.121569
18 0.713846 0.937255 0.073846 0.086275
20 0.823077 0.096078 0.076923 0.082353
33 0.816923 0.227451 0.064615 0.086275
9 0.832308 0.386275 0.095385 0.121569
15 0.827692 0.543137 0.086154 0.082353
26 0.816923 0.692157 0.064615 0.090196
34 0.813846 0.809804 0.058462 0.082353
16 0.923077 0.066667 0.061538 0.070588
21 0.921538 0.156863 0.058462 0.070588
30 0.930769 0.280392 0.076923 0.098039
11 0.940000 0.460784 0.095385 0.121569
19 0.929231 0.635294 0.073846 0.070588
29 0.924615 0.749020 0.064615 0.094118