33 0.028150 0.066116 0.056300 0.090909
6 0.041555 0.196281 0.083110 0.128099
13 0.041555 0.394628 0.083110 0.128099
7 0.041555 0.568182 0.083110 0.128099
32 0.119303 0.735537 0.238606 0.057851
15 0.037534 0.890496 0.075067 0.086777
28 0.276139 0.101240 0.053619 0.086777
31 0.304290 0.247934 0.109920 0.057851
3 0.290885 0.398760 0.083110 0.128099
25 0.431635 0.530992 0.364611 0.070248
23 0.278820 0.685950 0.058981 0.082645
10 0.290885 0.861570 0.083110 0.128099
35 0.654155 0.099174 0.058981 0.074380
21 0.650134 0.239669 0.050938 0.074380
20 0.658177 0.340909 0.067024 0.086777
19 0.656836 0.454545 0.064343 0.074380
29 0.652815 0.566116 0.056300 0.099174
11 0.666220 0.712810 0.083110 0.128099
12 0.760054 0.097107 0.083110 0.128099
4 0.760054 0.303719 0.083110 0.128099
34 0.743968 0.448347 0.050938 0.086777
8 0.760054 0.584711 0.083110 0.128099
0 0.760054 0.758264 0.083110 0.128099
16 0.745308 0.933884 0.053619 0.074380
1 0.853887 0.109504 0.083110 0.128099
14 0.853887 0.262397 0.083110 0.128099
2 0.853887 0.444215 0.083110 0.128099
9 0.853887 0.609504 0.083110 0.128099
27 0.836461 0.752066 0.048257 0.074380
24 0.836461 0.911157 0.048257 0.078512
17 0.941019 0.084711 0.069705 0.086777
26 0.934316 0.241736 0.056300 0.095041
30 0.939678 0.361570 0.067024 0.103306
18 0.938338 0.541322 0.064343 0.090909
22 0.932976 0.704545 0.053619 0.070248
5 0.947721 0.853306 0.083110 0.128099