10 0.040470 0.097426 0.080940 0.113971
32 0.116188 0.216912 0.232376 0.051471
7 0.040470 0.362132 0.080940 0.113971
27 0.023499 0.477941 0.046997 0.066176
12 0.040470 0.601103 0.080940 0.113971
16 0.026110 0.738971 0.052219 0.066176
30 0.275457 0.101103 0.065274 0.091912
18 0.274151 0.261029 0.062663 0.080882
1 0.283290 0.420956 0.080940 0.113971
23 0.271540 0.580882 0.057441 0.073529
11 0.283290 0.729779 0.080940 0.113971
14 0.283290 0.913603 0.080940 0.113971
35 0.362924 0.066176 0.057441 0.066176
17 0.368146 0.174632 0.067885 0.077206
33 0.361619 0.294118 0.054830 0.080882
6 0.374674 0.457721 0.080940 0.113971
21 0.359008 0.606618 0.049608 0.066176
13 0.374674 0.751838 0.080940 0.113971
8 0.466057 0.108456 0.080940 0.113971
29 0.453003 0.227941 0.054830 0.088235
31 0.479112 0.356618 0.107050 0.051471
5 0.466057 0.457721 0.080940 0.113971
34 0.450392 0.579044 0.049608 0.077206
2 0.466057 0.722426 0.080940 0.113971
24 0.566580 0.086397 0.046997 0.069853
25 0.720627 0.222426 0.355091 0.062500
9 0.583551 0.351103 0.080940 0.113971
20 0.575718 0.505515 0.065274 0.077206
28 0.569191 0.630515 0.052219 0.077206
19 0.574413 0.750000 0.062663 0.066176
0 0.949086 0.090074 0.080940 0.113971
15 0.945170 0.211397 0.073107 0.077206
22 0.934726 0.336397 0.052219 0.062500
4 0.949086 0.490809 0.080940 0.113971
3 0.949086 0.637868 0.080940 0.113971
26 0.936031 0.803309 0.054830 0.084559