25 0.177546 0.074000 0.355091 0.068000
30 0.032637 0.206000 0.065274 0.100000
23 0.028721 0.360000 0.057441 0.080000
4 0.040470 0.494000 0.080940 0.124000
20 0.032637 0.630000 0.065274 0.084000
35 0.028721 0.784000 0.057441 0.072000
16 0.391645 0.064000 0.052219 0.072000
18 0.396867 0.208000 0.062663 0.088000
15 0.402089 0.374000 0.073107 0.084000
13 0.406005 0.514000 0.080940 0.124000
6 0.406005 0.714000 0.080940 0.124000
24 0.389034 0.874000 0.046997 0.076000
17 0.490862 0.066000 0.067885 0.084000
3 0.497389 0.218000 0.080940 0.124000
12 0.497389 0.374000 0.080940 0.124000
32 0.573107 0.540000 0.232376 0.056000
22 0.483029 0.650000 0.052219 0.068000
8 0.497389 0.778000 0.080940 0.124000
14 0.740209 0.090000 0.080940 0.124000
11 0.740209 0.246000 0.080940 0.124000
19 0.731070 0.384000 0.062663 0.072000
0 0.740209 0.538000 0.080940 0.124000
34 0.724543 0.718000 0.049608 0.084000
2 0.740209 0.878000 0.080940 0.124000
7 0.831593 0.102000 0.080940 0.124000
5 0.831593 0.270000 0.080940 0.124000
31 0.844648 0.420000 0.107050 0.056000
1 0.831593 0.558000 0.080940 0.124000
26 0.818538 0.694000 0.054830 0.092000
33 0.818538 0.820000 0.054830 0.088000
10 0.949086 0.106000 0.080940 0.124000
9 0.949086 0.274000 0.080940 0.124000
27 0.932115 0.424000 0.046997 0.072000
28 0.934726 0.582000 0.052219 0.084000
21 0.933420 0.700000 0.049608 0.072000
29 0.936031 0.848000 0.054830 0.096000