15 0.036554 0.084586 0.073107 0.078947
33 0.027415 0.240602 0.054830 0.082707
4 0.040470 0.392857 0.080940 0.116541
3 0.040470 0.550752 0.080940 0.116541
6 0.040470 0.731203 0.080940 0.116541
30 0.032637 0.877820 0.065274 0.093985
13 0.131854 0.110902 0.080940 0.116541
8 0.131854 0.246241 0.080940 0.116541
29 0.118799 0.424812 0.054830 0.090226
25 0.268930 0.528195 0.355091 0.063910
5 0.131854 0.667293 0.080940 0.116541
18 0.122715 0.823308 0.062663 0.082707
31 0.510444 0.071429 0.107050 0.052632
19 0.488251 0.180451 0.062663 0.067669
14 0.497389 0.332707 0.080940 0.116541
35 0.485640 0.447368 0.057441 0.067669
23 0.485640 0.537594 0.057441 0.075188
22 0.483029 0.648496 0.052219 0.063910
10 0.614883 0.103383 0.080940 0.116541
26 0.601828 0.257519 0.054830 0.086466
1 0.614883 0.407895 0.080940 0.116541
21 0.599217 0.537594 0.049608 0.067669
7 0.614883 0.693609 0.080940 0.116541
9 0.614883 0.851504 0.080940 0.116541
24 0.689295 0.058271 0.046997 0.071429
2 0.706266 0.223684 0.080940 0.116541
17 0.699739 0.381579 0.067885 0.078947
20 0.698433 0.524436 0.065274 0.078947
11 0.706266 0.689850 0.080940 0.116541
16 0.691906 0.823308 0.052219 0.067669
32 0.873368 0.067669 0.232376 0.052632
27 0.780679 0.154135 0.046997 0.067669
0 0.797650 0.306391 0.080940 0.116541
34 0.781984 0.426692 0.049608 0.078947
28 0.783290 0.543233 0.052219 0.078947
12 0.797650 0.663534 0.080940 0.116541