30 0.038462 0.093066 0.076923 0.091241
0 0.047692 0.264599 0.095385 0.113139
7 0.047692 0.428832 0.095385 0.113139
5 0.047692 0.596715 0.095385 0.113139
35 0.033846 0.759124 0.067692 0.065693
9 0.047692 0.892336 0.095385 0.113139
2 0.155385 0.074818 0.095385 0.113139
12 0.155385 0.253650 0.095385 0.113139
6 0.155385 0.428832 0.095385 0.113139
8 0.155385 0.611314 0.095385 0.113139
22 0.138462 0.735401 0.061538 0.062044
34 0.136923 0.863139 0.058462 0.076642
11 0.263077 0.082117 0.095385 0.113139
14 0.263077 0.224453 0.095385 0.113139
16 0.246154 0.332117 0.061538 0.065693
19 0.252308 0.459854 0.073846 0.065693
23 0.249231 0.591241 0.067692 0.072993
21 0.244615 0.686131 0.058462 0.065693
27 0.350769 0.058394 0.055385 0.065693
20 0.361538 0.191606 0.076923 0.076642
25 0.532308 0.326642 0.418462 0.062044
33 0.355385 0.456204 0.064615 0.080292
32 0.460000 0.558394 0.273846 0.051095
18 0.360000 0.693431 0.073846 0.080292
13 0.801538 0.089416 0.095385 0.113139
3 0.801538 0.242701 0.095385 0.113139
4 0.801538 0.403285 0.095385 0.113139
15 0.796923 0.516423 0.086154 0.076642
10 0.801538 0.684307 0.095385 0.113139
31 0.816923 0.802920 0.126154 0.051095
28 0.923077 0.056569 0.061538 0.076642
29 0.924615 0.200730 0.064615 0.087591
17 0.932308 0.312044 0.080000 0.076642
1 0.940000 0.479927 0.095385 0.113139
26 0.924615 0.647810 0.064615 0.083942
24 0.920000 0.764599 0.055385 0.069343