3 0.041555 0.089015 0.083110 0.117424
26 0.028150 0.267045 0.056300 0.087121
14 0.041555 0.429924 0.083110 0.117424
10 0.041555 0.585227 0.083110 0.117424
19 0.032172 0.746212 0.064343 0.068182
11 0.041555 0.861742 0.083110 0.117424
12 0.135389 0.081439 0.083110 0.117424
20 0.127346 0.198864 0.067024 0.079545
27 0.117962 0.333333 0.048257 0.068182
13 0.135389 0.464015 0.083110 0.117424
22 0.120643 0.626894 0.053619 0.064394
30 0.127346 0.736742 0.067024 0.094697
16 0.214477 0.079545 0.053619 0.068182
7 0.229223 0.240530 0.083110 0.117424
31 0.242627 0.348485 0.109920 0.053030
8 0.229223 0.501894 0.083110 0.117424
15 0.225201 0.660985 0.075067 0.079545
32 0.306971 0.776515 0.238606 0.053030
25 0.619303 0.077652 0.364611 0.064394
18 0.469169 0.227273 0.064343 0.083333
1 0.478552 0.373106 0.083110 0.117424
5 0.478552 0.528409 0.083110 0.117424
6 0.478552 0.695076 0.083110 0.117424
35 0.466488 0.821970 0.058981 0.068182
2 0.853887 0.104167 0.083110 0.117424
34 0.837802 0.259470 0.050938 0.079545
24 0.836461 0.392045 0.048257 0.071970
33 0.840483 0.503788 0.056300 0.083333
23 0.841823 0.613636 0.058981 0.075758
21 0.837802 0.738636 0.050938 0.068182
29 0.934316 0.102273 0.056300 0.090909
17 0.941019 0.229167 0.069705 0.079545
9 0.947721 0.399621 0.083110 0.117424
28 0.932976 0.558712 0.053619 0.079545
0 0.947721 0.729167 0.083110 0.117424
4 0.947721 0.918561 0.083110 0.117424