16 0.026810 0.058091 0.053619 0.074689
14 0.041555 0.184647 0.083110 0.128631
22 0.026810 0.358921 0.053619 0.070539
11 0.041555 0.504149 0.083110 0.128631
6 0.041555 0.657676 0.083110 0.128631
29 0.028150 0.800830 0.056300 0.099585
32 0.213137 0.070539 0.238606 0.058091
7 0.135389 0.205394 0.083110 0.128631
31 0.148794 0.319502 0.109920 0.058091
35 0.123324 0.448133 0.058981 0.074689
30 0.127346 0.603734 0.067024 0.103734
3 0.135389 0.790456 0.083110 0.128631
10 0.384718 0.093361 0.083110 0.128631
33 0.371314 0.236515 0.056300 0.091286
25 0.525469 0.354772 0.364611 0.070539
9 0.384718 0.524896 0.083110 0.128631
12 0.384718 0.686722 0.083110 0.128631
15 0.380697 0.848548 0.075067 0.087137
27 0.742627 0.066390 0.048257 0.074689
24 0.742627 0.176349 0.048257 0.078838
2 0.760054 0.342324 0.083110 0.128631
0 0.760054 0.553942 0.083110 0.128631
28 0.745308 0.732365 0.053619 0.087137
26 0.746649 0.877593 0.056300 0.095436
4 0.853887 0.126556 0.083110 0.128631
23 0.841823 0.253112 0.058981 0.082988
19 0.844504 0.398340 0.064343 0.074689
20 0.845845 0.533195 0.067024 0.087137
21 0.837802 0.647303 0.050938 0.074689
5 0.853887 0.807054 0.083110 0.128631
34 0.931635 0.076763 0.050938 0.087137
17 0.941019 0.234440 0.069705 0.087137
13 0.947721 0.408714 0.083110 0.128631
8 0.947721 0.591286 0.083110 0.128631
1 0.947721 0.740664 0.083110 0.128631
18 0.938338 0.875519 0.064343 0.091286