11 0.040470 0.100379 0.080940 0.117424
26 0.027415 0.229167 0.054830 0.087121
1 0.040470 0.388258 0.080940 0.117424
15 0.036554 0.513258 0.073107 0.079545
6 0.040470 0.638258 0.080940 0.117424
35 0.028721 0.753788 0.057441 0.068182
25 0.268930 0.081439 0.355091 0.064394
8 0.131854 0.248106 0.080940 0.117424
27 0.114883 0.390152 0.046997 0.068182
0 0.131854 0.558712 0.080940 0.117424
9 0.131854 0.729167 0.080940 0.117424
16 0.117493 0.893939 0.052219 0.068182
19 0.488251 0.083333 0.062663 0.068182
32 0.573107 0.170455 0.232376 0.053030
13 0.497389 0.331439 0.080940 0.117424
20 0.489556 0.456439 0.065274 0.079545
29 0.484334 0.590909 0.054830 0.090909
5 0.497389 0.763258 0.080940 0.117424
24 0.723238 0.085227 0.046997 0.071970
4 0.740209 0.202652 0.080940 0.117424
18 0.731070 0.344697 0.062663 0.083333
23 0.728460 0.465909 0.057441 0.075758
10 0.740209 0.592803 0.080940 0.117424
22 0.725849 0.759470 0.052219 0.064394
33 0.818538 0.064394 0.054830 0.083333
7 0.831593 0.232955 0.080940 0.117424
30 0.823760 0.357955 0.065274 0.094697
31 0.844648 0.507576 0.107050 0.053030
3 0.831593 0.649621 0.080940 0.117424
28 0.817232 0.804924 0.052219 0.079545
2 0.949086 0.096591 0.080940 0.117424
14 0.949086 0.232955 0.080940 0.117424
17 0.942559 0.403409 0.067885 0.079545
12 0.949086 0.554924 0.080940 0.117424
34 0.933420 0.721591 0.049608 0.079545
21 0.933420 0.848485 0.049608 0.068182