13 0.041555 0.081349 0.083110 0.123016
5 0.041555 0.271825 0.083110 0.123016
32 0.119303 0.400794 0.238606 0.055556
11 0.041555 0.565476 0.083110 0.123016
31 0.054960 0.706349 0.109920 0.055556
16 0.026810 0.813492 0.053619 0.071429
28 0.276139 0.069444 0.053619 0.083333
0 0.290885 0.244048 0.083110 0.123016
34 0.274799 0.402778 0.050938 0.083333
20 0.282842 0.521825 0.067024 0.083333
9 0.290885 0.696429 0.083110 0.123016
21 0.274799 0.869048 0.050938 0.071429
18 0.375335 0.071429 0.064343 0.087302
30 0.376676 0.236111 0.067024 0.099206
6 0.384718 0.426587 0.083110 0.123016
8 0.384718 0.621032 0.083110 0.123016
15 0.380697 0.771825 0.075067 0.083333
27 0.367292 0.900794 0.048257 0.071429
25 0.619303 0.061508 0.364611 0.067460
3 0.478552 0.228175 0.083110 0.123016
2 0.478552 0.382937 0.083110 0.123016
29 0.465147 0.535714 0.056300 0.095238
4 0.478552 0.688492 0.083110 0.123016
35 0.466488 0.813492 0.058981 0.071429
1 0.853887 0.109127 0.083110 0.123016
17 0.847185 0.244048 0.069705 0.083333
26 0.840483 0.402778 0.056300 0.091270
19 0.844504 0.507937 0.064343 0.071429
14 0.853887 0.664683 0.083110 0.123016
33 0.840483 0.825397 0.056300 0.087302
24 0.930295 0.077381 0.048257 0.075397
12 0.947721 0.216270 0.083110 0.123016
23 0.935657 0.392857 0.058981 0.079365
7 0.947721 0.549603 0.083110 0.123016
10 0.947721 0.704365 0.083110 0.123016
22 0.932976 0.843254 0.053619 0.067460