23 0.028721 0.071429 0.057441 0.075188
10 0.040470 0.227444 0.080940 0.116541
8 0.040470 0.411654 0.080940 0.116541
31 0.053525 0.522556 0.107050 0.052632
17 0.033943 0.644737 0.067885 0.078947
22 0.026110 0.791353 0.052219 0.063910
1 0.157963 0.110902 0.080940 0.116541
5 0.157963 0.295113 0.080940 0.116541
3 0.157963 0.445489 0.080940 0.116541
12 0.157963 0.599624 0.080940 0.116541
35 0.146214 0.729323 0.057441 0.067669
11 0.157963 0.874060 0.080940 0.116541
29 0.236292 0.090226 0.054830 0.090226
28 0.234987 0.212406 0.052219 0.078947
7 0.249347 0.343985 0.080940 0.116541
33 0.236292 0.507519 0.054830 0.082707
14 0.249347 0.629699 0.080940 0.116541
19 0.240209 0.740602 0.062663 0.067669
25 0.477807 0.084586 0.355091 0.063910
34 0.325065 0.223684 0.049608 0.078947
13 0.340731 0.389098 0.080940 0.116541
9 0.340731 0.554511 0.080940 0.116541
21 0.325065 0.687970 0.049608 0.067669
4 0.340731 0.817669 0.080940 0.116541
32 0.781984 0.048872 0.232376 0.052632
20 0.698433 0.171053 0.065274 0.078947
26 0.693211 0.328947 0.054830 0.086466
6 0.706266 0.453008 0.080940 0.116541
24 0.689295 0.614662 0.046997 0.071429
16 0.691906 0.755639 0.052219 0.067669
30 0.941253 0.092105 0.065274 0.093985
27 0.932115 0.233083 0.046997 0.067669
0 0.949086 0.343985 0.080940 0.116541
2 0.949086 0.483083 0.080940 0.116541
15 0.945170 0.614662 0.073107 0.078947
18 0.939948 0.729323 0.062663 0.082707