17 0.041270 0.094595 0.082540 0.081081
30 0.039683 0.218147 0.079365 0.096525
35 0.034921 0.351351 0.069841 0.069498
7 0.049206 0.480695 0.098413 0.119691
14 0.049206 0.646718 0.098413 0.119691
6 0.049206 0.839768 0.098413 0.119691
23 0.146032 0.069498 0.069841 0.077220
1 0.160317 0.191120 0.098413 0.119691
24 0.139683 0.357143 0.057143 0.073359
22 0.142857 0.465251 0.063492 0.065637
33 0.144444 0.567568 0.066667 0.084942
34 0.141270 0.723938 0.060317 0.081081
3 0.271429 0.110039 0.098413 0.119691
9 0.271429 0.306950 0.098413 0.119691
11 0.271429 0.492278 0.098413 0.119691
12 0.271429 0.662162 0.098413 0.119691
28 0.253968 0.808880 0.063492 0.081081
21 0.252381 0.918919 0.060317 0.069498
19 0.371429 0.073359 0.076190 0.069498
16 0.365079 0.185328 0.063492 0.069498
29 0.366667 0.297297 0.066667 0.092664
5 0.382540 0.438224 0.098413 0.119691
2 0.382540 0.588803 0.098413 0.119691
20 0.373016 0.739382 0.079365 0.081081
31 0.509524 0.057915 0.130159 0.054054
32 0.585714 0.169884 0.282540 0.054054
25 0.660317 0.249035 0.431746 0.065637
27 0.473016 0.359073 0.057143 0.069498
18 0.482540 0.467181 0.076190 0.084942
15 0.488889 0.573359 0.088889 0.081081
0 0.938095 0.117761 0.098413 0.119691
10 0.938095 0.268340 0.098413 0.119691
13 0.938095 0.415058 0.098413 0.119691
26 0.922222 0.557915 0.066667 0.088803
4 0.938095 0.723938 0.098413 0.119691
8 0.938095 0.870656 0.098413 0.119691