31 0.053525 0.068273 0.107050 0.056225
5 0.040470 0.206827 0.080940 0.124498
2 0.040470 0.411647 0.080940 0.124498
34 0.024804 0.552209 0.049608 0.084337
35 0.028721 0.682731 0.057441 0.072289
8 0.040470 0.845382 0.080940 0.124498
30 0.150131 0.070281 0.065274 0.100402
15 0.154047 0.226908 0.073107 0.084337
27 0.140992 0.345382 0.046997 0.072289
18 0.148825 0.457831 0.062663 0.088353
14 0.157963 0.588353 0.080940 0.124498
0 0.157963 0.765060 0.080940 0.124498
20 0.241514 0.082329 0.065274 0.084337
29 0.236292 0.236948 0.054830 0.096386
19 0.240209 0.353414 0.062663 0.072289
21 0.233681 0.489960 0.049608 0.072289
7 0.249347 0.668675 0.080940 0.124498
25 0.386423 0.841365 0.355091 0.068273
16 0.600522 0.068273 0.052219 0.072289
12 0.614883 0.198795 0.080940 0.124498
11 0.614883 0.371486 0.080940 0.124498
1 0.614883 0.540161 0.080940 0.124498
4 0.614883 0.736948 0.080940 0.124498
32 0.690601 0.859438 0.232376 0.056225
10 0.857702 0.082329 0.080940 0.124498
24 0.840731 0.226908 0.046997 0.076305
17 0.851175 0.367470 0.067885 0.084337
33 0.844648 0.514056 0.054830 0.088353
22 0.843342 0.624498 0.052219 0.068273
13 0.857702 0.781124 0.080940 0.124498
23 0.937337 0.064257 0.057441 0.080321
3 0.949086 0.198795 0.080940 0.124498
26 0.936031 0.339357 0.054830 0.092369
6 0.949086 0.524096 0.080940 0.124498
9 0.949086 0.724900 0.080940 0.124498
28 0.934726 0.909639 0.052219 0.084337