34 0.025469 0.069038 0.050938 0.087866
14 0.041555 0.228033 0.083110 0.129707
23 0.029491 0.364017 0.058981 0.083682
25 0.182306 0.516736 0.364611 0.071130
31 0.054960 0.623431 0.109920 0.058577
2 0.041555 0.780335 0.083110 0.129707
16 0.402145 0.100418 0.053619 0.075314
4 0.416890 0.253138 0.083110 0.129707
28 0.402145 0.445607 0.053619 0.087866
32 0.494638 0.560669 0.238606 0.058577
29 0.403485 0.673640 0.056300 0.100418
27 0.399464 0.828452 0.048257 0.075314
5 0.666220 0.123431 0.083110 0.129707
20 0.658177 0.290795 0.067024 0.087866
26 0.652815 0.433054 0.056300 0.096234
6 0.666220 0.579498 0.083110 0.129707
22 0.651475 0.734310 0.053619 0.071130
3 0.666220 0.872385 0.083110 0.129707
9 0.760054 0.094142 0.083110 0.129707
21 0.743968 0.251046 0.050938 0.075314
19 0.750670 0.397490 0.064343 0.075314
30 0.752011 0.537657 0.067024 0.104603
13 0.760054 0.684100 0.083110 0.129707
15 0.756032 0.876569 0.075067 0.087866
11 0.853887 0.094142 0.083110 0.129707
1 0.853887 0.244770 0.083110 0.129707
12 0.853887 0.424686 0.083110 0.129707
17 0.847185 0.596234 0.069705 0.087866
0 0.853887 0.734310 0.083110 0.129707
24 0.836461 0.859833 0.048257 0.079498
33 0.934316 0.071130 0.056300 0.092050
7 0.947721 0.215481 0.083110 0.129707
8 0.947721 0.366109 0.083110 0.129707
10 0.947721 0.516736 0.083110 0.129707
35 0.935657 0.702929 0.058981 0.075314
18 0.938338 0.841004 0.064343 0.092050