22 0.026110 0.082661 0.052219 0.068548
30 0.032637 0.215726 0.065274 0.100806
9 0.040470 0.348790 0.080940 0.125000
10 0.040470 0.497984 0.080940 0.125000
3 0.040470 0.659274 0.080940 0.125000
13 0.040470 0.856855 0.080940 0.125000
19 0.122715 0.080645 0.062663 0.072581
35 0.120104 0.189516 0.057441 0.072581
33 0.118799 0.294355 0.054830 0.088710
23 0.120104 0.419355 0.057441 0.080645
7 0.131854 0.590726 0.080940 0.125000
26 0.118799 0.727823 0.054830 0.092742
0 0.223238 0.094758 0.080940 0.125000
20 0.215405 0.239919 0.065274 0.084677
15 0.219321 0.377016 0.073107 0.084677
32 0.298956 0.500000 0.232376 0.056452
1 0.223238 0.659274 0.080940 0.125000
11 0.223238 0.848790 0.080940 0.125000
17 0.459530 0.062500 0.067885 0.084677
24 0.449086 0.179435 0.046997 0.076613
12 0.466057 0.332661 0.080940 0.125000
14 0.466057 0.530242 0.080940 0.125000
31 0.479112 0.661290 0.107050 0.056452
29 0.453003 0.794355 0.054830 0.096774
8 0.583551 0.086694 0.080940 0.125000
28 0.569191 0.243952 0.052219 0.084677
25 0.720627 0.348790 0.355091 0.068548
2 0.583551 0.481855 0.080940 0.125000
34 0.567885 0.622984 0.049608 0.084677
21 0.567885 0.762097 0.049608 0.072581
6 0.949086 0.106855 0.080940 0.125000
16 0.934726 0.278226 0.052219 0.072581
18 0.939948 0.439516 0.062663 0.088710
5 0.949086 0.618952 0.080940 0.125000
4 0.949086 0.772177 0.080940 0.125000
27 0.932115 0.911290 0.046997 0.072581