18 0.031332 0.088561 0.062663 0.081181
6 0.040470 0.249077 0.080940 0.114391
0 0.040470 0.411439 0.080940 0.114391
33 0.027415 0.579336 0.054830 0.081181
3 0.040470 0.725092 0.080940 0.114391
10 0.040470 0.887454 0.080940 0.114391
20 0.124021 0.094096 0.065274 0.077491
2 0.131854 0.238007 0.080940 0.114391
11 0.131854 0.389299 0.080940 0.114391
13 0.131854 0.566421 0.080940 0.114391
34 0.116188 0.725092 0.049608 0.077491
15 0.127937 0.821033 0.073107 0.077491
5 0.223238 0.105166 0.080940 0.114391
16 0.208877 0.236162 0.052219 0.066421
8 0.223238 0.359779 0.080940 0.114391
25 0.360313 0.470480 0.355091 0.062731
12 0.223238 0.577491 0.080940 0.114391
35 0.211488 0.712177 0.057441 0.066421
14 0.588773 0.097786 0.080940 0.114391
17 0.582245 0.230627 0.067885 0.077491
31 0.601828 0.350554 0.107050 0.051661
22 0.574413 0.429889 0.052219 0.062731
24 0.571802 0.547970 0.046997 0.070111
21 0.573107 0.664207 0.049608 0.066421
27 0.689295 0.088561 0.046997 0.066421
4 0.706266 0.234317 0.080940 0.114391
26 0.693211 0.370849 0.054830 0.084871
32 0.781984 0.457565 0.232376 0.051661
1 0.706266 0.562731 0.080940 0.114391
7 0.706266 0.721402 0.080940 0.114391
28 0.934726 0.057196 0.052219 0.077491
23 0.937337 0.199262 0.057441 0.073801
30 0.941253 0.326568 0.065274 0.092251
29 0.936031 0.468635 0.054830 0.088561
19 0.939948 0.605166 0.062663 0.066421
9 0.949086 0.750923 0.080940 0.114391