29 0.027415 0.098485 0.054830 0.090909
3 0.040470 0.255682 0.080940 0.117424
11 0.040470 0.414773 0.080940 0.117424
27 0.023499 0.571970 0.046997 0.068182
6 0.040470 0.714015 0.080940 0.117424
10 0.040470 0.869318 0.080940 0.117424
34 0.116188 0.092803 0.049608 0.079545
23 0.120104 0.246212 0.057441 0.075758
18 0.122715 0.390152 0.062663 0.083333
1 0.131854 0.535985 0.080940 0.117424
31 0.144909 0.647727 0.107050 0.053030
0 0.131854 0.785985 0.080940 0.117424
13 0.249347 0.085227 0.080940 0.117424
33 0.236292 0.238636 0.054830 0.083333
28 0.234987 0.384470 0.052219 0.079545
32 0.325065 0.484848 0.232376 0.053030
17 0.242820 0.600379 0.067885 0.079545
35 0.237598 0.719697 0.057441 0.068182
16 0.477807 0.087121 0.052219 0.068182
8 0.492167 0.244318 0.080940 0.117424
25 0.629243 0.384470 0.355091 0.064394
26 0.479112 0.501894 0.054830 0.087121
24 0.475196 0.626894 0.046997 0.071970
21 0.476501 0.734848 0.049608 0.068182
22 0.843342 0.073864 0.052219 0.064394
19 0.848564 0.212121 0.062663 0.068182
15 0.853786 0.308712 0.073107 0.079545
12 0.857702 0.482955 0.080940 0.117424
30 0.849869 0.615530 0.065274 0.094697
5 0.857702 0.774621 0.080940 0.117424
20 0.941253 0.058712 0.065274 0.079545
7 0.949086 0.195076 0.080940 0.117424
4 0.949086 0.354167 0.080940 0.117424
14 0.949086 0.509470 0.080940 0.117424
9 0.949086 0.698864 0.080940 0.117424
2 0.949086 0.869318 0.080940 0.117424