17 0.033943 0.071154 0.067885 0.080769
0 0.040470 0.221154 0.080940 0.119231
3 0.040470 0.363462 0.080940 0.119231
21 0.024804 0.484615 0.049608 0.069231
13 0.040470 0.640385 0.080940 0.119231
4 0.040470 0.798077 0.080940 0.119231
22 0.117493 0.078846 0.052219 0.065385
14 0.131854 0.248077 0.080940 0.119231
2 0.131854 0.444231 0.080940 0.119231
24 0.114883 0.563462 0.046997 0.073077
16 0.117493 0.696154 0.052219 0.069231
28 0.117493 0.821154 0.052219 0.080769
9 0.223238 0.105769 0.080940 0.119231
26 0.210183 0.236538 0.054830 0.088462
8 0.223238 0.375000 0.080940 0.119231
18 0.214099 0.507692 0.062663 0.084615
33 0.210183 0.665385 0.054830 0.084615
20 0.215405 0.821154 0.065274 0.080769
15 0.310705 0.071154 0.073107 0.080769
5 0.314621 0.236538 0.080940 0.119231
23 0.302872 0.353846 0.057441 0.076923
30 0.306789 0.482692 0.065274 0.096154
34 0.298956 0.621154 0.049608 0.080769
32 0.390339 0.719231 0.232376 0.053846
31 0.570496 0.073077 0.107050 0.053846
12 0.557441 0.236538 0.080940 0.119231
19 0.548303 0.353846 0.062663 0.069231
7 0.557441 0.517308 0.080940 0.119231
6 0.557441 0.705769 0.080940 0.119231
10 0.557441 0.894231 0.080940 0.119231
11 0.674935 0.086538 0.080940 0.119231
1 0.674935 0.248077 0.080940 0.119231
35 0.663185 0.415385 0.057441 0.069231
29 0.661880 0.546154 0.054830 0.092308
25 0.812010 0.655769 0.355091 0.065385
27 0.657963 0.773077 0.046997 0.069231