3 0.040470 0.087549 0.080940 0.120623
31 0.053525 0.194553 0.107050 0.054475
28 0.026110 0.289883 0.052219 0.081712
21 0.024804 0.404669 0.049608 0.070039
19 0.031332 0.501946 0.062663 0.070039
35 0.028721 0.634241 0.057441 0.070039
6 0.157963 0.083658 0.080940 0.120623
16 0.143603 0.229572 0.052219 0.070039
22 0.143603 0.359922 0.052219 0.066148
11 0.157963 0.488327 0.080940 0.120623
18 0.148825 0.618677 0.062663 0.085603
7 0.157963 0.741245 0.080940 0.120623
0 0.249347 0.110895 0.080940 0.120623
14 0.249347 0.309339 0.080940 0.120623
12 0.249347 0.472763 0.080940 0.120623
27 0.232376 0.622568 0.046997 0.070039
26 0.236292 0.733463 0.054830 0.089494
15 0.245431 0.892996 0.073107 0.081712
9 0.340731 0.087549 0.080940 0.120623
13 0.340731 0.227626 0.080940 0.120623
10 0.340731 0.391051 0.080940 0.120623
8 0.340731 0.577821 0.080940 0.120623
30 0.332898 0.710117 0.065274 0.097276
20 0.332898 0.873541 0.065274 0.081712
17 0.425587 0.083658 0.067885 0.081712
5 0.432115 0.231518 0.080940 0.120623
33 0.419060 0.408560 0.054830 0.085603
34 0.416449 0.519455 0.049608 0.081712
1 0.432115 0.640078 0.080940 0.120623
25 0.569191 0.772374 0.355091 0.066148
2 0.797650 0.099222 0.080940 0.120623
29 0.784595 0.252918 0.054830 0.093385
32 0.873368 0.404669 0.232376 0.054475
23 0.785901 0.540856 0.057441 0.077821
4 0.797650 0.686770 0.080940 0.120623
24 0.780679 0.830739 0.046997 0.073930