29 0.032308 0.095436 0.064615 0.099585
30 0.038462 0.271784 0.076923 0.103734
5 0.047692 0.417012 0.095385 0.128631
27 0.027692 0.597510 0.055385 0.074689
12 0.047692 0.757261 0.095385 0.128631
21 0.029231 0.887967 0.058462 0.074689
14 0.155385 0.114108 0.095385 0.128631
19 0.144615 0.257261 0.073846 0.074689
34 0.136923 0.367220 0.058462 0.087137
8 0.155385 0.508299 0.095385 0.128631
2 0.155385 0.707469 0.095385 0.128631
24 0.135385 0.831950 0.055385 0.078838
0 0.263077 0.122407 0.095385 0.128631
18 0.252308 0.278008 0.073846 0.091286
6 0.263077 0.462656 0.095385 0.128631
7 0.263077 0.624481 0.095385 0.128631
26 0.247692 0.798755 0.064615 0.095436
33 0.247692 0.921162 0.064615 0.091286
25 0.532308 0.085062 0.418462 0.070539
28 0.353846 0.234440 0.061538 0.087137
10 0.370769 0.425311 0.095385 0.128631
32 0.460000 0.560166 0.273846 0.058091
23 0.356923 0.709544 0.067692 0.082988
3 0.370769 0.881743 0.095385 0.128631
9 0.801538 0.126556 0.095385 0.128631
4 0.801538 0.304979 0.095385 0.128631
16 0.784615 0.431535 0.061538 0.074689
31 0.816923 0.568465 0.126154 0.058091
22 0.784615 0.674274 0.061538 0.070539
13 0.801538 0.811203 0.095385 0.128631
15 0.935385 0.072614 0.086154 0.087137
1 0.940000 0.242739 0.095385 0.128631
35 0.926154 0.423237 0.067692 0.074689
17 0.932308 0.570539 0.080000 0.087137
20 0.930769 0.686722 0.076923 0.087137
11 0.940000 0.869295 0.095385 0.128631