11 0.040470 0.115686 0.080940 0.121569
6 0.040470 0.300000 0.080940 0.121569
32 0.116188 0.458824 0.232376 0.054902
0 0.040470 0.625490 0.080940 0.121569
21 0.024804 0.756863 0.049608 0.070588
15 0.036554 0.880392 0.073107 0.082353
10 0.283290 0.092157 0.080940 0.121569
5 0.283290 0.237255 0.080940 0.121569
24 0.266319 0.390196 0.046997 0.074510
31 0.296345 0.501961 0.107050 0.054902
9 0.283290 0.625490 0.080940 0.121569
20 0.275457 0.778431 0.065274 0.082353
26 0.387728 0.068627 0.054830 0.090196
4 0.400783 0.213725 0.080940 0.121569
30 0.392950 0.366667 0.065274 0.098039
22 0.386423 0.500000 0.052219 0.066667
19 0.391645 0.592157 0.062663 0.070588
34 0.385117 0.747059 0.049608 0.082353
7 0.492167 0.100000 0.080940 0.121569
29 0.479112 0.274510 0.054830 0.094118
23 0.480418 0.435294 0.057441 0.078431
33 0.479112 0.545098 0.054830 0.086275
18 0.483029 0.705882 0.062663 0.086275
12 0.492167 0.856863 0.080940 0.121569
25 0.720627 0.052941 0.355091 0.066667
13 0.583551 0.201961 0.080940 0.121569
28 0.569191 0.366667 0.052219 0.082353
3 0.583551 0.539216 0.080940 0.121569
2 0.583551 0.731373 0.080940 0.121569
16 0.569191 0.850980 0.052219 0.070588
35 0.937337 0.074510 0.057441 0.070588
17 0.942559 0.201961 0.067885 0.082353
1 0.949086 0.323529 0.080940 0.121569
8 0.949086 0.484314 0.080940 0.121569
27 0.932115 0.643137 0.046997 0.070588
14 0.949086 0.766667 0.080940 0.121569