3 0.047692 0.111314 0.095385 0.113139
8 0.047692 0.279197 0.095385 0.113139
2 0.047692 0.421533 0.095385 0.113139
10 0.047692 0.593066 0.095385 0.113139
20 0.038462 0.760949 0.076923 0.076642
4 0.047692 0.888686 0.095385 0.113139
21 0.136923 0.083942 0.058462 0.065693
30 0.146154 0.180657 0.076923 0.091241
17 0.147692 0.297445 0.080000 0.076642
31 0.170769 0.379562 0.126154 0.051095
29 0.140000 0.485401 0.064615 0.087591
22 0.138462 0.629562 0.061538 0.062044
34 0.275385 0.067518 0.058462 0.076642
23 0.280000 0.211679 0.067692 0.072993
18 0.283077 0.313869 0.073846 0.080292
16 0.276923 0.437956 0.061538 0.065693
5 0.293846 0.593066 0.095385 0.113139
27 0.273846 0.755474 0.055385 0.065693
12 0.401538 0.100365 0.095385 0.113139
0 0.401538 0.275547 0.095385 0.113139
19 0.390769 0.397810 0.073846 0.065693
13 0.401538 0.541971 0.095385 0.113139
1 0.401538 0.691606 0.095385 0.113139
28 0.384615 0.837591 0.061538 0.076642
33 0.493846 0.076642 0.064615 0.080292
32 0.598462 0.189781 0.273846 0.051095
7 0.509231 0.333942 0.095385 0.113139
24 0.489231 0.479927 0.055385 0.069343
25 0.670769 0.567518 0.418462 0.062044
15 0.504615 0.687956 0.086154 0.076642
14 0.940000 0.082117 0.095385 0.113139
26 0.924615 0.235401 0.064615 0.083942
35 0.926154 0.368613 0.067692 0.065693
9 0.940000 0.479927 0.095385 0.113139
11 0.940000 0.629562 0.095385 0.113139
6 0.940000 0.768248 0.095385 0.113139