30 0.034060 0.092058 0.068120 0.090253
28 0.027248 0.229242 0.054496 0.075812
27 0.024523 0.324910 0.049046 0.064982
35 0.029973 0.454874 0.059946 0.064982
33 0.028610 0.581227 0.057221 0.079422
16 0.027248 0.685921 0.054496 0.064982
9 0.121253 0.077617 0.084469 0.111913
32 0.200272 0.205776 0.242507 0.050542
1 0.121253 0.315884 0.084469 0.111913
15 0.117166 0.449458 0.076294 0.075812
13 0.121253 0.604693 0.084469 0.111913
3 0.121253 0.756318 0.084469 0.111913
22 0.359673 0.052347 0.054496 0.061372
19 0.365123 0.184116 0.065395 0.064982
31 0.388283 0.263538 0.111717 0.050542
25 0.517711 0.391697 0.370572 0.061372
7 0.374659 0.543321 0.084469 0.111913
5 0.374659 0.712996 0.084469 0.111913
11 0.756131 0.092058 0.084469 0.111913
0 0.756131 0.265343 0.084469 0.111913
10 0.756131 0.431408 0.084469 0.111913
14 0.756131 0.579422 0.084469 0.111913
26 0.742507 0.749097 0.057221 0.083032
29 0.742507 0.902527 0.057221 0.086643
12 0.851499 0.099278 0.084469 0.111913
24 0.833787 0.261733 0.049046 0.068592
6 0.851499 0.370036 0.084469 0.111913
21 0.835150 0.501805 0.051771 0.064982
18 0.841962 0.613718 0.065395 0.079422
23 0.839237 0.722022 0.059946 0.072202
34 0.930518 0.074007 0.051771 0.075812
20 0.938692 0.171480 0.068120 0.075812
17 0.940054 0.279783 0.070845 0.075812
2 0.946866 0.406137 0.084469 0.111913
8 0.946866 0.550542 0.084469 0.111913
4 0.946866 0.705776 0.084469 0.111913