25 0.177546 0.060784 0.355091 0.066667
20 0.032637 0.174510 0.065274 0.082353
12 0.040470 0.311765 0.080940 0.121569
29 0.027415 0.462745 0.054830 0.094118
35 0.028721 0.584314 0.057441 0.070588
33 0.027415 0.701961 0.054830 0.086275
18 0.396867 0.070588 0.062663 0.086275
13 0.406005 0.233333 0.080940 0.121569
16 0.391645 0.403922 0.052219 0.070588
19 0.396867 0.537255 0.062663 0.070588
34 0.390339 0.664706 0.049608 0.082353
31 0.419060 0.760784 0.107050 0.054902
30 0.515666 0.092157 0.065274 0.098039
4 0.523499 0.280392 0.080940 0.121569
1 0.523499 0.460784 0.080940 0.121569
2 0.523499 0.605882 0.080940 0.121569
26 0.510444 0.782353 0.054830 0.090196
23 0.511749 0.890196 0.057441 0.078431
28 0.600522 0.068627 0.052219 0.082353
15 0.610966 0.205882 0.073107 0.082353
14 0.614883 0.347059 0.080940 0.121569
21 0.599217 0.517647 0.049608 0.070588
6 0.614883 0.641176 0.080940 0.121569
11 0.614883 0.833333 0.080940 0.121569
8 0.706266 0.107843 0.080940 0.121569
32 0.781984 0.274510 0.232376 0.054902
27 0.689295 0.376471 0.046997 0.070588
24 0.689295 0.511765 0.046997 0.074510
0 0.706266 0.649020 0.080940 0.121569
3 0.706266 0.805882 0.080940 0.121569
10 0.949086 0.096078 0.080940 0.121569
22 0.934726 0.221569 0.052219 0.066667
5 0.949086 0.350980 0.080940 0.121569
7 0.949086 0.496078 0.080940 0.121569
9 0.949086 0.664706 0.080940 0.121569
17 0.942559 0.817647 0.067885 0.082353