24 0.024129 0.086873 0.048257 0.073359
2 0.041555 0.252896 0.083110 0.119691
29 0.028150 0.397683 0.056300 0.092664
3 0.041555 0.542471 0.083110 0.119691
8 0.041555 0.693050 0.083110 0.119691
33 0.028150 0.845560 0.056300 0.084942
30 0.127346 0.090734 0.067024 0.096525
0 0.135389 0.241313 0.083110 0.119691
9 0.135389 0.426641 0.083110 0.119691
26 0.121984 0.550193 0.056300 0.088803
19 0.126005 0.652510 0.064343 0.069498
20 0.127346 0.774131 0.067024 0.081081
12 0.229223 0.106178 0.083110 0.119691
34 0.213137 0.276062 0.050938 0.081081
22 0.214477 0.407336 0.053619 0.065637
18 0.219839 0.548263 0.064343 0.084942
27 0.211796 0.675676 0.048257 0.069498
25 0.369973 0.785714 0.364611 0.065637
7 0.604558 0.113900 0.083110 0.119691
5 0.604558 0.291506 0.083110 0.119691
10 0.604558 0.438224 0.083110 0.119691
15 0.600536 0.577220 0.075067 0.081081
16 0.589812 0.725869 0.053619 0.069498
35 0.592493 0.857143 0.058981 0.069498
21 0.682306 0.065637 0.050938 0.069498
1 0.698391 0.229730 0.083110 0.119691
14 0.698391 0.380309 0.083110 0.119691
6 0.698391 0.573359 0.083110 0.119691
4 0.698391 0.766409 0.083110 0.119691
23 0.686327 0.888031 0.058981 0.077220
17 0.785523 0.067568 0.069705 0.081081
13 0.792225 0.237452 0.083110 0.119691
32 0.869973 0.382239 0.238606 0.054054
11 0.792225 0.511583 0.083110 0.119691
31 0.805630 0.637066 0.109920 0.054054
28 0.777480 0.747104 0.053619 0.081081