13 0.047692 0.086397 0.095385 0.113971
0 0.047692 0.248162 0.095385 0.113971
11 0.047692 0.409926 0.095385 0.113971
10 0.047692 0.597426 0.095385 0.113971
3 0.047692 0.748162 0.095385 0.113971
33 0.032308 0.889706 0.064615 0.080882
5 0.155385 0.097426 0.095385 0.113971
26 0.140000 0.262868 0.064615 0.084559
29 0.140000 0.382353 0.064615 0.088235
27 0.135385 0.525735 0.055385 0.066176
31 0.170769 0.636029 0.126154 0.051471
15 0.150769 0.718750 0.086154 0.077206
28 0.276923 0.071691 0.061538 0.077206
32 0.383077 0.198529 0.273846 0.051471
25 0.455385 0.314338 0.418462 0.062500
22 0.276923 0.409926 0.061538 0.062500
21 0.275385 0.514706 0.058462 0.066176
34 0.275385 0.659926 0.058462 0.077206
23 0.710769 0.055147 0.067692 0.073529
14 0.724615 0.218750 0.095385 0.113971
35 0.710769 0.327206 0.067692 0.066176
30 0.715385 0.446691 0.076923 0.091912
19 0.713846 0.555147 0.073846 0.066176
16 0.707692 0.661765 0.061538 0.066176
12 0.832308 0.090074 0.095385 0.113971
8 0.832308 0.237132 0.095385 0.113971
7 0.832308 0.369485 0.095385 0.113971
24 0.812308 0.509191 0.055385 0.069853
9 0.832308 0.623162 0.095385 0.113971
6 0.832308 0.792279 0.095385 0.113971
20 0.930769 0.060662 0.076923 0.077206
1 0.940000 0.226103 0.095385 0.113971
2 0.940000 0.395221 0.095385 0.113971
4 0.940000 0.582721 0.095385 0.113971
17 0.932308 0.696691 0.080000 0.077206
18 0.929231 0.801471 0.073846 0.080882