8 0.047692 0.100410 0.095385 0.127049
14 0.047692 0.260246 0.095385 0.127049
2 0.047692 0.440574 0.095385 0.127049
28 0.030769 0.567623 0.061538 0.086066
34 0.029231 0.727459 0.058462 0.086066
10 0.047692 0.907787 0.095385 0.127049
6 0.155385 0.104508 0.095385 0.127049
21 0.136923 0.245902 0.058462 0.073770
4 0.155385 0.366803 0.095385 0.127049
13 0.155385 0.518443 0.095385 0.127049
23 0.141538 0.700820 0.067692 0.081967
35 0.141538 0.799180 0.067692 0.073770
17 0.255385 0.063525 0.080000 0.086066
1 0.263077 0.202869 0.095385 0.127049
31 0.278462 0.348361 0.126154 0.057377
9 0.263077 0.522541 0.095385 0.127049
19 0.252308 0.672131 0.073846 0.073770
12 0.263077 0.809426 0.095385 0.127049
3 0.401538 0.092213 0.095385 0.127049
15 0.396923 0.280738 0.086154 0.086066
29 0.386154 0.409836 0.064615 0.098361
30 0.392308 0.575820 0.076923 0.102459
20 0.392308 0.735656 0.076923 0.086066
33 0.386154 0.889344 0.064615 0.090164
0 0.509231 0.120902 0.095385 0.127049
11 0.509231 0.317623 0.095385 0.127049
22 0.492308 0.452869 0.061538 0.069672
24 0.489231 0.579918 0.055385 0.077869
27 0.489231 0.721311 0.055385 0.073770
18 0.498462 0.852459 0.073846 0.090164
5 0.616923 0.100410 0.095385 0.127049
25 0.778462 0.239754 0.418462 0.069672
7 0.616923 0.399590 0.095385 0.127049
26 0.601538 0.563525 0.064615 0.094262
16 0.600000 0.688525 0.061538 0.073770
32 0.706154 0.819672 0.273846 0.057377