5 0.040470 0.111742 0.080940 0.117424
34 0.024804 0.251894 0.049608 0.079545
33 0.027415 0.386364 0.054830 0.083333
16 0.026110 0.534091 0.052219 0.068182
22 0.026110 0.626894 0.052219 0.064394
27 0.023499 0.734848 0.046997 0.068182
8 0.131854 0.077652 0.080940 0.117424
15 0.127937 0.225379 0.073107 0.079545
30 0.124021 0.380682 0.065274 0.094697
3 0.131854 0.547348 0.080940 0.117424
10 0.131854 0.725379 0.080940 0.117424
2 0.131854 0.869318 0.080940 0.117424
23 0.211488 0.087121 0.057441 0.075758
18 0.214099 0.212121 0.062663 0.083333
26 0.210183 0.361742 0.054830 0.087121
31 0.236292 0.492424 0.107050 0.053030
9 0.223238 0.619318 0.080940 0.117424
29 0.210183 0.795455 0.054830 0.090909
13 0.340731 0.111742 0.080940 0.117424
7 0.340731 0.267045 0.080940 0.117424
19 0.331593 0.390152 0.062663 0.068182
11 0.340731 0.547348 0.080940 0.117424
4 0.340731 0.710227 0.080940 0.117424
17 0.334204 0.880682 0.067885 0.079545
14 0.432115 0.111742 0.080940 0.117424
6 0.432115 0.248106 0.080940 0.117424
0 0.432115 0.388258 0.080940 0.117424
28 0.417755 0.554924 0.052219 0.079545
20 0.424282 0.668561 0.065274 0.079545
32 0.507833 0.776515 0.232376 0.053030
35 0.663185 0.056818 0.057441 0.068182
1 0.674935 0.221591 0.080940 0.117424
24 0.657963 0.339015 0.046997 0.071970
12 0.674935 0.460227 0.080940 0.117424
25 0.812010 0.596591 0.355091 0.064394
21 0.659269 0.685606 0.049608 0.068182