16 0.026110 0.079848 0.052219 0.068441
26 0.027415 0.211027 0.054830 0.087452
12 0.040470 0.370722 0.080940 0.117871
34 0.024804 0.522814 0.049608 0.079848
33 0.027415 0.669202 0.054830 0.083650
20 0.032637 0.807985 0.065274 0.079848
0 0.131854 0.115970 0.080940 0.117871
35 0.120104 0.228137 0.057441 0.068441
21 0.116188 0.319392 0.049608 0.068441
30 0.124021 0.454373 0.065274 0.095057
32 0.207572 0.558935 0.232376 0.053232
27 0.114883 0.695817 0.046997 0.068441
14 0.374674 0.100760 0.080940 0.117871
13 0.374674 0.245247 0.080940 0.117871
4 0.374674 0.435361 0.080940 0.117871
2 0.374674 0.617871 0.080940 0.117871
17 0.368146 0.739544 0.067885 0.079848
18 0.365535 0.866920 0.062663 0.083650
19 0.456919 0.064639 0.062663 0.068441
23 0.454308 0.171103 0.057441 0.076046
1 0.466057 0.328897 0.080940 0.117871
5 0.466057 0.515209 0.080940 0.117871
9 0.466057 0.705323 0.080940 0.117871
10 0.466057 0.884030 0.080940 0.117871
25 0.694517 0.074144 0.355091 0.064639
3 0.557441 0.207224 0.080940 0.117871
8 0.557441 0.397338 0.080940 0.117871
7 0.557441 0.572243 0.080940 0.117871
29 0.544386 0.718631 0.054830 0.091255
6 0.557441 0.857414 0.080940 0.117871
28 0.908616 0.081749 0.052219 0.079848
31 0.936031 0.182510 0.107050 0.053232
15 0.919060 0.290875 0.073107 0.079848
22 0.908616 0.423954 0.052219 0.064639
24 0.906005 0.522814 0.046997 0.072243
11 0.922977 0.667300 0.080940 0.117871