8 0.040470 0.082692 0.080940 0.119231
14 0.040470 0.263462 0.080940 0.119231
9 0.040470 0.432692 0.080940 0.119231
32 0.116188 0.592308 0.232376 0.053846
22 0.026110 0.698077 0.052219 0.065385
1 0.040470 0.867308 0.080940 0.119231
27 0.266319 0.053846 0.046997 0.069231
21 0.267624 0.150000 0.049608 0.069231
28 0.268930 0.278846 0.052219 0.080769
7 0.283290 0.409615 0.080940 0.119231
16 0.268930 0.576923 0.052219 0.069231
29 0.270235 0.700000 0.054830 0.092308
2 0.374674 0.105769 0.080940 0.119231
25 0.511749 0.275000 0.355091 0.065385
30 0.366841 0.394231 0.065274 0.096154
19 0.365535 0.496154 0.062663 0.069231
5 0.374674 0.651923 0.080940 0.119231
18 0.365535 0.811538 0.062663 0.084615
33 0.727154 0.069231 0.054830 0.084615
31 0.753264 0.215385 0.107050 0.053846
23 0.728460 0.334615 0.057441 0.076923
12 0.740209 0.467308 0.080940 0.119231
13 0.740209 0.617308 0.080940 0.119231
17 0.733681 0.740385 0.067885 0.080769
20 0.849869 0.067308 0.065274 0.080769
6 0.857702 0.240385 0.080940 0.119231
4 0.857702 0.394231 0.080940 0.119231
34 0.842037 0.563462 0.049608 0.080769
11 0.857702 0.721154 0.080940 0.119231
10 0.857702 0.867308 0.080940 0.119231
24 0.932115 0.071154 0.046997 0.073077
35 0.937337 0.219231 0.057441 0.069231
0 0.949086 0.351923 0.080940 0.119231
3 0.949086 0.517308 0.080940 0.119231
15 0.945170 0.686538 0.073107 0.080769
26 0.936031 0.809615 0.054830 0.088462