21 0.024804 0.054264 0.049608 0.069767
4 0.040470 0.215116 0.080940 0.120155
28 0.026110 0.389535 0.052219 0.081395
23 0.028721 0.500000 0.057441 0.077519
30 0.032637 0.618217 0.065274 0.096899
16 0.026110 0.736434 0.052219 0.069767
25 0.268930 0.071705 0.355091 0.065891
10 0.131854 0.226744 0.080940 0.120155
33 0.118799 0.360465 0.054830 0.085271
29 0.118799 0.511628 0.054830 0.093023
8 0.131854 0.653101 0.080940 0.120155
26 0.118799 0.808140 0.054830 0.089147
32 0.573107 0.081395 0.232376 0.054264
20 0.489556 0.187984 0.065274 0.081395
6 0.497389 0.319767 0.080940 0.120155
19 0.488251 0.461240 0.062663 0.069767
0 0.497389 0.622093 0.080940 0.120155
14 0.497389 0.761628 0.080940 0.120155
22 0.725849 0.071705 0.052219 0.065891
12 0.740209 0.222868 0.080940 0.120155
18 0.731070 0.379845 0.062663 0.085271
27 0.723238 0.531008 0.046997 0.069767
9 0.740209 0.703488 0.080940 0.120155
13 0.740209 0.885659 0.080940 0.120155
34 0.815927 0.098837 0.049608 0.081395
7 0.831593 0.277132 0.080940 0.120155
31 0.844648 0.418605 0.107050 0.054264
15 0.827676 0.560078 0.073107 0.081395
3 0.831593 0.684109 0.080940 0.120155
1 0.831593 0.843023 0.080940 0.120155
5 0.949086 0.079457 0.080940 0.120155
17 0.942559 0.246124 0.067885 0.081395
24 0.932115 0.393411 0.046997 0.073643
11 0.949086 0.521318 0.080940 0.120155
35 0.937337 0.689922 0.057441 0.069767
2 0.949086 0.843023 0.080940 0.120155