8 0.040470 0.105364 0.080940 0.118774
15 0.036554 0.224138 0.073107 0.080460
5 0.040470 0.377395 0.080940 0.118774
33 0.027415 0.513410 0.054830 0.084291
34 0.024804 0.668582 0.049608 0.080460
18 0.031332 0.777778 0.062663 0.084291
32 0.207572 0.057471 0.232376 0.053640
17 0.125326 0.159004 0.067885 0.080460
19 0.122715 0.298851 0.062663 0.068966
29 0.118799 0.429119 0.054830 0.091954
20 0.124021 0.588123 0.065274 0.080460
22 0.117493 0.691571 0.052219 0.065134
30 0.366841 0.070881 0.065274 0.095785
21 0.359008 0.226054 0.049608 0.068966
31 0.387728 0.314176 0.107050 0.053640
9 0.374674 0.473180 0.080940 0.118774
12 0.374674 0.634100 0.080940 0.118774
24 0.357702 0.749042 0.046997 0.072797
14 0.492167 0.093870 0.080940 0.118774
6 0.492167 0.262452 0.080940 0.118774
25 0.629243 0.423372 0.355091 0.065134
28 0.477807 0.515326 0.052219 0.080460
0 0.492167 0.637931 0.080940 0.118774
7 0.492167 0.833333 0.080940 0.118774
13 0.857702 0.093870 0.080940 0.118774
35 0.845953 0.229885 0.057441 0.068966
26 0.844648 0.377395 0.054830 0.088123
11 0.857702 0.511494 0.080940 0.118774
23 0.845953 0.628352 0.057441 0.076628
1 0.857702 0.779693 0.080940 0.118774
2 0.949086 0.090038 0.080940 0.118774
4 0.949086 0.273946 0.080940 0.118774
27 0.932115 0.432950 0.046997 0.068966
3 0.949086 0.599617 0.080940 0.118774
10 0.949086 0.775862 0.080940 0.118774
16 0.934726 0.908046 0.052219 0.068966