5 0.047692 0.104082 0.095385 0.126531
24 0.027692 0.251020 0.055385 0.077551
11 0.047692 0.377551 0.095385 0.126531
2 0.047692 0.536735 0.095385 0.126531
16 0.030769 0.665306 0.061538 0.073469
34 0.029231 0.814286 0.058462 0.085714
7 0.155385 0.104082 0.095385 0.126531
20 0.146154 0.291837 0.076923 0.085714
26 0.140000 0.410204 0.064615 0.093878
28 0.138462 0.548980 0.061538 0.085714
21 0.136923 0.648980 0.058462 0.073469
0 0.155385 0.797959 0.095385 0.126531
25 0.424615 0.055102 0.418462 0.069388
6 0.263077 0.218367 0.095385 0.126531
10 0.263077 0.377551 0.095385 0.126531
35 0.249231 0.551020 0.067692 0.073469
18 0.252308 0.689796 0.073846 0.089796
32 0.352308 0.828571 0.273846 0.057143
31 0.709231 0.073469 0.126154 0.057143
8 0.693846 0.234694 0.095385 0.126531
1 0.693846 0.381633 0.095385 0.126531
12 0.693846 0.577551 0.095385 0.126531
30 0.684615 0.728571 0.076923 0.102041
22 0.676923 0.842857 0.061538 0.069388
29 0.816923 0.097959 0.064615 0.097959
4 0.832308 0.246939 0.095385 0.126531
9 0.832308 0.442857 0.095385 0.126531
27 0.812308 0.608163 0.055385 0.073469
33 0.816923 0.751020 0.064615 0.089796
15 0.827692 0.887755 0.086154 0.085714
17 0.932308 0.087755 0.080000 0.085714
23 0.926154 0.216327 0.067692 0.081633
3 0.940000 0.361224 0.095385 0.126531
14 0.940000 0.508163 0.095385 0.126531
13 0.940000 0.687755 0.095385 0.126531
19 0.929231 0.869388 0.073846 0.073469