0 0.040470 0.084980 0.080940 0.122530
32 0.116188 0.241107 0.232376 0.055336
14 0.040470 0.409091 0.080940 0.122530
34 0.024804 0.575099 0.049608 0.083004
20 0.032637 0.717391 0.065274 0.083004
33 0.027415 0.861660 0.054830 0.086957
28 0.268930 0.088933 0.052219 0.083004
2 0.283290 0.223320 0.080940 0.122530
17 0.276762 0.369565 0.067885 0.083004
4 0.283290 0.543478 0.080940 0.122530
29 0.270235 0.691700 0.054830 0.094862
25 0.420366 0.828063 0.355091 0.067194
12 0.648825 0.112648 0.080940 0.122530
18 0.639687 0.260870 0.062663 0.086957
21 0.633159 0.399209 0.049608 0.071146
3 0.648825 0.551383 0.080940 0.122530
19 0.639687 0.687747 0.062663 0.071146
31 0.661880 0.818182 0.107050 0.055336
1 0.766319 0.088933 0.080940 0.122530
30 0.758486 0.262846 0.065274 0.098814
35 0.754569 0.422925 0.057441 0.071146
13 0.766319 0.594862 0.080940 0.122530
22 0.751958 0.721344 0.052219 0.067194
6 0.766319 0.863636 0.080940 0.122530
24 0.840731 0.088933 0.046997 0.075099
10 0.857702 0.219368 0.080940 0.122530
16 0.843342 0.363636 0.052219 0.071146
23 0.845953 0.490119 0.057441 0.079051
5 0.857702 0.654150 0.080940 0.122530
26 0.844648 0.828063 0.054830 0.090909
7 0.949086 0.100791 0.080940 0.122530
8 0.949086 0.294466 0.080940 0.122530
15 0.945170 0.416996 0.073107 0.083004
11 0.949086 0.579051 0.080940 0.122530
9 0.949086 0.756917 0.080940 0.122530
27 0.932115 0.905138 0.046997 0.071146