28 0.028017 0.076923 0.056034 0.071795
2 0.045259 0.192308 0.090517 0.107692
32 0.133621 0.305128 0.267241 0.046154
3 0.045259 0.474359 0.090517 0.107692
33 0.030172 0.612821 0.060345 0.076923
25 0.206897 0.766667 0.413793 0.056410
12 0.476293 0.115385 0.090517 0.107692
10 0.476293 0.310256 0.090517 0.107692
27 0.456897 0.435897 0.051724 0.061538
14 0.476293 0.556410 0.090517 0.107692
35 0.463362 0.728205 0.064655 0.061538
24 0.456897 0.866667 0.051724 0.061538
0 0.584052 0.084615 0.090517 0.107692
22 0.566810 0.223077 0.056034 0.056410
9 0.584052 0.346154 0.090517 0.107692
11 0.584052 0.520513 0.090517 0.107692
13 0.584052 0.694872 0.090517 0.107692
17 0.575431 0.835897 0.073276 0.071795
23 0.678879 0.100000 0.064655 0.066667
5 0.691810 0.238462 0.090517 0.107692
1 0.691810 0.387179 0.090517 0.107692
20 0.683190 0.543590 0.073276 0.071795
31 0.706897 0.700000 0.120690 0.046154
16 0.674569 0.835897 0.056034 0.061538
21 0.810345 0.071795 0.051724 0.061538
34 0.810345 0.205128 0.051724 0.071795
7 0.829741 0.376923 0.090517 0.107692
30 0.821121 0.535897 0.073276 0.087179
18 0.818966 0.648718 0.068966 0.076923
15 0.825431 0.805128 0.081897 0.071795
8 0.937500 0.105128 0.090517 0.107692
6 0.937500 0.274359 0.090517 0.107692
29 0.922414 0.405128 0.060345 0.082051
4 0.937500 0.530769 0.090517 0.107692
26 0.922414 0.648718 0.060345 0.076923
19 0.926724 0.800000 0.068966 0.061538