20 0.031136 0.112903 0.062271 0.075269
2 0.038462 0.233871 0.076923 0.112903
4 0.038462 0.389785 0.076923 0.112903
9 0.038462 0.583333 0.076923 0.112903
7 0.038462 0.744624 0.076923 0.112903
29 0.025641 0.892473 0.051282 0.086022
23 0.119048 0.072581 0.054945 0.069892
8 0.130037 0.244624 0.076923 0.112903
24 0.113553 0.381720 0.043956 0.064516
5 0.130037 0.561828 0.076923 0.112903
33 0.117216 0.744624 0.051282 0.080645
12 0.130037 0.895161 0.076923 0.112903
26 0.208791 0.083333 0.051282 0.080645
30 0.214286 0.228495 0.062271 0.091398
3 0.221612 0.379032 0.076923 0.112903
14 0.221612 0.534946 0.076923 0.112903
25 0.358974 0.690860 0.351648 0.059140
28 0.206960 0.801075 0.047619 0.075269
35 0.576923 0.059140 0.054945 0.064516
1 0.587912 0.180108 0.076923 0.112903
19 0.578755 0.349462 0.058608 0.064516
17 0.580586 0.500000 0.062271 0.075269
22 0.573260 0.631720 0.047619 0.059140
10 0.587912 0.771505 0.076923 0.112903
11 0.679487 0.094086 0.076923 0.112903
32 0.754579 0.266129 0.227106 0.048387
21 0.663004 0.381720 0.043956 0.064516
6 0.679487 0.534946 0.076923 0.112903
16 0.664835 0.672043 0.047619 0.064516
18 0.670330 0.841398 0.058608 0.080645
31 0.934066 0.072581 0.102564 0.048387
13 0.921245 0.212366 0.076923 0.112903
27 0.904762 0.365591 0.043956 0.064516
0 0.921245 0.502688 0.076923 0.112903
15 0.917582 0.655914 0.069597 0.075269
34 0.904762 0.838710 0.043956 0.075269