5 0.038462 0.074879 0.076923 0.101449
7 0.038462 0.214976 0.076923 0.101449
22 0.023810 0.374396 0.047619 0.053140
11 0.038462 0.548309 0.076923 0.101449
14 0.038462 0.673913 0.076923 0.101449
3 0.038462 0.871981 0.076923 0.101449
24 0.113553 0.082126 0.043956 0.057971
2 0.130037 0.248792 0.076923 0.101449
18 0.120879 0.384058 0.058608 0.072464
29 0.117216 0.516908 0.051282 0.077295
26 0.117216 0.673913 0.051282 0.072464
23 0.119048 0.809179 0.054945 0.062802
31 0.234432 0.070048 0.102564 0.043478
13 0.221612 0.166667 0.076923 0.101449
21 0.205128 0.270531 0.043956 0.057971
4 0.221612 0.403382 0.076923 0.101449
33 0.208791 0.538647 0.051282 0.072464
9 0.221612 0.717391 0.076923 0.101449
17 0.331502 0.106280 0.062271 0.067633
6 0.338828 0.268116 0.076923 0.101449
20 0.331502 0.391304 0.062271 0.067633
25 0.476190 0.509662 0.351648 0.053140
0 0.338828 0.649758 0.076923 0.101449
12 0.338828 0.799517 0.076923 0.101449
8 0.705128 0.084541 0.076923 0.101449
35 0.694139 0.202899 0.054945 0.057971
34 0.688645 0.357488 0.043956 0.067633
27 0.688645 0.463768 0.043956 0.057971
16 0.690476 0.555556 0.047619 0.057971
1 0.705128 0.669082 0.076923 0.101449
32 0.871795 0.070048 0.227106 0.043478
15 0.793040 0.159420 0.069597 0.067633
19 0.787546 0.318841 0.058608 0.057971
30 0.789377 0.471014 0.062271 0.082126
28 0.782051 0.613527 0.047619 0.067633
10 0.796703 0.794686 0.076923 0.101449