12 0.039474 0.108173 0.078947 0.100962
18 0.030075 0.218750 0.060150 0.072115
20 0.031955 0.360577 0.063910 0.067308
34 0.022556 0.471154 0.045113 0.067308
16 0.024436 0.557692 0.048872 0.057692
23 0.028195 0.665865 0.056391 0.062500
35 0.122180 0.072115 0.056391 0.057692
17 0.125940 0.216346 0.063910 0.067308
8 0.133459 0.334135 0.078947 0.100962
26 0.120301 0.463942 0.052632 0.072115
7 0.133459 0.584135 0.078947 0.100962
14 0.133459 0.752404 0.078947 0.100962
10 0.227444 0.079327 0.078947 0.100962
22 0.212406 0.204327 0.048872 0.052885
21 0.210526 0.331731 0.045113 0.057692
29 0.214286 0.471154 0.052632 0.076923
28 0.212406 0.600962 0.048872 0.067308
27 0.210526 0.701923 0.045113 0.057692
2 0.321429 0.122596 0.078947 0.100962
6 0.321429 0.290865 0.078947 0.100962
30 0.313910 0.444712 0.063910 0.081731
9 0.321429 0.593750 0.078947 0.100962
11 0.321429 0.742788 0.078947 0.100962
13 0.321429 0.872596 0.078947 0.100962
1 0.415414 0.088942 0.078947 0.100962
0 0.415414 0.286058 0.078947 0.100962
15 0.411654 0.413462 0.071429 0.067308
25 0.556391 0.526442 0.360902 0.052885
3 0.415414 0.670673 0.078947 0.100962
24 0.398496 0.846154 0.045113 0.057692
32 0.868421 0.050481 0.233083 0.043269
4 0.791353 0.194712 0.078947 0.100962
31 0.804511 0.324519 0.105263 0.043269
5 0.791353 0.459135 0.078947 0.100962
33 0.778195 0.603365 0.052632 0.072115
19 0.781955 0.711538 0.060150 0.057692