22 0.023810 0.080311 0.047619 0.056995
28 0.023810 0.186528 0.047619 0.072539
2 0.038462 0.339378 0.076923 0.108808
32 0.113553 0.443005 0.227106 0.046632
14 0.038462 0.588083 0.076923 0.108808
3 0.038462 0.795337 0.076923 0.108808
19 0.271062 0.072539 0.058608 0.062176
16 0.265568 0.196891 0.047619 0.062176
26 0.267399 0.329016 0.051282 0.077720
5 0.280220 0.489637 0.076923 0.108808
34 0.263736 0.626943 0.043956 0.072539
25 0.417582 0.769430 0.351648 0.056995
10 0.646520 0.080311 0.076923 0.108808
1 0.646520 0.225389 0.076923 0.108808
7 0.646520 0.380829 0.076923 0.108808
17 0.639194 0.569948 0.062271 0.072539
20 0.639194 0.746114 0.062271 0.072539
15 0.642857 0.870466 0.069597 0.072539
23 0.727106 0.085492 0.054945 0.067358
18 0.728938 0.199482 0.058608 0.077720
8 0.738095 0.365285 0.076923 0.108808
4 0.738095 0.515544 0.076923 0.108808
24 0.721612 0.658031 0.043956 0.062176
0 0.738095 0.847150 0.076923 0.108808
29 0.816850 0.093264 0.051282 0.082902
35 0.818681 0.222798 0.054945 0.062176
12 0.829670 0.375648 0.076923 0.108808
33 0.816850 0.541451 0.051282 0.077720
21 0.813187 0.652850 0.043956 0.062176
27 0.813187 0.787565 0.043956 0.062176
30 0.913919 0.116580 0.062271 0.088083
9 0.921245 0.266839 0.076923 0.108808
11 0.921245 0.463731 0.076923 0.108808
31 0.934066 0.634715 0.102564 0.046632
13 0.921245 0.738342 0.076923 0.108808
6 0.921245 0.893782 0.076923 0.108808