34 0.022556 0.098522 0.045113 0.068966
21 0.022556 0.187192 0.045113 0.059113
4 0.039474 0.337438 0.078947 0.103448
7 0.039474 0.480296 0.078947 0.103448
18 0.030075 0.593596 0.060150 0.073892
24 0.022556 0.733990 0.045113 0.059113
12 0.133459 0.086207 0.078947 0.103448
11 0.133459 0.233990 0.078947 0.103448
25 0.274436 0.381773 0.360902 0.054187
2 0.133459 0.554187 0.078947 0.103448
30 0.125940 0.692118 0.063910 0.083744
5 0.133459 0.839901 0.078947 0.103448
15 0.505639 0.103448 0.071429 0.068966
3 0.509398 0.214286 0.078947 0.103448
26 0.496241 0.337438 0.052632 0.073892
19 0.500000 0.458128 0.060150 0.059113
1 0.509398 0.583744 0.078947 0.103448
28 0.494361 0.753695 0.048872 0.068966
22 0.588346 0.100985 0.048872 0.054187
29 0.590226 0.236453 0.052632 0.078818
10 0.603383 0.416256 0.078947 0.103448
33 0.590226 0.598522 0.052632 0.073892
0 0.603383 0.736453 0.078947 0.103448
35 0.592105 0.871921 0.056391 0.059113
32 0.774436 0.071429 0.233083 0.044335
27 0.680451 0.216749 0.045113 0.059113
13 0.697368 0.362069 0.078947 0.103448
14 0.697368 0.495074 0.078947 0.103448
20 0.689850 0.630542 0.063910 0.068966
31 0.710526 0.766010 0.105263 0.044335
6 0.945489 0.081281 0.078947 0.103448
8 0.945489 0.238916 0.078947 0.103448
9 0.945489 0.371921 0.078947 0.103448
17 0.937970 0.487685 0.063910 0.068966
16 0.930451 0.600985 0.048872 0.059113
23 0.934211 0.721675 0.056391 0.064039