20 0.037778 0.079439 0.075556 0.065421
14 0.046667 0.231308 0.093333 0.098131
10 0.046667 0.371495 0.093333 0.098131
35 0.033333 0.481308 0.066667 0.056075
33 0.031111 0.581776 0.062222 0.070093
17 0.037778 0.742991 0.075556 0.065421
11 0.157778 0.091121 0.093333 0.098131
29 0.142222 0.224299 0.062222 0.074766
8 0.157778 0.390187 0.093333 0.098131
16 0.140000 0.546729 0.057778 0.056075
5 0.157778 0.651869 0.093333 0.098131
34 0.137778 0.794393 0.053333 0.065421
6 0.268889 0.081776 0.093333 0.098131
21 0.248889 0.224299 0.053333 0.056075
22 0.251111 0.348131 0.057778 0.051402
27 0.248889 0.485981 0.053333 0.056075
4 0.268889 0.656542 0.093333 0.098131
23 0.255556 0.787383 0.066667 0.060748
9 0.380000 0.114486 0.093333 0.098131
2 0.380000 0.245327 0.093333 0.098131
19 0.368889 0.415888 0.071111 0.056075
12 0.380000 0.581776 0.093333 0.098131
7 0.380000 0.773364 0.093333 0.098131
28 0.362222 0.925234 0.057778 0.065421
15 0.486667 0.102804 0.084444 0.065421
32 0.582222 0.207944 0.275556 0.042056
18 0.480000 0.306075 0.071111 0.070093
25 0.657778 0.422897 0.426667 0.051402
31 0.506667 0.553738 0.124444 0.042056
3 0.491111 0.661215 0.093333 0.098131
30 0.926667 0.100467 0.075556 0.079439
1 0.935556 0.221963 0.093333 0.098131
26 0.920000 0.352804 0.062222 0.070093
24 0.915556 0.439252 0.053333 0.056075
0 0.935556 0.563084 0.093333 0.098131
13 0.935556 0.754673 0.093333 0.098131