30 0.031136 0.114078 0.062271 0.082524
12 0.038462 0.274272 0.076923 0.101942
29 0.025641 0.432039 0.051282 0.077670
22 0.023810 0.565534 0.047619 0.053398
0 0.038462 0.725728 0.076923 0.101942
32 0.113553 0.876214 0.227106 0.043689
23 0.269231 0.099515 0.054945 0.063107
20 0.272894 0.203883 0.062271 0.067961
9 0.280220 0.366505 0.076923 0.101942
6 0.280220 0.492718 0.076923 0.101942
24 0.263736 0.626214 0.043956 0.058252
5 0.280220 0.769417 0.076923 0.101942
18 0.362637 0.104369 0.058608 0.072816
34 0.355311 0.271845 0.043956 0.067961
10 0.371795 0.429612 0.076923 0.101942
3 0.371795 0.599515 0.076923 0.101942
11 0.371795 0.745146 0.076923 0.101942
4 0.371795 0.885922 0.076923 0.101942
13 0.463370 0.080097 0.076923 0.101942
33 0.450549 0.245146 0.051282 0.072816
15 0.459707 0.393204 0.069597 0.067961
25 0.600733 0.502427 0.351648 0.053398
28 0.448718 0.660194 0.047619 0.067961
1 0.463370 0.803398 0.076923 0.101942
31 0.842491 0.094660 0.102564 0.043689
7 0.829670 0.240291 0.076923 0.101942
26 0.816850 0.419903 0.051282 0.072816
27 0.813187 0.519417 0.043956 0.058252
19 0.820513 0.626214 0.058608 0.058252
16 0.815018 0.733010 0.047619 0.058252
14 0.946886 0.109223 0.076923 0.101942
35 0.935897 0.237864 0.054945 0.058252
17 0.939560 0.364078 0.062271 0.067961
21 0.930403 0.451456 0.043956 0.058252
2 0.946886 0.565534 0.076923 0.101942
8 0.946886 0.745146 0.076923 0.101942