21 0.022556 0.063725 0.045113 0.058824
23 0.028195 0.203431 0.056391 0.063725
17 0.031955 0.348039 0.063910 0.068627
32 0.116541 0.453431 0.233083 0.044118
0 0.039474 0.561275 0.078947 0.102941
16 0.024436 0.710784 0.048872 0.058824
34 0.270677 0.093137 0.045113 0.068627
4 0.287594 0.218137 0.078947 0.102941
30 0.280075 0.360294 0.063910 0.083333
6 0.287594 0.502451 0.078947 0.102941
8 0.287594 0.693627 0.078947 0.102941
1 0.287594 0.884804 0.078947 0.102941
28 0.366541 0.098039 0.048872 0.068627
22 0.366541 0.242647 0.048872 0.053922
19 0.372180 0.357843 0.060150 0.058824
14 0.381579 0.492647 0.078947 0.102941
33 0.368421 0.674020 0.052632 0.073529
13 0.381579 0.840686 0.078947 0.102941
27 0.458647 0.083333 0.045113 0.058824
18 0.466165 0.227941 0.060150 0.073529
11 0.475564 0.379902 0.078947 0.102941
10 0.475564 0.566176 0.078947 0.102941
15 0.471805 0.681373 0.071429 0.068627
12 0.475564 0.830882 0.078947 0.102941
25 0.710526 0.100490 0.360902 0.053922
31 0.582707 0.213235 0.105263 0.044118
7 0.569549 0.379902 0.078947 0.102941
20 0.562030 0.558824 0.063910 0.068627
3 0.569549 0.742647 0.078947 0.102941
5 0.569549 0.909314 0.078947 0.102941
29 0.932331 0.063725 0.052632 0.078431
2 0.945489 0.223039 0.078947 0.102941
26 0.932331 0.375000 0.052632 0.073529
9 0.945489 0.492647 0.078947 0.102941
35 0.934211 0.666667 0.056391 0.058824
24 0.928571 0.808824 0.045113 0.058824