17 0.031136 0.087629 0.062271 0.072165
8 0.038462 0.250000 0.076923 0.108247
27 0.021978 0.381443 0.043956 0.061856
11 0.038462 0.523196 0.076923 0.108247
10 0.038462 0.688144 0.076923 0.108247
32 0.113553 0.858247 0.227106 0.046392
29 0.267399 0.067010 0.051282 0.082474
12 0.280220 0.260309 0.076923 0.108247
6 0.280220 0.404639 0.076923 0.108247
33 0.267399 0.533505 0.051282 0.077320
20 0.272894 0.644330 0.062271 0.072165
28 0.265568 0.752577 0.047619 0.072165
22 0.357143 0.064433 0.047619 0.056701
9 0.371795 0.172680 0.076923 0.108247
25 0.509158 0.317010 0.351648 0.056701
15 0.368132 0.469072 0.069597 0.072165
26 0.358974 0.615979 0.051282 0.077320
1 0.371795 0.750000 0.076923 0.108247
18 0.728938 0.085052 0.058608 0.077320
31 0.750916 0.182990 0.102564 0.046392
19 0.728938 0.262887 0.058608 0.061856
7 0.738095 0.435567 0.076923 0.108247
23 0.727106 0.600515 0.054945 0.067010
14 0.738095 0.775773 0.076923 0.108247
35 0.844322 0.072165 0.054945 0.061856
13 0.855311 0.198454 0.076923 0.108247
34 0.838828 0.345361 0.043956 0.072165
16 0.840659 0.443299 0.047619 0.061856
24 0.838828 0.597938 0.043956 0.061856
2 0.855311 0.775773 0.076923 0.108247
4 0.946886 0.126289 0.076923 0.108247
30 0.939560 0.301546 0.062271 0.087629
21 0.930403 0.422680 0.043956 0.061856
3 0.946886 0.554124 0.076923 0.108247
5 0.946886 0.688144 0.076923 0.108247
0 0.946886 0.894330 0.076923 0.108247