35 0.028195 0.059701 0.056391 0.059701
17 0.031955 0.208955 0.063910 0.069652
3 0.039474 0.370647 0.078947 0.104478
24 0.022556 0.502488 0.045113 0.059701
33 0.026316 0.614428 0.052632 0.074627
4 0.039474 0.738806 0.078947 0.104478
22 0.118421 0.067164 0.048872 0.054726
14 0.133459 0.176617 0.078947 0.104478
9 0.133459 0.345771 0.078947 0.104478
1 0.133459 0.504975 0.078947 0.104478
13 0.133459 0.664179 0.078947 0.104478
10 0.133459 0.823383 0.078947 0.104478
16 0.212406 0.079602 0.048872 0.059701
5 0.227444 0.261194 0.078947 0.104478
30 0.219925 0.430348 0.063910 0.084577
26 0.214286 0.559701 0.052632 0.074627
21 0.210526 0.691542 0.045113 0.059701
29 0.214286 0.800995 0.052632 0.079602
25 0.462406 0.072139 0.360902 0.054726
31 0.334586 0.171642 0.105263 0.044776
20 0.313910 0.303483 0.063910 0.069652
23 0.310150 0.440299 0.056391 0.064677
0 0.321429 0.599502 0.078947 0.104478
15 0.317669 0.711443 0.071429 0.069652
32 0.774436 0.082090 0.233083 0.044776
2 0.697368 0.251244 0.078947 0.104478
8 0.697368 0.445274 0.078947 0.104478
19 0.687970 0.597015 0.060150 0.059701
27 0.680451 0.736318 0.045113 0.059701
6 0.697368 0.858209 0.078947 0.104478
7 0.945489 0.092040 0.078947 0.104478
34 0.928571 0.203980 0.045113 0.069652
11 0.945489 0.330846 0.078947 0.104478
18 0.936090 0.509950 0.060150 0.074627
28 0.930451 0.676617 0.048872 0.069652
12 0.945489 0.793532 0.078947 0.104478