1 0.045259 0.111979 0.090517 0.109375
20 0.036638 0.276042 0.073276 0.072917
17 0.036638 0.437500 0.073276 0.072917
23 0.032328 0.533854 0.064655 0.067708
27 0.025862 0.697917 0.051724 0.062500
13 0.045259 0.846354 0.090517 0.109375
28 0.135776 0.093750 0.056034 0.072917
2 0.153017 0.273438 0.090517 0.109375
4 0.153017 0.466146 0.090517 0.109375
9 0.153017 0.601562 0.090517 0.109375
34 0.133621 0.729167 0.051724 0.072917
3 0.153017 0.877604 0.090517 0.109375
32 0.349138 0.054688 0.267241 0.046875
11 0.260776 0.174479 0.090517 0.109375
30 0.252155 0.351562 0.073276 0.088542
21 0.241379 0.520833 0.051724 0.062500
0 0.260776 0.705729 0.090517 0.109375
25 0.422414 0.856771 0.413793 0.057292
15 0.687500 0.067708 0.081897 0.072917
31 0.706897 0.205729 0.120690 0.046875
33 0.676724 0.299479 0.060345 0.078125
14 0.691810 0.476562 0.090517 0.109375
35 0.678879 0.614583 0.064655 0.062500
7 0.691810 0.804688 0.090517 0.109375
19 0.818966 0.104167 0.068966 0.062500
29 0.814655 0.276042 0.060345 0.083333
18 0.818966 0.445312 0.068966 0.078125
12 0.829741 0.596354 0.090517 0.109375
10 0.829741 0.742188 0.090517 0.109375
16 0.812500 0.854167 0.056034 0.062500
26 0.922414 0.075521 0.060345 0.078125
6 0.937500 0.195312 0.090517 0.109375
24 0.918103 0.375000 0.051724 0.062500
22 0.920259 0.492188 0.056034 0.057292
5 0.937500 0.679688 0.090517 0.109375
8 0.937500 0.846354 0.090517 0.109375