11 0.045259 0.121762 0.090517 0.108808
30 0.036638 0.251295 0.073276 0.088083
31 0.060345 0.349741 0.120690 0.046632
16 0.028017 0.471503 0.056034 0.062176
19 0.034483 0.616580 0.068966 0.062176
1 0.045259 0.743523 0.090517 0.108808
9 0.183190 0.085492 0.090517 0.108808
26 0.168103 0.240933 0.060345 0.077720
7 0.183190 0.417098 0.090517 0.108808
24 0.163793 0.606218 0.051724 0.062176
27 0.163793 0.725389 0.051724 0.062176
8 0.183190 0.873057 0.090517 0.108808
6 0.290948 0.101036 0.090517 0.108808
33 0.275862 0.235751 0.060345 0.077720
0 0.290948 0.396373 0.090517 0.108808
14 0.290948 0.551813 0.090517 0.108808
34 0.271552 0.668394 0.051724 0.072539
35 0.278017 0.797927 0.064655 0.062176
4 0.398707 0.116580 0.090517 0.108808
23 0.385776 0.240933 0.064655 0.067358
15 0.394397 0.373057 0.081897 0.072539
21 0.379310 0.497409 0.051724 0.062176
10 0.398707 0.686528 0.090517 0.108808
18 0.387931 0.821244 0.068966 0.077720
12 0.506466 0.080311 0.090517 0.108808
22 0.489224 0.240933 0.056034 0.056995
5 0.506466 0.370466 0.090517 0.108808
2 0.506466 0.541451 0.090517 0.108808
3 0.506466 0.743523 0.090517 0.108808
20 0.497845 0.932642 0.073276 0.072539
25 0.775862 0.069948 0.413793 0.056995
17 0.605603 0.176166 0.073276 0.072539
28 0.596983 0.274611 0.056034 0.072539
32 0.702586 0.427461 0.267241 0.046632
13 0.614224 0.598446 0.090517 0.108808
29 0.599138 0.797927 0.060345 0.082902