17 0.031955 0.065657 0.063910 0.070707
28 0.024436 0.166667 0.048872 0.070707
3 0.039474 0.295455 0.078947 0.106061
26 0.026316 0.477273 0.052632 0.075758
20 0.031955 0.601010 0.063910 0.070707
14 0.039474 0.760101 0.078947 0.106061
33 0.120301 0.103535 0.052632 0.075758
22 0.118421 0.209596 0.048872 0.055556
24 0.116541 0.353535 0.045113 0.060606
23 0.122180 0.457071 0.056391 0.065657
30 0.125940 0.578283 0.063910 0.085859
5 0.133459 0.724747 0.078947 0.106061
18 0.218045 0.063131 0.060150 0.075758
13 0.227444 0.194444 0.078947 0.106061
6 0.227444 0.356061 0.078947 0.106061
0 0.227444 0.563131 0.078947 0.106061
27 0.210526 0.691919 0.045113 0.060606
29 0.214286 0.838384 0.052632 0.080808
16 0.306391 0.106061 0.048872 0.060606
19 0.312030 0.207071 0.060150 0.060606
9 0.321429 0.356061 0.078947 0.106061
2 0.321429 0.547980 0.078947 0.106061
8 0.321429 0.714646 0.078947 0.106061
25 0.462406 0.866162 0.360902 0.055556
10 0.697368 0.093434 0.078947 0.106061
12 0.697368 0.280303 0.078947 0.106061
4 0.697368 0.457071 0.078947 0.106061
35 0.686090 0.641414 0.056391 0.060606
7 0.697368 0.780303 0.078947 0.106061
11 0.697368 0.911616 0.078947 0.106061
31 0.804511 0.073232 0.105263 0.045455
34 0.774436 0.171717 0.045113 0.070707
21 0.774436 0.338384 0.045113 0.060606
32 0.868421 0.441919 0.233083 0.045455
1 0.791353 0.613636 0.078947 0.106061
15 0.787594 0.797980 0.071429 0.070707