34 0.025862 0.071770 0.051724 0.066986
7 0.045259 0.179426 0.090517 0.100478
18 0.034483 0.361244 0.068966 0.071770
6 0.045259 0.509569 0.090517 0.100478
29 0.030172 0.688995 0.060345 0.076555
3 0.045259 0.844498 0.090517 0.100478
24 0.133621 0.100478 0.051724 0.057416
2 0.153017 0.246411 0.090517 0.100478
11 0.153017 0.409091 0.090517 0.100478
32 0.241379 0.547847 0.267241 0.043062
21 0.133621 0.660287 0.051724 0.057416
25 0.314655 0.787081 0.413793 0.052632
14 0.584052 0.107656 0.090517 0.100478
28 0.566810 0.263158 0.056034 0.066986
17 0.575431 0.425837 0.073276 0.066986
26 0.568966 0.562201 0.060345 0.071770
22 0.566810 0.720096 0.056034 0.052632
27 0.564655 0.803828 0.051724 0.057416
30 0.683190 0.102871 0.073276 0.081340
9 0.691810 0.265550 0.090517 0.100478
4 0.691810 0.452153 0.090517 0.100478
20 0.683190 0.593301 0.073276 0.066986
23 0.678879 0.715311 0.064655 0.062201
12 0.691810 0.854067 0.090517 0.100478
8 0.799569 0.088517 0.090517 0.100478
19 0.788793 0.205742 0.068966 0.057416
15 0.795259 0.296651 0.081897 0.066986
13 0.799569 0.428230 0.090517 0.100478
0 0.799569 0.610048 0.090517 0.100478
33 0.784483 0.739234 0.060345 0.071770
5 0.907328 0.112440 0.090517 0.100478
31 0.922414 0.270335 0.120690 0.043062
16 0.890086 0.377990 0.056034 0.057416
35 0.894397 0.473684 0.064655 0.057416
10 0.907328 0.595694 0.090517 0.100478
1 0.907328 0.787081 0.090517 0.100478