31 0.052632 0.066502 0.105263 0.044335
4 0.039474 0.174877 0.078947 0.103448
14 0.039474 0.332512 0.078947 0.103448
25 0.180451 0.475369 0.360902 0.054187
35 0.028195 0.596059 0.056391 0.059113
17 0.031955 0.719212 0.063910 0.068966
9 0.415414 0.105911 0.078947 0.103448
18 0.406015 0.253695 0.060150 0.073892
11 0.415414 0.401478 0.078947 0.103448
6 0.415414 0.554187 0.078947 0.103448
15 0.411654 0.709360 0.071429 0.068966
0 0.415414 0.849754 0.078947 0.103448
27 0.492481 0.093596 0.045113 0.059113
8 0.509398 0.209360 0.078947 0.103448
22 0.494361 0.357143 0.048872 0.054187
1 0.509398 0.534483 0.078947 0.103448
20 0.501880 0.679803 0.063910 0.068966
34 0.492481 0.827586 0.045113 0.068966
19 0.593985 0.064039 0.060150 0.059113
5 0.603383 0.229064 0.078947 0.103448
21 0.586466 0.354680 0.045113 0.059113
7 0.603383 0.534483 0.078947 0.103448
2 0.603383 0.677340 0.078947 0.103448
3 0.603383 0.805419 0.078947 0.103448
33 0.684211 0.066502 0.052632 0.073892
13 0.697368 0.233990 0.078947 0.103448
23 0.686090 0.352217 0.056391 0.064039
12 0.697368 0.465517 0.078947 0.103448
28 0.682331 0.635468 0.048872 0.068966
32 0.774436 0.746305 0.233083 0.044335
16 0.930451 0.064039 0.048872 0.059113
24 0.928571 0.172414 0.045113 0.059113
29 0.932331 0.275862 0.052632 0.078818
26 0.932331 0.435961 0.052632 0.073892
10 0.945489 0.588670 0.078947 0.103448
30 0.937970 0.761084 0.063910 0.083744