1 0.039474 0.107306 0.078947 0.095890
13 0.039474 0.285388 0.078947 0.095890
30 0.031955 0.440639 0.063910 0.077626
6 0.039474 0.559361 0.078947 0.095890
4 0.039474 0.691781 0.078947 0.095890
14 0.039474 0.865297 0.078947 0.095890
9 0.133459 0.107306 0.078947 0.095890
34 0.116541 0.219178 0.045113 0.063927
15 0.129699 0.342466 0.071429 0.063927
33 0.120301 0.449772 0.052632 0.068493
35 0.122180 0.552511 0.056391 0.054795
10 0.133459 0.668950 0.078947 0.095890
12 0.227444 0.116438 0.078947 0.095890
23 0.216165 0.271689 0.056391 0.059361
25 0.368421 0.372146 0.360902 0.050228
5 0.227444 0.518265 0.078947 0.095890
28 0.212406 0.666667 0.048872 0.063927
11 0.227444 0.769406 0.078947 0.095890
22 0.588346 0.066210 0.048872 0.050228
18 0.593985 0.207763 0.060150 0.068493
7 0.603383 0.326484 0.078947 0.095890
21 0.586466 0.493151 0.045113 0.054795
27 0.586466 0.625571 0.045113 0.054795
29 0.590226 0.757991 0.052632 0.073059
16 0.682331 0.091324 0.048872 0.054795
19 0.687970 0.232877 0.060150 0.054795
32 0.774436 0.303653 0.233083 0.041096
20 0.689850 0.401826 0.063910 0.063927
31 0.710526 0.486301 0.105263 0.041096
2 0.697368 0.618721 0.078947 0.095890
26 0.932331 0.070776 0.052632 0.068493
8 0.945489 0.180365 0.078947 0.095890
17 0.937970 0.351598 0.063910 0.063927
3 0.945489 0.513699 0.078947 0.095890
24 0.928571 0.675799 0.045113 0.054795
0 0.945489 0.842466 0.078947 0.095890