13 0.039474 0.073810 0.078947 0.100000
1 0.039474 0.264286 0.078947 0.100000
29 0.026316 0.409524 0.052632 0.076190
30 0.031955 0.573810 0.063910 0.080952
15 0.035714 0.742857 0.071429 0.066667
27 0.022556 0.871429 0.045113 0.057143
28 0.118421 0.066667 0.048872 0.066667
33 0.120301 0.197619 0.052632 0.071429
34 0.116541 0.352381 0.045113 0.066667
3 0.133459 0.526190 0.078947 0.100000
11 0.133459 0.664286 0.078947 0.100000
2 0.133459 0.830952 0.078947 0.100000
10 0.227444 0.078571 0.078947 0.100000
22 0.212406 0.207143 0.048872 0.052381
32 0.304511 0.278571 0.233083 0.042857
20 0.219925 0.409524 0.063910 0.066667
8 0.227444 0.564286 0.078947 0.100000
24 0.210526 0.714286 0.045113 0.057143
16 0.460526 0.066667 0.048872 0.057143
31 0.488722 0.211905 0.105263 0.042857
4 0.475564 0.321429 0.078947 0.100000
5 0.475564 0.507143 0.078947 0.100000
25 0.616541 0.678571 0.360902 0.052381
9 0.475564 0.821429 0.078947 0.100000
21 0.834586 0.085714 0.045113 0.057143
23 0.840226 0.169048 0.056391 0.061905
12 0.851504 0.330952 0.078947 0.100000
18 0.842105 0.492857 0.060150 0.071429
35 0.840226 0.647619 0.056391 0.057143
17 0.843985 0.766667 0.063910 0.066667
26 0.932331 0.102381 0.052632 0.071429
0 0.945489 0.250000 0.078947 0.100000
7 0.945489 0.445238 0.078947 0.100000
14 0.945489 0.626190 0.078947 0.100000
19 0.936090 0.752381 0.060150 0.057143
6 0.945489 0.869048 0.078947 0.100000