3 0.039474 0.112565 0.078947 0.109948
20 0.031955 0.235602 0.063910 0.073298
15 0.035714 0.361257 0.071429 0.073298
19 0.030075 0.460733 0.060150 0.062827
17 0.031955 0.570681 0.063910 0.073298
18 0.030075 0.719895 0.060150 0.078534
33 0.120301 0.086387 0.052632 0.078534
21 0.116541 0.251309 0.045113 0.062827
26 0.120301 0.363874 0.052632 0.078534
6 0.133459 0.557592 0.078947 0.109948
31 0.146617 0.704188 0.105263 0.047120
32 0.210526 0.803665 0.233083 0.047120
30 0.374060 0.123037 0.063910 0.089005
22 0.366541 0.269634 0.048872 0.057592
29 0.368421 0.382199 0.052632 0.083770
12 0.381579 0.583770 0.078947 0.109948
7 0.381579 0.735602 0.078947 0.109948
13 0.381579 0.897906 0.078947 0.109948
27 0.458647 0.062827 0.045113 0.062827
11 0.475564 0.206806 0.078947 0.109948
14 0.475564 0.410995 0.078947 0.109948
8 0.475564 0.557592 0.078947 0.109948
16 0.460526 0.743455 0.048872 0.062827
10 0.475564 0.856021 0.078947 0.109948
2 0.569549 0.107330 0.078947 0.109948
28 0.554511 0.287958 0.048872 0.073298
35 0.558271 0.424084 0.056391 0.062827
23 0.558271 0.526178 0.056391 0.068063
0 0.569549 0.672775 0.078947 0.109948
34 0.552632 0.821990 0.045113 0.073298
24 0.646617 0.073298 0.045113 0.062827
1 0.663534 0.227749 0.078947 0.109948
4 0.663534 0.400524 0.078947 0.109948
25 0.804511 0.520942 0.360902 0.057592
9 0.663534 0.662304 0.078947 0.109948
5 0.663534 0.814136 0.078947 0.109948