4 0.038462 0.088517 0.076923 0.100478
17 0.031136 0.229665 0.062271 0.066986
6 0.038462 0.346890 0.076923 0.100478
35 0.027473 0.449761 0.054945 0.057416
24 0.021978 0.574163 0.043956 0.057416
7 0.038462 0.700957 0.076923 0.100478
9 0.130037 0.083732 0.076923 0.100478
29 0.117216 0.210526 0.051282 0.076555
5 0.130037 0.389952 0.076923 0.100478
34 0.113553 0.545455 0.043956 0.066986
30 0.122711 0.677033 0.062271 0.081340
11 0.130037 0.844498 0.076923 0.100478
19 0.212454 0.100478 0.058608 0.057416
32 0.296703 0.222488 0.227106 0.043062
13 0.221612 0.380383 0.076923 0.100478
2 0.221612 0.557416 0.076923 0.100478
3 0.221612 0.734450 0.076923 0.100478
23 0.210623 0.873206 0.054945 0.062201
1 0.463370 0.107656 0.076923 0.100478
14 0.463370 0.275120 0.076923 0.100478
21 0.446886 0.401914 0.043956 0.057416
0 0.463370 0.576555 0.076923 0.100478
26 0.450549 0.715311 0.051282 0.071770
25 0.600733 0.854067 0.351648 0.052632
12 0.829670 0.093301 0.076923 0.100478
18 0.820513 0.246411 0.058608 0.071770
16 0.815018 0.334928 0.047619 0.057416
15 0.826007 0.430622 0.069597 0.066986
31 0.842491 0.538278 0.102564 0.043062
20 0.822344 0.665072 0.062271 0.066986
33 0.934066 0.059809 0.051282 0.071770
8 0.946886 0.222488 0.076923 0.100478
27 0.930403 0.354067 0.043956 0.057416
22 0.932234 0.437799 0.047619 0.052632
28 0.932234 0.578947 0.047619 0.066986
10 0.946886 0.696172 0.076923 0.100478