23 0.027473 0.100985 0.054945 0.064039
10 0.038462 0.219212 0.076923 0.103448
21 0.021978 0.359606 0.043956 0.059113
12 0.038462 0.514778 0.076923 0.103448
4 0.038462 0.682266 0.076923 0.103448
16 0.023810 0.847291 0.047619 0.059113
29 0.117216 0.083744 0.051282 0.078818
24 0.113553 0.241379 0.043956 0.059113
15 0.126374 0.374384 0.069597 0.068966
26 0.117216 0.514778 0.051282 0.073892
17 0.122711 0.645320 0.062271 0.068966
25 0.267399 0.731527 0.351648 0.054187
20 0.489011 0.068966 0.062271 0.068966
9 0.496337 0.204433 0.076923 0.103448
32 0.571429 0.312808 0.227106 0.044335
28 0.481685 0.394089 0.047619 0.068966
5 0.496337 0.534483 0.076923 0.103448
0 0.496337 0.711823 0.076923 0.103448
6 0.738095 0.091133 0.076923 0.103448
13 0.738095 0.273399 0.076923 0.103448
3 0.738095 0.406404 0.076923 0.103448
27 0.721612 0.576355 0.043956 0.059113
34 0.721612 0.674877 0.043956 0.068966
11 0.738095 0.815271 0.076923 0.103448
31 0.842491 0.076355 0.102564 0.044335
22 0.815018 0.160099 0.047619 0.054187
35 0.818681 0.251232 0.054945 0.059113
33 0.816850 0.371921 0.051282 0.073892
2 0.829670 0.554187 0.076923 0.103448
7 0.829670 0.736453 0.076923 0.103448
1 0.946886 0.120690 0.076923 0.103448
30 0.939560 0.288177 0.062271 0.083744
8 0.946886 0.421182 0.076923 0.103448
19 0.937729 0.566502 0.058608 0.059113
18 0.937729 0.706897 0.058608 0.073892
14 0.946886 0.894089 0.076923 0.103448