5 0.038462 0.077103 0.076923 0.098131
10 0.038462 0.231308 0.076923 0.098131
19 0.029304 0.369159 0.058608 0.056075
29 0.025641 0.504673 0.051282 0.074766
3 0.038462 0.679907 0.076923 0.098131
8 0.038462 0.871495 0.076923 0.098131
17 0.122711 0.070093 0.062271 0.065421
22 0.115385 0.161215 0.047619 0.051402
28 0.115385 0.247664 0.047619 0.065421
4 0.130037 0.352804 0.076923 0.098131
24 0.113553 0.471963 0.043956 0.056075
23 0.119048 0.581776 0.054945 0.060748
6 0.221612 0.109813 0.076923 0.098131
0 0.221612 0.264019 0.076923 0.098131
18 0.212454 0.427570 0.058608 0.070093
11 0.221612 0.567757 0.076923 0.098131
16 0.206960 0.714953 0.047619 0.056075
21 0.205128 0.831776 0.043956 0.056075
26 0.300366 0.081776 0.051282 0.070093
12 0.313187 0.207944 0.076923 0.098131
15 0.309524 0.350467 0.069597 0.065421
30 0.305861 0.488318 0.062271 0.079439
32 0.388278 0.600467 0.227106 0.042056
34 0.296703 0.682243 0.043956 0.065421
33 0.542125 0.081776 0.051282 0.070093
20 0.547619 0.196262 0.062271 0.065421
31 0.567766 0.306075 0.102564 0.042056
1 0.554945 0.455607 0.076923 0.098131
2 0.554945 0.637850 0.076923 0.098131
13 0.554945 0.824766 0.076923 0.098131
25 0.809524 0.049065 0.351648 0.051402
14 0.672161 0.189252 0.076923 0.098131
35 0.661172 0.355140 0.054945 0.056075
7 0.672161 0.460280 0.076923 0.098131
9 0.672161 0.637850 0.076923 0.098131
27 0.655678 0.742991 0.043956 0.056075