30 0.031955 0.079487 0.063910 0.087179
27 0.022556 0.205128 0.045113 0.061538
0 0.039474 0.341026 0.078947 0.107692
14 0.039474 0.484615 0.078947 0.107692
19 0.030075 0.656410 0.060150 0.061538
4 0.039474 0.776923 0.078947 0.107692
6 0.133459 0.130769 0.078947 0.107692
18 0.124060 0.305128 0.060150 0.076923
9 0.133459 0.484615 0.078947 0.107692
24 0.116541 0.656410 0.045113 0.061538
25 0.274436 0.741026 0.360902 0.056410
1 0.133459 0.905128 0.078947 0.107692
28 0.494361 0.092308 0.048872 0.071795
5 0.509398 0.248718 0.078947 0.107692
34 0.492481 0.379487 0.045113 0.071795
11 0.509398 0.551282 0.078947 0.107692
29 0.496241 0.707692 0.052632 0.082051
16 0.494361 0.805128 0.048872 0.061538
21 0.586466 0.087179 0.045113 0.061538
13 0.603383 0.202564 0.078947 0.107692
33 0.590226 0.392308 0.052632 0.076923
12 0.603383 0.520513 0.078947 0.107692
3 0.603383 0.684615 0.078947 0.107692
22 0.588346 0.858974 0.048872 0.056410
31 0.710526 0.094872 0.105263 0.046154
8 0.697368 0.223077 0.078947 0.107692
10 0.697368 0.402564 0.078947 0.107692
32 0.774436 0.556410 0.233083 0.046154
17 0.689850 0.692308 0.063910 0.071795
26 0.684211 0.864103 0.052632 0.076923
20 0.937970 0.107692 0.063910 0.071795
2 0.945489 0.238462 0.078947 0.107692
23 0.934211 0.402564 0.056391 0.066667
15 0.941729 0.569231 0.071429 0.071795
7 0.945489 0.694872 0.078947 0.107692
35 0.934211 0.810256 0.056391 0.061538