3 0.038745 0.099078 0.077491 0.096774
7 0.038745 0.283410 0.077491 0.096774
34 0.022140 0.447005 0.044280 0.064516
18 0.029520 0.592166 0.059041 0.069124
10 0.038745 0.725806 0.077491 0.096774
12 0.038745 0.910138 0.077491 0.096774
17 0.123616 0.087558 0.062731 0.064516
0 0.130996 0.232719 0.077491 0.096774
13 0.130996 0.407834 0.077491 0.096774
31 0.143911 0.509217 0.103321 0.041475
22 0.116236 0.638249 0.047970 0.050691
27 0.114391 0.764977 0.044280 0.055300
19 0.239852 0.064516 0.059041 0.055300
25 0.387454 0.172811 0.354244 0.050691
5 0.249077 0.269585 0.077491 0.096774
6 0.249077 0.435484 0.077491 0.096774
28 0.234317 0.608295 0.047970 0.064516
9 0.249077 0.711982 0.077491 0.096774
20 0.610701 0.055300 0.062731 0.064516
16 0.603321 0.152074 0.047970 0.055300
15 0.614391 0.235023 0.070111 0.064516
33 0.605166 0.334101 0.051661 0.069124
26 0.605166 0.467742 0.051661 0.069124
23 0.607011 0.601382 0.055351 0.059908
21 0.686347 0.082949 0.044280 0.055300
32 0.778598 0.177419 0.228782 0.041475
1 0.702952 0.311060 0.077491 0.096774
8 0.702952 0.472350 0.077491 0.096774
4 0.702952 0.624424 0.077491 0.096774
35 0.691882 0.732719 0.055351 0.055300
11 0.946494 0.117512 0.077491 0.096774
14 0.946494 0.269585 0.077491 0.096774
30 0.939114 0.426267 0.062731 0.078341
29 0.933579 0.589862 0.051661 0.073733
24 0.929889 0.695853 0.044280 0.055300
2 0.946494 0.831797 0.077491 0.096774