1 0.038462 0.106818 0.076923 0.095455
27 0.021978 0.259091 0.043956 0.054545
10 0.038462 0.393182 0.076923 0.095455
21 0.021978 0.504545 0.043956 0.054545
11 0.038462 0.634091 0.076923 0.095455
12 0.038462 0.765909 0.076923 0.095455
23 0.119048 0.097727 0.054945 0.059091
34 0.113553 0.186364 0.043956 0.063636
35 0.119048 0.304545 0.054945 0.054545
17 0.122711 0.390909 0.062271 0.063636
22 0.115385 0.484091 0.047619 0.050000
32 0.205128 0.606818 0.227106 0.040909
26 0.358974 0.084091 0.051282 0.068182
19 0.362637 0.222727 0.058608 0.054545
29 0.358974 0.354545 0.051282 0.072727
15 0.368132 0.445455 0.069597 0.063636
2 0.371795 0.579545 0.076923 0.095455
25 0.509158 0.675000 0.351648 0.050000
7 0.738095 0.079545 0.076923 0.095455
31 0.750916 0.175000 0.102564 0.040909
9 0.738095 0.315909 0.076923 0.095455
20 0.730769 0.477273 0.062271 0.063636
13 0.738095 0.620455 0.076923 0.095455
4 0.738095 0.775000 0.076923 0.095455
30 0.847985 0.093182 0.062271 0.077273
14 0.855311 0.270455 0.076923 0.095455
3 0.855311 0.447727 0.076923 0.095455
18 0.846154 0.615909 0.058608 0.068182
28 0.840659 0.745455 0.047619 0.063636
5 0.855311 0.870455 0.076923 0.095455
33 0.934066 0.088636 0.051282 0.068182
8 0.946886 0.247727 0.076923 0.095455
24 0.930403 0.413636 0.043956 0.054545
6 0.946886 0.529545 0.076923 0.095455
0 0.946886 0.688636 0.076923 0.095455
16 0.932234 0.786364 0.047619 0.054545