26 0.026718 0.080882 0.053435 0.073529
16 0.024809 0.240196 0.049618 0.058824
33 0.026718 0.350490 0.053435 0.073529
27 0.022901 0.460784 0.045802 0.058824
20 0.032443 0.622549 0.064885 0.068627
18 0.030534 0.742647 0.061069 0.073529
10 0.120229 0.085784 0.080153 0.102941
3 0.120229 0.223039 0.080153 0.102941
24 0.103053 0.352941 0.045802 0.058824
35 0.108779 0.465686 0.057252 0.058824
6 0.120229 0.634804 0.080153 0.102941
9 0.120229 0.772059 0.080153 0.102941
23 0.204198 0.066176 0.057252 0.063725
1 0.215649 0.193627 0.080153 0.102941
5 0.215649 0.350490 0.080153 0.102941
34 0.198473 0.524510 0.045802 0.068627
12 0.215649 0.688725 0.080153 0.102941
7 0.215649 0.865196 0.080153 0.102941
29 0.297710 0.102941 0.053435 0.078431
2 0.311069 0.286765 0.080153 0.102941
25 0.454198 0.428922 0.366412 0.053922
17 0.303435 0.573529 0.064885 0.068627
0 0.311069 0.713235 0.080153 0.102941
30 0.303435 0.884804 0.064885 0.083333
8 0.692748 0.120098 0.080153 0.102941
22 0.677481 0.242647 0.049618 0.053922
13 0.692748 0.379902 0.080153 0.102941
14 0.692748 0.566176 0.080153 0.102941
19 0.683206 0.686275 0.061069 0.058824
28 0.677481 0.813725 0.049618 0.068627
21 0.770992 0.093137 0.045802 0.058824
15 0.784351 0.181373 0.072519 0.068627
32 0.866412 0.325980 0.236641 0.044118
31 0.801527 0.453431 0.106870 0.044118
11 0.788168 0.551471 0.080153 0.102941
4 0.788168 0.737745 0.080153 0.102941