33 0.030172 0.098558 0.060345 0.072115
13 0.045259 0.257212 0.090517 0.100962
24 0.025862 0.432692 0.051724 0.057692
8 0.045259 0.569712 0.090517 0.100962
3 0.045259 0.713942 0.090517 0.100962
5 0.045259 0.911058 0.090517 0.100962
10 0.153017 0.117788 0.090517 0.100962
21 0.133621 0.259615 0.051724 0.057692
19 0.142241 0.365385 0.068966 0.057692
11 0.153017 0.492788 0.090517 0.100962
30 0.144397 0.656250 0.073276 0.081731
1 0.153017 0.814904 0.090517 0.100962
34 0.241379 0.072115 0.051724 0.067308
28 0.243534 0.173077 0.056034 0.067308
31 0.275862 0.286058 0.120690 0.043269
35 0.247845 0.427885 0.064655 0.057692
17 0.252155 0.572115 0.073276 0.067308
23 0.247845 0.709135 0.064655 0.062500
0 0.398707 0.098558 0.090517 0.100962
29 0.383621 0.230769 0.060345 0.076923
4 0.398707 0.411058 0.090517 0.100962
15 0.394397 0.581731 0.081897 0.067308
12 0.398707 0.704327 0.090517 0.100962
27 0.379310 0.807692 0.051724 0.057692
20 0.497845 0.072115 0.073276 0.067308
6 0.506466 0.194712 0.090517 0.100962
22 0.489224 0.310096 0.056034 0.052885
9 0.506466 0.425481 0.090517 0.100962
14 0.506466 0.555288 0.090517 0.100962
7 0.506466 0.689904 0.090517 0.100962
16 0.596983 0.072115 0.056034 0.057692
25 0.775862 0.151442 0.413793 0.052885
26 0.599138 0.290865 0.060345 0.072115
2 0.614224 0.420673 0.090517 0.100962
32 0.702586 0.545673 0.267241 0.043269
18 0.603448 0.689904 0.068966 0.072115