1 0.045259 0.075342 0.090517 0.095890
17 0.036638 0.242009 0.073276 0.063927
28 0.028017 0.369863 0.056034 0.063927
10 0.045259 0.527397 0.090517 0.095890
33 0.030172 0.700913 0.060345 0.068493
22 0.028017 0.847032 0.056034 0.050228
6 0.153017 0.098174 0.090517 0.095890
14 0.153017 0.280822 0.090517 0.095890
8 0.153017 0.422374 0.090517 0.095890
11 0.153017 0.550228 0.090517 0.095890
4 0.153017 0.687215 0.090517 0.095890
3 0.153017 0.860731 0.090517 0.095890
30 0.252155 0.084475 0.073276 0.077626
2 0.260776 0.207763 0.090517 0.095890
23 0.247845 0.376712 0.064655 0.059361
26 0.245690 0.531963 0.060345 0.068493
12 0.260776 0.705479 0.090517 0.095890
0 0.260776 0.828767 0.090517 0.095890
20 0.359914 0.059361 0.073276 0.063927
24 0.349138 0.168950 0.051724 0.054795
15 0.364224 0.269406 0.081897 0.063927
25 0.530172 0.376712 0.413793 0.050228
32 0.456897 0.490868 0.267241 0.041096
9 0.368534 0.627854 0.090517 0.095890
16 0.782328 0.091324 0.056034 0.054795
18 0.788793 0.194064 0.068966 0.068493
7 0.799569 0.321918 0.090517 0.095890
35 0.786638 0.474886 0.064655 0.054795
29 0.784483 0.630137 0.060345 0.073059
21 0.780172 0.762557 0.051724 0.054795
5 0.907328 0.089041 0.090517 0.095890
27 0.887931 0.210046 0.051724 0.054795
19 0.896552 0.351598 0.068966 0.054795
34 0.887931 0.484018 0.051724 0.063927
31 0.922414 0.577626 0.120690 0.041096
13 0.907328 0.710046 0.090517 0.095890