1 0.038745 0.112565 0.077491 0.109948
14 0.038745 0.280105 0.077491 0.109948
18 0.029520 0.405759 0.059041 0.078534
33 0.025830 0.552356 0.051661 0.078534
20 0.031365 0.670157 0.062731 0.073298
3 0.038745 0.840314 0.077491 0.109948
31 0.143911 0.091623 0.103321 0.047120
2 0.130996 0.243455 0.077491 0.109948
27 0.114391 0.361257 0.044280 0.062827
34 0.114391 0.534031 0.044280 0.073298
5 0.130996 0.704188 0.077491 0.109948
23 0.119926 0.819372 0.055351 0.068063
11 0.249077 0.112565 0.077491 0.109948
30 0.241697 0.253927 0.062731 0.089005
28 0.234317 0.387435 0.047970 0.073298
0 0.249077 0.568063 0.077491 0.109948
32 0.324723 0.740838 0.228782 0.047120
4 0.249077 0.866492 0.077491 0.109948
12 0.492620 0.123037 0.077491 0.109948
16 0.477860 0.261780 0.047970 0.062827
35 0.481550 0.418848 0.055351 0.062827
25 0.630996 0.552356 0.354244 0.057592
21 0.476015 0.659686 0.044280 0.062827
9 0.492620 0.777487 0.077491 0.109948
22 0.846863 0.054974 0.047970 0.057592
29 0.848708 0.151832 0.051661 0.083770
15 0.857934 0.293194 0.070111 0.073298
26 0.848708 0.416230 0.051661 0.078534
17 0.854244 0.534031 0.062731 0.073298
24 0.845018 0.696335 0.044280 0.062827
13 0.946494 0.117801 0.077491 0.109948
10 0.946494 0.264398 0.077491 0.109948
6 0.946494 0.468586 0.077491 0.109948
8 0.946494 0.604712 0.077491 0.109948
7 0.946494 0.740838 0.077491 0.109948
19 0.937269 0.869110 0.059041 0.062827