14 0.038462 0.118421 0.076923 0.110526
8 0.038462 0.297368 0.076923 0.110526
25 0.175824 0.471053 0.351648 0.057895
13 0.038462 0.628947 0.076923 0.110526
18 0.029304 0.760526 0.058608 0.078947
20 0.031136 0.889474 0.062271 0.073684
7 0.404762 0.134211 0.076923 0.110526
23 0.393773 0.260526 0.054945 0.068421
10 0.404762 0.402632 0.076923 0.110526
2 0.404762 0.560526 0.076923 0.110526
28 0.390110 0.742105 0.047619 0.073684
16 0.390110 0.857895 0.047619 0.063158
19 0.487179 0.063158 0.058608 0.063158
31 0.509158 0.181579 0.102564 0.047368
30 0.489011 0.292105 0.062271 0.089474
9 0.496337 0.486842 0.076923 0.110526
3 0.496337 0.676316 0.076923 0.110526
11 0.496337 0.860526 0.076923 0.110526
35 0.602564 0.078947 0.054945 0.063158
6 0.613553 0.244737 0.076923 0.110526
33 0.600733 0.434211 0.051282 0.078947
32 0.688645 0.576316 0.227106 0.047368
5 0.613553 0.707895 0.076923 0.110526
1 0.613553 0.876316 0.076923 0.110526
17 0.847985 0.105263 0.062271 0.073684
21 0.838828 0.200000 0.043956 0.063158
0 0.855311 0.376316 0.076923 0.110526
4 0.855311 0.560526 0.076923 0.110526
15 0.851648 0.705263 0.069597 0.073684
34 0.838828 0.842105 0.043956 0.073684
12 0.946886 0.102632 0.076923 0.110526
22 0.932234 0.244737 0.047619 0.057895
27 0.930403 0.347368 0.043956 0.063158
29 0.934066 0.505263 0.051282 0.084211
24 0.930403 0.605263 0.043956 0.063158
26 0.934066 0.755263 0.051282 0.078947