23 0.028195 0.065445 0.056391 0.068063
7 0.039474 0.253927 0.078947 0.109948
13 0.039474 0.463351 0.078947 0.109948
19 0.030075 0.581152 0.060150 0.062827
2 0.039474 0.693717 0.078947 0.109948
6 0.039474 0.887435 0.078947 0.109948
22 0.118421 0.054974 0.048872 0.057592
12 0.133459 0.206806 0.078947 0.109948
20 0.125940 0.361257 0.063910 0.073298
29 0.120301 0.539267 0.052632 0.083770
0 0.133459 0.693717 0.078947 0.109948
28 0.118421 0.853403 0.048872 0.073298
3 0.227444 0.091623 0.078947 0.109948
4 0.227444 0.232984 0.078947 0.109948
31 0.240602 0.390052 0.105263 0.047120
35 0.216165 0.549738 0.056391 0.062827
24 0.210526 0.654450 0.045113 0.062827
25 0.368421 0.740838 0.360902 0.057592
21 0.586466 0.073298 0.045113 0.062827
27 0.586466 0.162304 0.045113 0.062827
34 0.586466 0.335079 0.045113 0.073298
8 0.603383 0.468586 0.078947 0.109948
30 0.595865 0.646597 0.063910 0.089005
5 0.603383 0.835079 0.078947 0.109948
26 0.684211 0.086387 0.052632 0.078534
9 0.697368 0.243455 0.078947 0.109948
18 0.687970 0.442408 0.060150 0.078534
10 0.697368 0.568063 0.078947 0.109948
11 0.697368 0.719895 0.078947 0.109948
1 0.697368 0.861257 0.078947 0.109948
14 0.791353 0.133508 0.078947 0.109948
15 0.787594 0.282723 0.071429 0.073298
16 0.776316 0.424084 0.048872 0.062827
17 0.783835 0.539267 0.063910 0.073298
32 0.868421 0.651832 0.233083 0.047120
33 0.778195 0.777487 0.052632 0.078534