34 0.022556 0.099526 0.045113 0.066351
10 0.039474 0.225118 0.078947 0.099526
5 0.039474 0.367299 0.078947 0.099526
20 0.031955 0.497630 0.063910 0.066351
7 0.039474 0.637441 0.078947 0.099526
6 0.039474 0.827014 0.078947 0.099526
17 0.125940 0.061611 0.063910 0.066351
22 0.118421 0.215640 0.048872 0.052133
8 0.133459 0.329384 0.078947 0.099526
15 0.129699 0.478673 0.071429 0.066351
31 0.146617 0.590047 0.105263 0.042654
32 0.210526 0.699052 0.233083 0.042654
24 0.364662 0.080569 0.045113 0.056872
11 0.381579 0.239336 0.078947 0.099526
27 0.364662 0.393365 0.045113 0.056872
25 0.522556 0.490521 0.360902 0.052133
26 0.368421 0.618483 0.052632 0.071090
21 0.364662 0.706161 0.045113 0.056872
23 0.746241 0.087678 0.056391 0.061611
30 0.750000 0.229858 0.063910 0.080569
28 0.742481 0.345972 0.048872 0.066351
13 0.757519 0.514218 0.078947 0.099526
9 0.757519 0.703791 0.078947 0.099526
16 0.742481 0.848341 0.048872 0.056872
35 0.840226 0.052133 0.056391 0.056872
0 0.851504 0.177725 0.078947 0.099526
19 0.842105 0.317536 0.060150 0.056872
12 0.851504 0.490521 0.078947 0.099526
29 0.838346 0.616114 0.052632 0.075829
3 0.851504 0.793839 0.078947 0.099526
4 0.945489 0.120853 0.078947 0.099526
18 0.936090 0.253555 0.060150 0.071090
14 0.945489 0.419431 0.078947 0.099526
33 0.932331 0.590047 0.052632 0.071090
1 0.945489 0.751185 0.078947 0.099526
2 0.945489 0.921801 0.078947 0.099526