15 0.034799 0.076190 0.069597 0.066667
6 0.038462 0.240476 0.076923 0.100000
19 0.029304 0.352381 0.058608 0.057143
18 0.029304 0.450000 0.058608 0.071429
22 0.023810 0.578571 0.047619 0.052381
31 0.051282 0.721429 0.102564 0.042857
13 0.155678 0.102381 0.076923 0.100000
30 0.148352 0.259524 0.062271 0.080952
2 0.155678 0.440476 0.076923 0.100000
16 0.141026 0.580952 0.047619 0.057143
25 0.293040 0.721429 0.351648 0.052381
17 0.148352 0.871429 0.062271 0.066667
26 0.509158 0.064286 0.051282 0.071429
5 0.521978 0.226190 0.076923 0.100000
12 0.521978 0.350000 0.076923 0.100000
21 0.505495 0.509524 0.043956 0.057143
9 0.521978 0.630952 0.076923 0.100000
7 0.521978 0.816667 0.076923 0.100000
14 0.613553 0.102381 0.076923 0.100000
1 0.613553 0.254762 0.076923 0.100000
32 0.688645 0.388095 0.227106 0.042857
8 0.613553 0.545238 0.076923 0.100000
23 0.602564 0.650000 0.054945 0.061905
4 0.613553 0.816667 0.076923 0.100000
0 0.855311 0.088095 0.076923 0.100000
33 0.842491 0.240476 0.051282 0.071429
24 0.838828 0.366667 0.043956 0.057143
29 0.842491 0.461905 0.051282 0.076190
35 0.844322 0.566667 0.054945 0.057143
27 0.838828 0.666667 0.043956 0.057143
28 0.932234 0.095238 0.047619 0.066667
34 0.930403 0.247619 0.043956 0.066667
20 0.939560 0.371429 0.062271 0.066667
10 0.946886 0.502381 0.076923 0.100000
11 0.946886 0.669048 0.076923 0.100000
3 0.946886 0.802381 0.076923 0.100000