11 0.038462 0.098558 0.076923 0.100962
34 0.021978 0.269231 0.043956 0.067308
29 0.025641 0.418269 0.051282 0.076923
26 0.025641 0.564904 0.051282 0.072115
33 0.025641 0.713942 0.051282 0.072115
22 0.023810 0.872596 0.047619 0.052885
28 0.115385 0.062500 0.047619 0.067308
20 0.122711 0.163462 0.062271 0.067308
3 0.130037 0.329327 0.076923 0.100962
17 0.122711 0.437500 0.062271 0.067308
1 0.130037 0.574519 0.076923 0.100962
25 0.267399 0.709135 0.351648 0.052885
9 0.496337 0.103365 0.076923 0.100962
8 0.496337 0.237981 0.076923 0.100962
0 0.496337 0.415865 0.076923 0.100962
5 0.496337 0.569712 0.076923 0.100962
30 0.489011 0.747596 0.062271 0.081731
12 0.496337 0.915865 0.076923 0.100962
16 0.573260 0.072115 0.047619 0.057692
27 0.571429 0.197115 0.043956 0.057692
23 0.576923 0.338942 0.054945 0.062500
4 0.587912 0.463942 0.076923 0.100962
32 0.663004 0.569712 0.227106 0.043269
6 0.587912 0.718750 0.076923 0.100962
2 0.829670 0.112981 0.076923 0.100962
7 0.829670 0.276442 0.076923 0.100962
24 0.813187 0.384615 0.043956 0.057692
10 0.829670 0.526442 0.076923 0.100962
35 0.818681 0.701923 0.054945 0.057692
15 0.826007 0.831731 0.069597 0.067308
18 0.912088 0.084135 0.058608 0.072115
31 0.934066 0.189904 0.102564 0.043269
13 0.921245 0.319712 0.076923 0.100962
14 0.921245 0.463942 0.076923 0.100962
21 0.904762 0.605769 0.043956 0.057692
19 0.912088 0.745192 0.058608 0.057692