5 0.039474 0.087940 0.078947 0.105528
19 0.030075 0.201005 0.060150 0.060302
7 0.039474 0.334171 0.078947 0.105528
13 0.039474 0.520101 0.078947 0.105528
1 0.039474 0.711055 0.078947 0.105528
6 0.039474 0.886935 0.078947 0.105528
4 0.133459 0.092965 0.078947 0.105528
27 0.116541 0.236181 0.045113 0.060302
15 0.129699 0.351759 0.071429 0.070352
17 0.125940 0.492462 0.063910 0.070352
12 0.133459 0.620603 0.078947 0.105528
33 0.120301 0.781407 0.052632 0.075377
2 0.227444 0.092965 0.078947 0.105528
30 0.219925 0.218593 0.063910 0.085427
29 0.214286 0.351759 0.052632 0.080402
9 0.227444 0.510050 0.078947 0.105528
20 0.219925 0.653266 0.063910 0.070352
23 0.216165 0.766332 0.056391 0.065327
34 0.304511 0.090452 0.045113 0.070352
28 0.306391 0.190955 0.048872 0.070352
18 0.312030 0.288945 0.060150 0.075377
24 0.304511 0.407035 0.045113 0.060302
14 0.321429 0.515075 0.078947 0.105528
8 0.321429 0.665829 0.078947 0.105528
10 0.415414 0.077889 0.078947 0.105528
25 0.556391 0.253769 0.360902 0.055276
22 0.400376 0.394472 0.048872 0.055276
16 0.400376 0.552764 0.048872 0.060302
0 0.415414 0.711055 0.078947 0.105528
31 0.428571 0.811558 0.105263 0.045226
26 0.778195 0.113065 0.052632 0.075377
11 0.791353 0.258794 0.078947 0.105528
32 0.868421 0.429648 0.233083 0.045226
21 0.774436 0.527638 0.045113 0.060302
35 0.780075 0.643216 0.056391 0.060302
3 0.791353 0.796482 0.078947 0.105528