16 0.024436 0.102041 0.048872 0.061224
30 0.031955 0.278061 0.063910 0.086735
5 0.039474 0.415816 0.078947 0.107143
29 0.026316 0.581633 0.052632 0.081633
19 0.030075 0.729592 0.060150 0.061224
6 0.039474 0.905612 0.078947 0.107143
14 0.133459 0.125000 0.078947 0.107143
27 0.116541 0.234694 0.045113 0.061224
18 0.124060 0.329082 0.060150 0.076531
34 0.116541 0.494898 0.045113 0.071429
1 0.133459 0.609694 0.078947 0.107143
33 0.120301 0.727041 0.052632 0.076531
0 0.227444 0.079082 0.078947 0.107143
23 0.216165 0.257653 0.056391 0.066327
25 0.368421 0.369898 0.360902 0.056122
9 0.227444 0.533163 0.078947 0.107143
7 0.227444 0.721939 0.078947 0.107143
26 0.214286 0.900510 0.052632 0.076531
17 0.595865 0.112245 0.063910 0.071429
22 0.588346 0.237245 0.048872 0.056122
3 0.603383 0.354592 0.078947 0.107143
32 0.680451 0.471939 0.233083 0.045918
20 0.595865 0.617347 0.063910 0.071429
31 0.616541 0.772959 0.105263 0.045918
21 0.834586 0.071429 0.045113 0.061224
35 0.840226 0.173469 0.056391 0.061224
8 0.851504 0.339286 0.078947 0.107143
2 0.851504 0.512755 0.078947 0.107143
13 0.851504 0.676020 0.078947 0.107143
10 0.851504 0.818878 0.078947 0.107143
28 0.930451 0.107143 0.048872 0.071429
12 0.945489 0.242347 0.078947 0.107143
11 0.945489 0.436224 0.078947 0.107143
4 0.945489 0.568878 0.078947 0.107143
24 0.928571 0.729592 0.045113 0.061224
15 0.941729 0.862245 0.071429 0.071429