25 0.175824 0.075610 0.351648 0.053659
8 0.038462 0.246341 0.076923 0.102439
28 0.023810 0.390244 0.047619 0.068293
6 0.038462 0.534146 0.076923 0.102439
21 0.021978 0.702439 0.043956 0.058537
17 0.031136 0.848780 0.062271 0.068293
1 0.404762 0.104878 0.076923 0.102439
18 0.395604 0.270732 0.058608 0.073171
26 0.391941 0.426829 0.051282 0.073171
3 0.404762 0.607317 0.076923 0.102439
34 0.388278 0.780488 0.043956 0.068293
10 0.404762 0.895122 0.076923 0.102439
12 0.496337 0.095122 0.076923 0.102439
35 0.485348 0.234146 0.054945 0.058537
16 0.481685 0.351220 0.047619 0.058537
30 0.489011 0.500000 0.062271 0.082927
11 0.496337 0.636585 0.076923 0.102439
5 0.496337 0.782927 0.076923 0.102439
14 0.587912 0.075610 0.076923 0.102439
29 0.575092 0.190244 0.051282 0.078049
2 0.587912 0.358537 0.076923 0.102439
20 0.580586 0.482927 0.062271 0.068293
32 0.663004 0.607317 0.227106 0.043902
27 0.571429 0.707317 0.043956 0.058537
15 0.826007 0.102439 0.069597 0.068293
4 0.829670 0.256098 0.076923 0.102439
9 0.829670 0.387805 0.076923 0.102439
13 0.829670 0.573171 0.076923 0.102439
22 0.815018 0.695122 0.047619 0.053659
33 0.816850 0.841463 0.051282 0.073171
24 0.904762 0.058537 0.043956 0.058537
31 0.934066 0.139024 0.102564 0.043902
23 0.910256 0.265854 0.054945 0.063415
7 0.921245 0.373171 0.076923 0.102439
19 0.912088 0.512195 0.058608 0.058537
0 0.921245 0.636585 0.076923 0.102439