32 0.116541 0.066502 0.233083 0.044335
12 0.039474 0.214286 0.078947 0.103448
6 0.039474 0.396552 0.078947 0.103448
26 0.026316 0.529557 0.052632 0.073892
3 0.039474 0.697044 0.078947 0.103448
14 0.039474 0.874384 0.078947 0.103448
7 0.287594 0.110837 0.078947 0.103448
33 0.274436 0.263547 0.052632 0.073892
25 0.428571 0.357143 0.360902 0.054187
31 0.300752 0.504926 0.105263 0.044335
34 0.270677 0.600985 0.045113 0.068966
29 0.274436 0.709360 0.052632 0.078818
1 0.663534 0.086207 0.078947 0.103448
5 0.663534 0.278325 0.078947 0.103448
22 0.648496 0.421182 0.048872 0.054187
19 0.654135 0.576355 0.060150 0.059113
27 0.646617 0.704433 0.045113 0.059113
17 0.656015 0.807882 0.063910 0.068966
8 0.757519 0.096059 0.078947 0.103448
24 0.740602 0.236453 0.045113 0.059113
21 0.740602 0.379310 0.045113 0.059113
9 0.757519 0.559113 0.078947 0.103448
18 0.748120 0.711823 0.060150 0.073892
4 0.757519 0.849754 0.078947 0.103448
15 0.847744 0.088670 0.071429 0.068966
16 0.836466 0.206897 0.048872 0.059113
20 0.843985 0.364532 0.063910 0.068966
23 0.840226 0.524631 0.056391 0.064039
0 0.851504 0.692118 0.078947 0.103448
11 0.851504 0.889163 0.078947 0.103448
10 0.945489 0.076355 0.078947 0.103448
35 0.934211 0.211823 0.056391 0.059113
30 0.937970 0.362069 0.063910 0.083744
28 0.930451 0.472906 0.048872 0.068966
2 0.945489 0.628079 0.078947 0.103448
13 0.945489 0.825123 0.078947 0.103448