13 0.038462 0.083756 0.076923 0.106599
18 0.029304 0.230964 0.058608 0.076142
2 0.038462 0.418782 0.076923 0.106599
29 0.025641 0.614213 0.051282 0.081218
33 0.025641 0.753807 0.051282 0.076142
19 0.029304 0.883249 0.058608 0.060914
4 0.130037 0.093909 0.076923 0.106599
28 0.115385 0.274112 0.047619 0.071066
11 0.130037 0.403553 0.076923 0.106599
16 0.115385 0.548223 0.047619 0.060914
7 0.130037 0.697970 0.076923 0.106599
8 0.130037 0.895939 0.076923 0.106599
23 0.210623 0.088832 0.054945 0.065990
12 0.221612 0.266497 0.076923 0.106599
10 0.221612 0.408629 0.076923 0.106599
27 0.205128 0.548223 0.043956 0.060914
14 0.221612 0.718274 0.076923 0.106599
17 0.214286 0.898477 0.062271 0.071066
24 0.296703 0.071066 0.043956 0.060914
9 0.313187 0.190355 0.076923 0.106599
5 0.313187 0.342640 0.076923 0.106599
25 0.450549 0.449239 0.351648 0.055838
0 0.313187 0.591371 0.076923 0.106599
1 0.313187 0.758883 0.076923 0.106599
31 0.692308 0.073604 0.102564 0.045685
22 0.664835 0.164975 0.047619 0.055838
6 0.679487 0.327411 0.076923 0.106599
26 0.666667 0.500000 0.051282 0.076142
20 0.672161 0.654822 0.062271 0.071066
15 0.675824 0.761421 0.069597 0.071066
34 0.780220 0.076142 0.043956 0.071066
30 0.789377 0.205584 0.062271 0.086294
21 0.780220 0.375635 0.043956 0.060914
35 0.785714 0.517766 0.054945 0.060914
3 0.796703 0.703046 0.076923 0.106599
32 0.871795 0.819797 0.227106 0.045685