29 0.025641 0.078125 0.051282 0.083333
21 0.021978 0.182292 0.043956 0.062500
17 0.031136 0.307292 0.062271 0.072917
11 0.038462 0.502604 0.076923 0.109375
18 0.029304 0.658854 0.058608 0.078125
10 0.038462 0.825521 0.076923 0.109375
19 0.120879 0.104167 0.058608 0.062500
28 0.115385 0.208333 0.047619 0.072917
7 0.130037 0.341146 0.076923 0.109375
0 0.130037 0.549479 0.076923 0.109375
31 0.142857 0.716146 0.102564 0.046875
3 0.130037 0.830729 0.076923 0.109375
35 0.236264 0.083333 0.054945 0.062500
9 0.247253 0.247396 0.076923 0.109375
15 0.243590 0.411458 0.069597 0.072917
13 0.247253 0.606771 0.076923 0.109375
16 0.232601 0.760417 0.047619 0.062500
12 0.247253 0.903646 0.076923 0.109375
23 0.327839 0.101562 0.054945 0.067708
22 0.324176 0.205729 0.047619 0.057292
2 0.338828 0.341146 0.076923 0.109375
4 0.338828 0.549479 0.076923 0.109375
27 0.322344 0.666667 0.043956 0.062500
20 0.331502 0.817708 0.062271 0.072917
33 0.417582 0.065104 0.051282 0.078125
14 0.430403 0.190104 0.076923 0.109375
25 0.567766 0.356771 0.351648 0.057292
5 0.430403 0.497396 0.076923 0.109375
26 0.417582 0.638021 0.051282 0.078125
30 0.423077 0.804688 0.062271 0.088542
6 0.796703 0.101562 0.076923 0.109375
32 0.871795 0.236979 0.227106 0.046875
1 0.796703 0.382812 0.076923 0.109375
24 0.780220 0.515625 0.043956 0.062500
34 0.780220 0.635417 0.043956 0.072917
8 0.796703 0.763021 0.076923 0.109375