13 0.038745 0.087500 0.077491 0.105000
6 0.038745 0.232500 0.077491 0.105000
32 0.114391 0.347500 0.228782 0.045000
11 0.038745 0.517500 0.077491 0.105000
33 0.025830 0.687500 0.051661 0.075000
10 0.038745 0.857500 0.077491 0.105000
29 0.269373 0.075000 0.051661 0.080000
2 0.282288 0.217500 0.077491 0.105000
19 0.273063 0.345000 0.059041 0.060000
31 0.295203 0.472500 0.103321 0.045000
16 0.267528 0.585000 0.047970 0.060000
24 0.265683 0.685000 0.044280 0.060000
12 0.400369 0.127500 0.077491 0.105000
4 0.400369 0.272500 0.077491 0.105000
27 0.383764 0.415000 0.044280 0.060000
30 0.392989 0.567500 0.062731 0.085000
8 0.400369 0.762500 0.077491 0.105000
26 0.387454 0.907500 0.051661 0.075000
22 0.477860 0.067500 0.047970 0.055000
35 0.481550 0.185000 0.055351 0.060000
20 0.485240 0.330000 0.062731 0.070000
28 0.477860 0.495000 0.047970 0.070000
15 0.488930 0.590000 0.070111 0.070000
34 0.476015 0.750000 0.044280 0.070000
21 0.560886 0.055000 0.044280 0.060000
0 0.577491 0.192500 0.077491 0.105000
17 0.570111 0.340000 0.062731 0.070000
1 0.577491 0.462500 0.077491 0.105000
3 0.577491 0.592500 0.077491 0.105000
14 0.577491 0.747500 0.077491 0.105000
25 0.808118 0.077500 0.354244 0.055000
9 0.669742 0.237500 0.077491 0.105000
7 0.669742 0.387500 0.077491 0.105000
5 0.669742 0.552500 0.077491 0.105000
23 0.658672 0.732500 0.055351 0.065000
18 0.660517 0.867500 0.059041 0.075000