31 0.051282 0.052500 0.102564 0.045000
35 0.027473 0.190000 0.054945 0.060000
11 0.038462 0.297500 0.076923 0.105000
22 0.023810 0.477500 0.047619 0.055000
29 0.025641 0.610000 0.051282 0.080000
8 0.038462 0.752500 0.076923 0.105000
26 0.142857 0.097500 0.051282 0.075000
30 0.148352 0.272500 0.062271 0.085000
19 0.146520 0.440000 0.058608 0.060000
14 0.155678 0.562500 0.076923 0.105000
1 0.155678 0.702500 0.076923 0.105000
4 0.155678 0.847500 0.076923 0.105000
16 0.232601 0.065000 0.047619 0.060000
21 0.230769 0.200000 0.043956 0.060000
28 0.232601 0.335000 0.047619 0.070000
13 0.247253 0.457500 0.076923 0.105000
18 0.238095 0.612500 0.058608 0.075000
17 0.239927 0.730000 0.062271 0.070000
2 0.338828 0.107500 0.076923 0.105000
7 0.338828 0.262500 0.076923 0.105000
27 0.322344 0.395000 0.043956 0.060000
0 0.338828 0.572500 0.076923 0.105000
24 0.322344 0.735000 0.043956 0.060000
15 0.335165 0.890000 0.069597 0.070000
33 0.417582 0.067500 0.051282 0.075000
25 0.567766 0.222500 0.351648 0.055000
20 0.423077 0.370000 0.062271 0.070000
3 0.430403 0.497500 0.076923 0.105000
10 0.430403 0.657500 0.076923 0.105000
12 0.430403 0.862500 0.076923 0.105000
6 0.796703 0.122500 0.076923 0.105000
5 0.796703 0.262500 0.076923 0.105000
32 0.871795 0.407500 0.227106 0.045000
23 0.785714 0.532500 0.054945 0.065000
34 0.780220 0.700000 0.043956 0.070000
9 0.796703 0.887500 0.076923 0.105000