17 0.032197 0.096447 0.064394 0.071066
35 0.028409 0.203046 0.056818 0.060914
4 0.039773 0.362944 0.079545 0.106599
6 0.039773 0.550761 0.079545 0.106599
8 0.039773 0.708122 0.079545 0.106599
25 0.181818 0.865482 0.363636 0.055838
28 0.403409 0.065990 0.049242 0.071066
2 0.418561 0.241117 0.079545 0.106599
3 0.418561 0.428934 0.079545 0.106599
27 0.401515 0.568528 0.045455 0.060914
5 0.418561 0.753807 0.079545 0.106599
33 0.405303 0.906091 0.053030 0.076142
21 0.496212 0.086294 0.045455 0.060914
29 0.500000 0.218274 0.053030 0.081218
15 0.509470 0.350254 0.071970 0.071066
19 0.503788 0.517766 0.060606 0.060914
22 0.498106 0.652284 0.049242 0.055838
18 0.503788 0.758883 0.060606 0.076142
16 0.585227 0.081218 0.049242 0.060914
10 0.600379 0.256345 0.079545 0.106599
14 0.600379 0.398477 0.079545 0.106599
34 0.583333 0.532995 0.045455 0.071066
9 0.600379 0.713198 0.079545 0.106599
30 0.592803 0.860406 0.064394 0.086294
11 0.695076 0.109137 0.079545 0.106599
12 0.695076 0.296954 0.079545 0.106599
0 0.695076 0.444162 0.079545 0.106599
23 0.683712 0.571066 0.056818 0.065990
32 0.772727 0.713198 0.234848 0.045685
31 0.708333 0.814721 0.106061 0.045685
7 0.945076 0.093909 0.079545 0.106599
1 0.945076 0.225888 0.079545 0.106599
13 0.945076 0.398477 0.079545 0.106599
20 0.937500 0.543147 0.064394 0.071066
26 0.931818 0.652284 0.053030 0.076142
24 0.928030 0.746193 0.045455 0.060914