16 0.024164 0.078049 0.048327 0.058537
21 0.022305 0.185366 0.044610 0.058537
24 0.022305 0.321951 0.044610 0.058537
34 0.022305 0.424390 0.044610 0.068293
20 0.031599 0.585366 0.063197 0.068293
19 0.029740 0.678049 0.059480 0.058537
6 0.117100 0.104878 0.078067 0.102439
7 0.117100 0.241463 0.078067 0.102439
33 0.104089 0.368293 0.052045 0.073171
17 0.109665 0.497561 0.063197 0.068293
8 0.117100 0.621951 0.078067 0.102439
27 0.100372 0.800000 0.044610 0.058537
26 0.197026 0.085366 0.052045 0.073171
5 0.210037 0.265854 0.078067 0.102439
2 0.210037 0.426829 0.078067 0.102439
32 0.286245 0.558537 0.230483 0.043902
14 0.210037 0.729268 0.078067 0.102439
1 0.210037 0.880488 0.078067 0.102439
13 0.455390 0.104878 0.078067 0.102439
3 0.455390 0.285366 0.078067 0.102439
28 0.440520 0.419512 0.048327 0.068293
31 0.468401 0.539024 0.104089 0.043902
12 0.455390 0.709756 0.078067 0.102439
29 0.442379 0.829268 0.052045 0.078049
0 0.574349 0.114634 0.078067 0.102439
18 0.565056 0.295122 0.059480 0.073171
9 0.574349 0.475610 0.078067 0.102439
22 0.559480 0.641463 0.048327 0.053659
30 0.566914 0.734146 0.063197 0.082927
25 0.713755 0.880488 0.356877 0.053659
23 0.934944 0.080488 0.055762 0.063415
35 0.934944 0.229268 0.055762 0.058537
10 0.946097 0.387805 0.078067 0.102439
11 0.946097 0.582927 0.078067 0.102439
15 0.942379 0.765854 0.070632 0.068293
4 0.946097 0.885366 0.078067 0.102439