22 0.023810 0.068528 0.047619 0.055838
21 0.021978 0.187817 0.043956 0.060914
34 0.021978 0.279188 0.043956 0.071066
13 0.038462 0.464467 0.076923 0.106599
14 0.038462 0.657360 0.076923 0.106599
20 0.031136 0.847716 0.062271 0.071066
26 0.117216 0.063452 0.051282 0.076142
12 0.130037 0.230964 0.076923 0.106599
24 0.113553 0.340102 0.043956 0.060914
8 0.130037 0.510152 0.076923 0.106599
17 0.122711 0.639594 0.062271 0.071066
33 0.117216 0.769036 0.051282 0.076142
18 0.212454 0.068528 0.058608 0.076142
6 0.221612 0.185279 0.076923 0.106599
0 0.221612 0.373096 0.076923 0.106599
31 0.234432 0.500000 0.102564 0.045685
28 0.206960 0.598985 0.047619 0.071066
4 0.221612 0.723350 0.076923 0.106599
25 0.476190 0.093909 0.351648 0.055838
10 0.338828 0.236041 0.076923 0.106599
16 0.324176 0.411168 0.047619 0.060914
15 0.335165 0.558376 0.069597 0.071066
29 0.326007 0.695431 0.051282 0.081218
2 0.338828 0.880711 0.076923 0.106599
3 0.705128 0.124365 0.076923 0.106599
7 0.705128 0.291878 0.076923 0.106599
19 0.695971 0.467005 0.058608 0.060914
35 0.694139 0.598985 0.054945 0.060914
27 0.688645 0.700508 0.043956 0.060914
5 0.705128 0.809645 0.076923 0.106599
30 0.789377 0.109137 0.062271 0.086294
11 0.796703 0.276650 0.076923 0.106599
1 0.796703 0.464467 0.076923 0.106599
9 0.796703 0.596447 0.076923 0.106599
23 0.785714 0.753807 0.054945 0.065990
32 0.871795 0.901015 0.227106 0.045685