16 0.023810 0.103627 0.047619 0.062176
3 0.038462 0.282383 0.076923 0.108808
11 0.038462 0.432642 0.076923 0.108808
32 0.113553 0.593264 0.227106 0.046632
14 0.038462 0.738342 0.076923 0.108808
19 0.029304 0.849741 0.058608 0.062176
30 0.272894 0.069948 0.062271 0.088083
29 0.267399 0.186528 0.051282 0.082902
28 0.265568 0.352332 0.047619 0.072539
13 0.280220 0.531088 0.076923 0.108808
1 0.280220 0.691710 0.076923 0.108808
35 0.269231 0.818653 0.054945 0.062176
34 0.355311 0.093264 0.043956 0.072539
0 0.371795 0.256477 0.076923 0.108808
26 0.358974 0.396373 0.051282 0.077720
25 0.509158 0.531088 0.351648 0.056995
15 0.368132 0.699482 0.069597 0.072539
6 0.371795 0.867876 0.076923 0.108808
2 0.738095 0.116580 0.076923 0.108808
24 0.721612 0.269430 0.043956 0.062176
7 0.738095 0.391192 0.076923 0.108808
20 0.730769 0.559585 0.062271 0.072539
23 0.727106 0.670984 0.054945 0.067358
33 0.725275 0.836788 0.051282 0.077720
18 0.820513 0.064767 0.058608 0.077720
10 0.829670 0.225389 0.076923 0.108808
8 0.829670 0.386010 0.076923 0.108808
22 0.815018 0.500000 0.047619 0.056995
9 0.829670 0.639896 0.076923 0.108808
12 0.829670 0.795337 0.076923 0.108808
4 0.921245 0.121762 0.076923 0.108808
31 0.934066 0.297927 0.102564 0.046632
17 0.913919 0.393782 0.062271 0.072539
5 0.921245 0.577720 0.076923 0.108808
21 0.904762 0.725389 0.043956 0.062176
27 0.904762 0.886010 0.043956 0.062176