33 0.026316 0.075916 0.052632 0.078534
0 0.039474 0.243455 0.078947 0.109948
5 0.039474 0.452880 0.078947 0.109948
22 0.024436 0.636126 0.048872 0.057592
7 0.039474 0.756545 0.078947 0.109948
35 0.028195 0.921466 0.056391 0.062827
10 0.133459 0.112565 0.078947 0.109948
24 0.116541 0.235602 0.045113 0.062827
13 0.133459 0.384817 0.078947 0.109948
18 0.124060 0.505236 0.060150 0.078534
11 0.133459 0.641361 0.078947 0.109948
14 0.133459 0.803665 0.078947 0.109948
9 0.227444 0.123037 0.078947 0.109948
29 0.214286 0.267016 0.052632 0.083770
31 0.240602 0.437173 0.105263 0.047120
25 0.368421 0.531414 0.360902 0.057592
16 0.212406 0.675393 0.048872 0.062827
30 0.219925 0.793194 0.063910 0.089005
21 0.586466 0.068063 0.045113 0.062827
4 0.603383 0.206806 0.078947 0.109948
32 0.680451 0.342932 0.233083 0.047120
15 0.599624 0.476440 0.071429 0.073298
17 0.595865 0.617801 0.063910 0.073298
23 0.592105 0.793194 0.056391 0.068063
34 0.834586 0.062827 0.045113 0.073298
12 0.851504 0.206806 0.078947 0.109948
8 0.851504 0.384817 0.078947 0.109948
3 0.851504 0.531414 0.078947 0.109948
26 0.838346 0.714660 0.052632 0.078534
19 0.842105 0.863874 0.060150 0.062827
6 0.945489 0.123037 0.078947 0.109948
28 0.930451 0.251309 0.048872 0.073298
20 0.937970 0.361257 0.063910 0.073298
2 0.945489 0.552356 0.078947 0.109948
27 0.928571 0.712042 0.045113 0.062827
1 0.945489 0.897906 0.078947 0.109948