13 0.045259 0.111872 0.090517 0.095890
0 0.045259 0.299087 0.090517 0.095890
1 0.045259 0.440639 0.090517 0.095890
31 0.060345 0.595890 0.120690 0.041096
34 0.025862 0.698630 0.051724 0.063927
22 0.028017 0.819635 0.056034 0.050228
23 0.170259 0.052511 0.064655 0.059361
21 0.163793 0.146119 0.051724 0.054795
15 0.178879 0.264840 0.081897 0.063927
2 0.183190 0.417808 0.090517 0.095890
16 0.165948 0.566210 0.056034 0.054795
11 0.183190 0.682648 0.090517 0.095890
9 0.290948 0.116438 0.090517 0.095890
3 0.290948 0.267123 0.090517 0.095890
30 0.282328 0.408676 0.073276 0.077626
12 0.290948 0.586758 0.090517 0.095890
19 0.280172 0.735160 0.068966 0.054795
26 0.275862 0.888128 0.060345 0.068493
14 0.398707 0.111872 0.090517 0.095890
33 0.383621 0.267123 0.060345 0.068493
10 0.398707 0.426941 0.090517 0.095890
5 0.398707 0.554795 0.090517 0.095890
17 0.390086 0.716895 0.073276 0.063927
6 0.398707 0.860731 0.090517 0.095890
35 0.493534 0.091324 0.064655 0.054795
27 0.487069 0.219178 0.051724 0.054795
8 0.506466 0.317352 0.090517 0.095890
20 0.497845 0.479452 0.073276 0.063927
24 0.487069 0.589041 0.051724 0.054795
7 0.506466 0.705479 0.090517 0.095890
18 0.603448 0.093607 0.068966 0.068493
32 0.702586 0.235160 0.267241 0.041096
25 0.775862 0.335616 0.413793 0.050228
28 0.596983 0.484018 0.056034 0.063927
29 0.599138 0.643836 0.060345 0.073059
4 0.614224 0.764840 0.090517 0.095890