17 0.031955 0.078049 0.063910 0.068293
7 0.039474 0.260976 0.078947 0.102439
14 0.039474 0.431707 0.078947 0.102439
4 0.039474 0.568293 0.078947 0.102439
21 0.022556 0.721951 0.045113 0.058537
30 0.031955 0.875610 0.063910 0.082927
8 0.133459 0.100000 0.078947 0.102439
11 0.133459 0.226829 0.078947 0.102439
10 0.133459 0.382927 0.078947 0.102439
2 0.133459 0.519512 0.078947 0.102439
24 0.116541 0.678049 0.045113 0.058537
28 0.118421 0.809756 0.048872 0.068293
22 0.212406 0.051220 0.048872 0.053659
29 0.214286 0.180488 0.052632 0.078049
0 0.227444 0.314634 0.078947 0.102439
31 0.240602 0.485366 0.105263 0.043902
19 0.218045 0.634146 0.060150 0.058537
25 0.368421 0.787805 0.360902 0.053659
5 0.603383 0.114634 0.078947 0.102439
12 0.603383 0.246341 0.078947 0.102439
34 0.586466 0.409756 0.045113 0.068293
33 0.590226 0.573171 0.052632 0.073171
6 0.603383 0.700000 0.078947 0.102439
27 0.586466 0.873171 0.045113 0.058537
3 0.697368 0.124390 0.078947 0.102439
9 0.697368 0.295122 0.078947 0.102439
18 0.687970 0.426829 0.060150 0.073171
20 0.689850 0.595122 0.063910 0.068293
16 0.682331 0.736585 0.048872 0.058537
13 0.697368 0.846341 0.078947 0.102439
26 0.778195 0.080488 0.052632 0.073171
23 0.780075 0.187805 0.056391 0.063415
32 0.868421 0.265854 0.233083 0.043902
35 0.780075 0.395122 0.056391 0.058537
15 0.787594 0.482927 0.071429 0.068293
1 0.791353 0.651220 0.078947 0.102439