23 0.032328 0.097368 0.064655 0.068421
12 0.045259 0.250000 0.090517 0.110526
16 0.028017 0.368421 0.056034 0.063158
29 0.030172 0.510526 0.060345 0.084211
0 0.045259 0.697368 0.090517 0.110526
20 0.036638 0.868421 0.073276 0.073684
19 0.142241 0.063158 0.068966 0.063158
26 0.137931 0.223684 0.060345 0.078947
31 0.168103 0.392105 0.120690 0.047368
14 0.153017 0.513158 0.090517 0.110526
21 0.133621 0.700000 0.051724 0.063158
6 0.153017 0.860526 0.090517 0.110526
8 0.290948 0.086842 0.090517 0.110526
34 0.271552 0.242105 0.051724 0.073684
35 0.278017 0.378947 0.064655 0.063158
28 0.273707 0.478947 0.056034 0.073684
13 0.290948 0.655263 0.090517 0.110526
9 0.290948 0.828947 0.090517 0.110526
11 0.398707 0.118421 0.090517 0.110526
5 0.398707 0.302632 0.090517 0.110526
24 0.379310 0.442105 0.051724 0.063158
18 0.387931 0.560526 0.068966 0.078947
10 0.398707 0.739474 0.090517 0.110526
30 0.390086 0.876316 0.073276 0.089474
4 0.506466 0.123684 0.090517 0.110526
25 0.668103 0.292105 0.413793 0.057895
2 0.506466 0.418421 0.090517 0.110526
32 0.594828 0.571053 0.267241 0.047368
15 0.502155 0.668421 0.081897 0.073684
1 0.506466 0.844737 0.090517 0.110526
3 0.937500 0.086842 0.090517 0.110526
17 0.928879 0.242105 0.073276 0.073684
27 0.918103 0.384211 0.051724 0.063158
22 0.920259 0.544737 0.056034 0.057895
7 0.937500 0.671053 0.090517 0.110526
33 0.922414 0.813158 0.060345 0.078947