8 0.045259 0.130769 0.090517 0.107692
19 0.034483 0.307692 0.068966 0.061538
9 0.045259 0.474359 0.090517 0.107692
6 0.045259 0.643590 0.090517 0.107692
31 0.060345 0.761538 0.120690 0.046154
16 0.028017 0.876923 0.056034 0.061538
10 0.183190 0.089744 0.090517 0.107692
14 0.183190 0.243590 0.090517 0.107692
13 0.183190 0.392308 0.090517 0.107692
4 0.183190 0.571795 0.090517 0.107692
33 0.168103 0.710256 0.060345 0.076923
34 0.163793 0.866667 0.051724 0.071795
2 0.290948 0.125641 0.090517 0.107692
32 0.379310 0.248718 0.267241 0.046154
22 0.273707 0.392308 0.056034 0.056410
5 0.290948 0.525641 0.090517 0.107692
25 0.452586 0.705128 0.413793 0.056410
11 0.290948 0.848718 0.090517 0.107692
20 0.713362 0.076923 0.073276 0.071795
29 0.706897 0.215385 0.060345 0.082051
12 0.721983 0.371795 0.090517 0.107692
1 0.721983 0.505128 0.090517 0.107692
27 0.702586 0.620513 0.051724 0.061538
28 0.704741 0.789744 0.056034 0.071795
21 0.810345 0.097436 0.051724 0.061538
23 0.816810 0.187179 0.064655 0.066667
26 0.814655 0.325641 0.060345 0.076923
18 0.818966 0.500000 0.068966 0.076923
15 0.825431 0.666667 0.081897 0.071795
0 0.829741 0.843590 0.090517 0.107692
17 0.928879 0.066667 0.073276 0.071795
3 0.937500 0.207692 0.090517 0.107692
24 0.918103 0.379487 0.051724 0.061538
7 0.937500 0.515385 0.090517 0.107692
30 0.928879 0.669231 0.073276 0.087179
35 0.924569 0.830769 0.064655 0.061538