19 0.034483 0.052885 0.068966 0.057692
8 0.045259 0.218750 0.090517 0.100962
28 0.028017 0.326923 0.056034 0.067308
17 0.036638 0.461538 0.073276 0.067308
30 0.036638 0.598558 0.073276 0.081731
12 0.045259 0.766827 0.090517 0.100962
13 0.153017 0.084135 0.090517 0.100962
2 0.153017 0.213942 0.090517 0.100962
7 0.153017 0.343750 0.090517 0.100962
1 0.153017 0.473558 0.090517 0.100962
27 0.133621 0.625000 0.051724 0.057692
18 0.142241 0.733173 0.068966 0.072115
11 0.260776 0.093750 0.090517 0.100962
6 0.260776 0.252404 0.090517 0.100962
14 0.260776 0.444712 0.090517 0.100962
5 0.260776 0.632212 0.090517 0.100962
24 0.241379 0.750000 0.051724 0.057692
0 0.260776 0.882212 0.090517 0.100962
32 0.456897 0.074519 0.267241 0.043269
3 0.368534 0.170673 0.090517 0.100962
25 0.530172 0.281250 0.413793 0.052885
34 0.349138 0.384615 0.051724 0.067308
22 0.351293 0.536058 0.056034 0.052885
4 0.368534 0.694712 0.090517 0.100962
21 0.780172 0.076923 0.051724 0.057692
33 0.784483 0.218750 0.060345 0.072115
31 0.814655 0.358173 0.120690 0.043269
26 0.784483 0.468750 0.060345 0.072115
23 0.786638 0.603365 0.064655 0.062500
10 0.799569 0.742788 0.090517 0.100962
15 0.933190 0.067308 0.081897 0.067308
35 0.924569 0.221154 0.064655 0.057692
16 0.920259 0.317308 0.056034 0.057692
9 0.937500 0.492788 0.090517 0.100962
29 0.922414 0.605769 0.060345 0.076923
20 0.928879 0.774038 0.073276 0.067308