26 0.025641 0.092593 0.051282 0.079365
7 0.038462 0.214286 0.076923 0.111111
18 0.029304 0.404762 0.058608 0.079365
33 0.025641 0.558201 0.051282 0.079365
20 0.031136 0.708995 0.062271 0.074074
25 0.175824 0.822751 0.351648 0.058201
32 0.479853 0.092593 0.227106 0.047619
15 0.401099 0.206349 0.069597 0.074074
5 0.404762 0.388889 0.076923 0.111111
3 0.404762 0.542328 0.076923 0.111111
22 0.390110 0.706349 0.047619 0.058201
0 0.404762 0.838624 0.076923 0.111111
6 0.646520 0.124339 0.076923 0.111111
12 0.646520 0.272487 0.076923 0.111111
31 0.659341 0.404762 0.102564 0.047619
30 0.639194 0.531746 0.062271 0.089947
35 0.635531 0.645503 0.054945 0.063492
2 0.646520 0.780423 0.076923 0.111111
29 0.750916 0.095238 0.051282 0.084656
1 0.763736 0.240741 0.076923 0.111111
17 0.756410 0.380952 0.062271 0.074074
11 0.763736 0.547619 0.076923 0.111111
4 0.763736 0.743386 0.076923 0.111111
24 0.747253 0.888889 0.043956 0.063492
23 0.844322 0.071429 0.054945 0.068783
19 0.846154 0.164021 0.058608 0.063492
21 0.838828 0.301587 0.043956 0.063492
10 0.855311 0.447090 0.076923 0.111111
13 0.855311 0.637566 0.076923 0.111111
8 0.855311 0.828042 0.076923 0.111111
14 0.946886 0.134921 0.076923 0.111111
9 0.946886 0.320106 0.076923 0.111111
28 0.932234 0.518519 0.047619 0.074074
27 0.930403 0.634921 0.043956 0.063492
16 0.932234 0.772487 0.047619 0.063492
34 0.930403 0.873016 0.043956 0.074074