6 0.045259 0.123684 0.090517 0.110526
16 0.028017 0.305263 0.056034 0.063158
25 0.206897 0.407895 0.413793 0.057895
8 0.045259 0.576316 0.090517 0.110526
18 0.034483 0.734211 0.068966 0.078947
32 0.133621 0.860526 0.267241 0.047368
7 0.476293 0.097368 0.090517 0.110526
4 0.476293 0.286842 0.090517 0.110526
33 0.461207 0.465789 0.060345 0.078947
9 0.476293 0.597368 0.090517 0.110526
20 0.467672 0.752632 0.073276 0.073684
29 0.461207 0.921053 0.060345 0.084211
15 0.579741 0.073684 0.081897 0.073684
10 0.584052 0.239474 0.090517 0.110526
1 0.584052 0.402632 0.090517 0.110526
23 0.571121 0.581579 0.064655 0.068421
14 0.584052 0.734211 0.090517 0.110526
27 0.564655 0.873684 0.051724 0.063158
22 0.674569 0.081579 0.056034 0.057895
26 0.676724 0.239474 0.060345 0.078947
21 0.672414 0.347368 0.051724 0.063158
5 0.691810 0.460526 0.090517 0.110526
3 0.691810 0.639474 0.090517 0.110526
0 0.691810 0.797368 0.090517 0.110526
30 0.790948 0.097368 0.073276 0.089474
12 0.799569 0.244737 0.090517 0.110526
13 0.799569 0.407895 0.090517 0.110526
11 0.799569 0.613158 0.090517 0.110526
19 0.788793 0.794737 0.068966 0.063158
24 0.780172 0.915789 0.051724 0.063158
31 0.922414 0.055263 0.120690 0.047368
2 0.907328 0.218421 0.090517 0.110526
28 0.890086 0.363158 0.056034 0.073684
17 0.898707 0.542105 0.073276 0.073684
34 0.887931 0.710526 0.051724 0.073684
35 0.894397 0.847368 0.064655 0.063158