20 0.031136 0.083744 0.062271 0.068966
35 0.027473 0.241379 0.054945 0.059113
24 0.021978 0.379310 0.043956 0.059113
3 0.038462 0.554187 0.076923 0.103448
10 0.038462 0.701970 0.076923 0.103448
31 0.051282 0.849754 0.102564 0.044335
4 0.155678 0.076355 0.076923 0.103448
8 0.155678 0.278325 0.076923 0.103448
0 0.155678 0.431034 0.076923 0.103448
19 0.146520 0.586207 0.058608 0.059113
30 0.148352 0.751232 0.062271 0.083744
14 0.155678 0.918719 0.076923 0.103448
16 0.232601 0.078818 0.047619 0.059113
18 0.238095 0.189655 0.058608 0.073892
29 0.234432 0.325123 0.051282 0.078818
12 0.247253 0.504926 0.076923 0.103448
7 0.247253 0.637931 0.076923 0.103448
15 0.243590 0.778325 0.069597 0.068966
22 0.324176 0.091133 0.047619 0.054187
21 0.322344 0.182266 0.043956 0.059113
32 0.413919 0.327586 0.227106 0.044335
6 0.338828 0.495074 0.076923 0.103448
17 0.331502 0.630542 0.062271 0.068966
1 0.338828 0.810345 0.076923 0.103448
11 0.580586 0.115764 0.076923 0.103448
13 0.580586 0.312808 0.076923 0.103448
23 0.569597 0.421182 0.054945 0.064039
2 0.580586 0.559113 0.076923 0.103448
5 0.580586 0.687192 0.076923 0.103448
34 0.564103 0.817734 0.043956 0.068966
26 0.659341 0.105911 0.051282 0.073892
9 0.672161 0.229064 0.076923 0.103448
33 0.659341 0.342365 0.051282 0.073892
25 0.809524 0.460591 0.351648 0.054187
28 0.657509 0.586207 0.047619 0.068966
27 0.655678 0.729064 0.043956 0.059113