31 0.052632 0.042793 0.105263 0.040541
25 0.180451 0.177928 0.360902 0.049550
34 0.022556 0.261261 0.045113 0.063063
21 0.022556 0.342342 0.045113 0.054054
33 0.026316 0.457207 0.052632 0.067568
9 0.039474 0.605856 0.078947 0.094595
7 0.415414 0.096847 0.078947 0.094595
22 0.400376 0.222973 0.048872 0.049550
35 0.404135 0.333333 0.056391 0.054054
18 0.406015 0.484234 0.060150 0.067568
13 0.415414 0.655405 0.078947 0.094595
32 0.492481 0.781532 0.233083 0.040541
1 0.663534 0.114865 0.078947 0.094595
11 0.663534 0.299550 0.078947 0.094595
3 0.663534 0.475225 0.078947 0.094595
4 0.663534 0.601351 0.078947 0.094595
10 0.663534 0.731982 0.078947 0.094595
28 0.648496 0.878378 0.048872 0.063063
14 0.757519 0.092342 0.078947 0.094595
17 0.750000 0.238739 0.063910 0.063063
5 0.757519 0.362613 0.078947 0.094595
8 0.757519 0.511261 0.078947 0.094595
26 0.744361 0.659910 0.052632 0.067568
20 0.750000 0.792793 0.063910 0.063063
2 0.851504 0.078829 0.078947 0.094595
29 0.838346 0.207207 0.052632 0.072072
12 0.851504 0.344595 0.078947 0.094595
30 0.843985 0.470721 0.063910 0.076577
0 0.851504 0.583333 0.078947 0.094595
24 0.834586 0.680180 0.045113 0.054054
16 0.930451 0.085586 0.048872 0.054054
15 0.941729 0.184685 0.071429 0.063063
23 0.934211 0.304054 0.056391 0.058559
6 0.945489 0.439189 0.078947 0.094595
27 0.928571 0.590090 0.045113 0.054054
19 0.936090 0.680180 0.060150 0.054054