31 0.051282 0.055825 0.102564 0.043689
0 0.038462 0.152913 0.076923 0.101942
2 0.038462 0.298544 0.076923 0.101942
1 0.038462 0.458738 0.076923 0.101942
29 0.025641 0.640777 0.051282 0.077670
35 0.027473 0.796117 0.054945 0.058252
4 0.155678 0.089806 0.076923 0.101942
32 0.230769 0.196602 0.227106 0.043689
13 0.155678 0.313107 0.076923 0.101942
18 0.146520 0.473301 0.058608 0.072816
11 0.155678 0.643204 0.076923 0.101942
15 0.152015 0.762136 0.069597 0.067961
12 0.397436 0.104369 0.076923 0.101942
26 0.384615 0.250000 0.051282 0.072816
30 0.390110 0.371359 0.062271 0.082524
25 0.534799 0.516990 0.351648 0.053398
21 0.380952 0.650485 0.043956 0.058252
19 0.388278 0.766990 0.058608 0.058252
7 0.763736 0.080097 0.076923 0.101942
16 0.749084 0.237864 0.047619 0.058252
5 0.763736 0.347087 0.076923 0.101942
33 0.750916 0.468447 0.051282 0.072816
6 0.763736 0.633495 0.076923 0.101942
24 0.747253 0.737864 0.043956 0.058252
9 0.855311 0.094660 0.076923 0.101942
34 0.838828 0.276699 0.043956 0.067961
23 0.844322 0.405340 0.054945 0.063107
3 0.855311 0.580097 0.076923 0.101942
27 0.838828 0.742718 0.043956 0.058252
17 0.847985 0.888350 0.062271 0.067961
20 0.939560 0.087379 0.062271 0.067961
10 0.946886 0.264563 0.076923 0.101942
28 0.932234 0.407767 0.047619 0.067961
8 0.946886 0.555825 0.076923 0.101942
22 0.932234 0.677184 0.047619 0.053398
14 0.946886 0.832524 0.076923 0.101942