8 0.039474 0.115023 0.078947 0.098592
17 0.031955 0.276995 0.063910 0.065728
23 0.028195 0.420188 0.056391 0.061033
20 0.031955 0.544601 0.063910 0.065728
5 0.039474 0.673709 0.078947 0.098592
6 0.039474 0.861502 0.078947 0.098592
29 0.120301 0.107981 0.052632 0.075117
21 0.116541 0.215962 0.045113 0.056338
19 0.124060 0.319249 0.060150 0.056338
16 0.118421 0.446009 0.048872 0.056338
34 0.116541 0.539906 0.045113 0.065728
25 0.274436 0.687793 0.360902 0.051643
9 0.509398 0.105634 0.078947 0.098592
24 0.492481 0.244131 0.045113 0.056338
15 0.505639 0.384977 0.071429 0.065728
2 0.509398 0.551643 0.078947 0.098592
12 0.509398 0.715962 0.078947 0.098592
3 0.509398 0.894366 0.078947 0.098592
35 0.592105 0.065728 0.056391 0.056338
1 0.603383 0.227700 0.078947 0.098592
10 0.603383 0.363850 0.078947 0.098592
11 0.603383 0.523474 0.078947 0.098592
27 0.586466 0.647887 0.045113 0.056338
7 0.603383 0.776995 0.078947 0.098592
30 0.689850 0.082160 0.063910 0.079812
0 0.697368 0.251174 0.078947 0.098592
22 0.682331 0.406103 0.048872 0.051643
13 0.697368 0.518779 0.078947 0.098592
14 0.697368 0.669014 0.078947 0.098592
18 0.687970 0.847418 0.060150 0.070423
31 0.804511 0.091549 0.105263 0.042254
33 0.778195 0.223005 0.052632 0.070423
4 0.791353 0.373239 0.078947 0.098592
32 0.868421 0.532864 0.233083 0.042254
28 0.776316 0.652582 0.048872 0.065728
26 0.778195 0.809859 0.052632 0.070423