22 0.023810 0.094388 0.047619 0.056122
8 0.038462 0.262755 0.076923 0.107143
30 0.031136 0.451531 0.062271 0.086735
32 0.113553 0.558673 0.227106 0.045918
6 0.038462 0.696429 0.076923 0.107143
1 0.038462 0.829082 0.076923 0.107143
9 0.280220 0.114796 0.076923 0.107143
34 0.263736 0.250000 0.043956 0.071429
18 0.271062 0.400510 0.058608 0.076531
16 0.265568 0.571429 0.047619 0.061224
10 0.280220 0.727041 0.076923 0.107143
0 0.280220 0.900510 0.076923 0.107143
33 0.358974 0.068878 0.051282 0.076531
24 0.355311 0.163265 0.043956 0.061224
26 0.358974 0.298469 0.051282 0.076531
5 0.371795 0.441327 0.076923 0.107143
19 0.362637 0.576531 0.058608 0.061224
2 0.371795 0.701531 0.076923 0.107143
7 0.463370 0.125000 0.076923 0.107143
13 0.463370 0.278061 0.076923 0.107143
12 0.463370 0.446429 0.076923 0.107143
4 0.463370 0.589286 0.076923 0.107143
23 0.452381 0.742347 0.054945 0.066327
27 0.446886 0.908163 0.043956 0.061224
14 0.554945 0.114796 0.076923 0.107143
25 0.692308 0.283163 0.351648 0.056122
15 0.551282 0.397959 0.069597 0.071429
29 0.542125 0.525510 0.051282 0.081633
21 0.538462 0.683673 0.043956 0.061224
11 0.554945 0.813776 0.076923 0.107143
35 0.910256 0.061224 0.054945 0.061224
28 0.906593 0.168367 0.047619 0.071429
31 0.934066 0.288265 0.102564 0.045918
17 0.913919 0.423469 0.062271 0.071429
20 0.913919 0.561224 0.062271 0.071429
3 0.921245 0.721939 0.076923 0.107143