30 0.031136 0.077889 0.062271 0.085427
25 0.175824 0.248744 0.351648 0.055276
8 0.038462 0.369347 0.076923 0.105528
3 0.038462 0.555276 0.076923 0.105528
11 0.038462 0.736181 0.076923 0.105528
33 0.025641 0.881910 0.051282 0.075377
18 0.395604 0.062814 0.058608 0.075377
0 0.404762 0.178392 0.076923 0.105528
7 0.404762 0.359296 0.076923 0.105528
6 0.404762 0.550251 0.076923 0.105528
32 0.479853 0.655779 0.227106 0.045226
24 0.388278 0.753769 0.043956 0.060302
14 0.646520 0.123116 0.076923 0.105528
23 0.635531 0.253769 0.054945 0.065327
2 0.646520 0.419598 0.076923 0.105528
28 0.631868 0.582915 0.047619 0.070352
9 0.646520 0.701005 0.076923 0.105528
17 0.639194 0.884422 0.062271 0.070352
26 0.725275 0.072864 0.051282 0.075377
4 0.738095 0.238693 0.076923 0.105528
31 0.750916 0.339196 0.102564 0.045226
10 0.738095 0.454774 0.076923 0.105528
20 0.730769 0.613065 0.062271 0.070352
13 0.738095 0.766332 0.076923 0.105528
35 0.844322 0.065327 0.054945 0.060302
15 0.851648 0.211055 0.069597 0.070352
5 0.855311 0.344221 0.076923 0.105528
21 0.838828 0.507538 0.043956 0.060302
22 0.840659 0.650754 0.047619 0.055276
16 0.840659 0.733668 0.047619 0.060302
29 0.934066 0.100503 0.051282 0.080402
19 0.937729 0.236181 0.058608 0.060302
12 0.946886 0.359296 0.076923 0.105528
1 0.946886 0.535176 0.076923 0.105528
27 0.930403 0.693467 0.043956 0.060302
34 0.930403 0.829146 0.043956 0.070352