17 0.036638 0.094527 0.073276 0.069652
20 0.036638 0.208955 0.073276 0.069652
26 0.030172 0.375622 0.060345 0.074627
3 0.045259 0.524876 0.090517 0.104478
4 0.045259 0.689055 0.090517 0.104478
34 0.025862 0.800995 0.051724 0.069652
8 0.153017 0.101990 0.090517 0.104478
28 0.135776 0.243781 0.056034 0.069652
21 0.133621 0.338308 0.051724 0.059701
9 0.153017 0.445274 0.090517 0.104478
14 0.153017 0.589552 0.090517 0.104478
31 0.168103 0.753731 0.120690 0.044776
27 0.271552 0.059701 0.051724 0.059701
29 0.275862 0.184080 0.060345 0.079602
18 0.280172 0.310945 0.068966 0.074627
10 0.290948 0.500000 0.090517 0.104478
12 0.290948 0.689055 0.090517 0.104478
35 0.278017 0.850746 0.064655 0.059701
6 0.398707 0.121891 0.090517 0.104478
24 0.379310 0.273632 0.051724 0.059701
13 0.398707 0.430348 0.090517 0.104478
33 0.383621 0.564677 0.060345 0.074627
22 0.381466 0.659204 0.056034 0.054726
0 0.398707 0.783582 0.090517 0.104478
15 0.502155 0.099502 0.081897 0.069652
19 0.495690 0.208955 0.068966 0.059701
11 0.506466 0.390547 0.090517 0.104478
25 0.668103 0.509950 0.413793 0.054726
23 0.493534 0.634328 0.064655 0.064677
32 0.594828 0.748756 0.267241 0.044776
7 0.937500 0.106965 0.090517 0.104478
5 0.937500 0.305970 0.090517 0.104478
16 0.920259 0.432836 0.056034 0.059701
2 0.937500 0.614428 0.090517 0.104478
30 0.928879 0.753731 0.073276 0.084577
1 0.937500 0.917910 0.090517 0.104478