10 0.045259 0.091146 0.090517 0.109375
22 0.028017 0.252604 0.056034 0.057292
28 0.028017 0.390625 0.056034 0.072917
11 0.045259 0.544271 0.090517 0.109375
21 0.025862 0.671875 0.051724 0.062500
34 0.025862 0.807292 0.051724 0.072917
32 0.241379 0.080729 0.267241 0.046875
17 0.144397 0.229167 0.073276 0.072917
24 0.133621 0.343750 0.051724 0.062500
25 0.314655 0.507812 0.413793 0.057292
33 0.137931 0.669271 0.060345 0.078125
0 0.153017 0.830729 0.090517 0.109375
14 0.584052 0.091146 0.090517 0.109375
2 0.584052 0.226562 0.090517 0.109375
20 0.575431 0.385417 0.073276 0.072917
31 0.599138 0.502604 0.120690 0.046875
29 0.568966 0.656250 0.060345 0.083333
30 0.575431 0.773438 0.073276 0.088542
1 0.721983 0.080729 0.090517 0.109375
19 0.711207 0.265625 0.068966 0.062500
7 0.721983 0.455729 0.090517 0.109375
18 0.711207 0.622396 0.068966 0.078125
6 0.721983 0.752604 0.090517 0.109375
35 0.709052 0.906250 0.064655 0.062500
13 0.829741 0.080729 0.090517 0.109375
27 0.810345 0.197917 0.051724 0.062500
5 0.829741 0.346354 0.090517 0.109375
3 0.829741 0.554688 0.090517 0.109375
9 0.829741 0.736979 0.090517 0.109375
15 0.825431 0.916667 0.081897 0.072917
23 0.924569 0.091146 0.064655 0.067708
8 0.937500 0.278646 0.090517 0.109375
4 0.937500 0.476562 0.090517 0.109375
12 0.937500 0.664062 0.090517 0.109375
26 0.922414 0.783854 0.060345 0.078125
16 0.920259 0.932292 0.056034 0.062500