16 0.023810 0.097938 0.047619 0.061856
19 0.029304 0.211340 0.058608 0.061856
20 0.031136 0.304124 0.062271 0.072165
31 0.051282 0.425258 0.102564 0.046392
1 0.038462 0.579897 0.076923 0.108247
0 0.038462 0.791237 0.076923 0.108247
33 0.142857 0.095361 0.051282 0.077320
12 0.155678 0.213918 0.076923 0.108247
35 0.144689 0.402062 0.054945 0.061856
14 0.155678 0.559278 0.076923 0.108247
27 0.139194 0.731959 0.043956 0.061856
17 0.148352 0.829897 0.062271 0.072165
28 0.232601 0.087629 0.047619 0.072165
3 0.247253 0.260309 0.076923 0.108247
4 0.247253 0.414948 0.076923 0.108247
9 0.247253 0.569588 0.076923 0.108247
18 0.238095 0.760309 0.058608 0.077320
10 0.247253 0.884021 0.076923 0.108247
25 0.476190 0.074742 0.351648 0.056701
6 0.338828 0.182990 0.076923 0.108247
34 0.322344 0.371134 0.043956 0.072165
15 0.335165 0.530928 0.069597 0.072165
2 0.338828 0.677835 0.076923 0.108247
7 0.338828 0.827320 0.076923 0.108247
30 0.697802 0.069588 0.062271 0.087629
22 0.690476 0.203608 0.047619 0.056701
23 0.694139 0.296392 0.054945 0.067010
26 0.692308 0.461340 0.051282 0.077320
29 0.692308 0.634021 0.051282 0.082474
8 0.705128 0.755155 0.076923 0.108247
5 0.796703 0.121134 0.076923 0.108247
11 0.796703 0.296392 0.076923 0.108247
32 0.871795 0.409794 0.227106 0.046392
13 0.796703 0.533505 0.076923 0.108247
24 0.780220 0.685567 0.043956 0.061856
21 0.780220 0.835052 0.043956 0.061856