18 0.030075 0.075107 0.060150 0.064378
24 0.022556 0.171674 0.045113 0.051502
21 0.022556 0.253219 0.045113 0.051502
13 0.039474 0.354077 0.078947 0.090129
35 0.028195 0.497854 0.056391 0.051502
29 0.026316 0.592275 0.052632 0.068670
4 0.133459 0.109442 0.078947 0.090129
32 0.210526 0.259657 0.233083 0.038627
19 0.124060 0.330472 0.060150 0.051502
6 0.133459 0.439914 0.078947 0.090129
16 0.118421 0.553648 0.048872 0.051502
33 0.120301 0.654506 0.052632 0.064378
14 0.381579 0.079399 0.078947 0.090129
25 0.522556 0.182403 0.360902 0.047210
28 0.366541 0.321888 0.048872 0.060086
12 0.381579 0.448498 0.078947 0.090129
20 0.374060 0.583691 0.063910 0.060086
31 0.394737 0.688841 0.105263 0.038627
34 0.740602 0.077253 0.045113 0.060086
15 0.753759 0.180258 0.071429 0.060086
5 0.757519 0.328326 0.078947 0.090129
23 0.746241 0.435622 0.056391 0.055794
9 0.757519 0.542918 0.078947 0.090129
27 0.740602 0.643777 0.045113 0.051502
3 0.851504 0.075107 0.078947 0.090129
8 0.851504 0.229614 0.078947 0.090129
7 0.851504 0.379828 0.078947 0.090129
2 0.851504 0.551502 0.078947 0.090129
30 0.843985 0.718884 0.063910 0.072961
0 0.851504 0.881974 0.078947 0.090129
10 0.945489 0.083691 0.078947 0.090129
1 0.945489 0.195279 0.078947 0.090129
11 0.945489 0.349785 0.078947 0.090129
17 0.937970 0.450644 0.063910 0.060086
26 0.932331 0.551502 0.052632 0.064378
22 0.930451 0.675966 0.048872 0.047210