19 0.034483 0.053659 0.068966 0.058537
5 0.045259 0.207317 0.090517 0.102439
34 0.025862 0.351220 0.051724 0.068293
1 0.045259 0.460976 0.090517 0.102439
31 0.060345 0.607317 0.120690 0.043902
21 0.025862 0.741463 0.051724 0.058537
9 0.183190 0.124390 0.090517 0.102439
16 0.165948 0.248780 0.056034 0.058537
12 0.183190 0.358537 0.090517 0.102439
11 0.183190 0.504878 0.090517 0.102439
4 0.183190 0.631707 0.090517 0.102439
10 0.183190 0.778049 0.090517 0.102439
18 0.280172 0.075610 0.068966 0.073171
25 0.452586 0.231707 0.413793 0.053659
2 0.290948 0.402439 0.090517 0.102439
32 0.379310 0.539024 0.267241 0.043902
3 0.290948 0.704878 0.090517 0.102439
7 0.290948 0.860976 0.090517 0.102439
15 0.717672 0.063415 0.081897 0.068293
33 0.706897 0.197561 0.060345 0.073171
13 0.721983 0.309756 0.090517 0.102439
22 0.704741 0.475610 0.056034 0.053659
0 0.721983 0.612195 0.090517 0.102439
24 0.702586 0.717073 0.051724 0.058537
27 0.810345 0.078049 0.051724 0.058537
17 0.821121 0.209756 0.073276 0.068293
20 0.821121 0.302439 0.073276 0.068293
30 0.821121 0.451220 0.073276 0.082927
14 0.829741 0.631707 0.090517 0.102439
35 0.816810 0.795122 0.064655 0.058537
8 0.937500 0.114634 0.090517 0.102439
28 0.920259 0.273171 0.056034 0.068293
6 0.937500 0.382927 0.090517 0.102439
26 0.922414 0.543902 0.060345 0.073171
23 0.924569 0.641463 0.064655 0.063415
29 0.922414 0.741463 0.060345 0.078049