25 0.180451 0.081683 0.360902 0.054455
27 0.022556 0.188119 0.045113 0.059406
31 0.052632 0.304455 0.105263 0.044554
11 0.039474 0.423267 0.078947 0.103960
26 0.026316 0.591584 0.052632 0.074257
28 0.024436 0.722772 0.048872 0.069307
22 0.400376 0.091584 0.048872 0.054455
6 0.415414 0.254950 0.078947 0.103960
33 0.402256 0.403465 0.052632 0.074257
16 0.400376 0.534653 0.048872 0.059406
8 0.415414 0.705446 0.078947 0.103960
23 0.404135 0.883663 0.056391 0.064356
9 0.509398 0.086634 0.078947 0.103960
20 0.501880 0.252475 0.063910 0.069307
15 0.505639 0.356436 0.071429 0.069307
12 0.509398 0.522277 0.078947 0.103960
5 0.509398 0.705446 0.078947 0.103960
35 0.498120 0.876238 0.056391 0.059406
21 0.586466 0.064356 0.045113 0.059406
30 0.595865 0.195545 0.063910 0.084158
32 0.680451 0.289604 0.233083 0.044554
34 0.586466 0.381188 0.045113 0.069307
7 0.603383 0.556931 0.078947 0.103960
18 0.593985 0.670792 0.060150 0.074257
13 0.851504 0.101485 0.078947 0.103960
10 0.851504 0.304455 0.078947 0.103960
17 0.843985 0.435644 0.063910 0.069307
2 0.851504 0.581683 0.078947 0.103960
14 0.851504 0.710396 0.078947 0.103960
19 0.842105 0.866337 0.060150 0.059406
1 0.945489 0.086634 0.078947 0.103960
0 0.945489 0.250000 0.078947 0.103960
29 0.932331 0.396040 0.052632 0.079208
24 0.928571 0.495050 0.045113 0.059406
4 0.945489 0.611386 0.078947 0.103960
3 0.945489 0.809406 0.078947 0.103960