30 0.031955 0.113065 0.063910 0.085427
4 0.039474 0.309045 0.078947 0.105528
10 0.039474 0.444724 0.078947 0.105528
18 0.030075 0.600503 0.060150 0.075377
23 0.028195 0.716080 0.056391 0.065327
28 0.024436 0.834171 0.048872 0.070352
22 0.118421 0.103015 0.048872 0.055276
19 0.124060 0.216080 0.060150 0.060302
17 0.125940 0.331658 0.063910 0.070352
7 0.133459 0.459799 0.078947 0.105528
32 0.210526 0.635678 0.233083 0.045226
20 0.125940 0.788945 0.063910 0.070352
33 0.368421 0.108040 0.052632 0.075377
26 0.368421 0.268844 0.052632 0.075377
27 0.364662 0.361809 0.045113 0.060302
5 0.381579 0.494975 0.078947 0.105528
21 0.364662 0.633166 0.045113 0.060302
6 0.381579 0.811558 0.078947 0.105528
12 0.475564 0.082915 0.078947 0.105528
13 0.475564 0.228643 0.078947 0.105528
31 0.488722 0.334171 0.105263 0.045226
25 0.616541 0.414573 0.360902 0.055276
0 0.475564 0.580402 0.078947 0.105528
15 0.471805 0.733668 0.071429 0.070352
3 0.851504 0.087940 0.078947 0.105528
14 0.851504 0.263819 0.078947 0.105528
8 0.851504 0.429648 0.078947 0.105528
34 0.834586 0.603015 0.045113 0.070352
2 0.851504 0.731156 0.078947 0.105528
35 0.840226 0.884422 0.056391 0.060302
11 0.945489 0.128141 0.078947 0.105528
24 0.928571 0.286432 0.045113 0.060302
16 0.930451 0.402010 0.048872 0.060302
29 0.932331 0.562814 0.052632 0.080402
9 0.945489 0.726131 0.078947 0.105528
1 0.945489 0.922111 0.078947 0.105528