28 0.024164 0.093333 0.048327 0.062222
33 0.026022 0.184444 0.052045 0.066667
1 0.039033 0.335556 0.078067 0.093333
32 0.115242 0.446667 0.230483 0.040000
20 0.031599 0.542222 0.063197 0.062222
0 0.039033 0.664444 0.078067 0.093333
34 0.267658 0.071111 0.044610 0.062222
9 0.284387 0.197778 0.078067 0.093333
27 0.267658 0.333333 0.044610 0.053333
10 0.284387 0.428889 0.078067 0.093333
5 0.284387 0.553333 0.078067 0.093333
4 0.284387 0.722222 0.078067 0.093333
29 0.364312 0.080000 0.052045 0.071111
35 0.366171 0.213333 0.055762 0.053333
16 0.362454 0.315556 0.048327 0.053333
18 0.368030 0.428889 0.059480 0.066667
19 0.368030 0.537778 0.059480 0.053333
30 0.369888 0.691111 0.063197 0.075556
23 0.444238 0.064444 0.055762 0.057778
22 0.440520 0.162222 0.048327 0.048889
25 0.594796 0.233333 0.356877 0.048889
14 0.455390 0.331111 0.078067 0.093333
24 0.438662 0.431111 0.044610 0.053333
21 0.438662 0.560000 0.044610 0.053333
7 0.827138 0.104444 0.078067 0.093333
13 0.827138 0.286667 0.078067 0.093333
26 0.814126 0.411111 0.052045 0.066667
11 0.827138 0.575556 0.078067 0.093333
15 0.823420 0.711111 0.070632 0.062222
8 0.827138 0.873333 0.078067 0.093333
3 0.920074 0.113333 0.078067 0.093333
6 0.920074 0.260000 0.078067 0.093333
17 0.912639 0.426667 0.063197 0.062222
12 0.920074 0.526667 0.078067 0.093333
31 0.933086 0.646667 0.104089 0.040000
2 0.920074 0.775556 0.078067 0.093333