34 0.021978 0.100000 0.043956 0.066667
24 0.021978 0.204762 0.043956 0.057143
19 0.029304 0.333333 0.058608 0.057143
13 0.038462 0.507143 0.076923 0.100000
15 0.034799 0.680952 0.069597 0.066667
3 0.038462 0.807143 0.076923 0.100000
11 0.130037 0.088095 0.076923 0.100000
26 0.117216 0.250000 0.051282 0.071429
6 0.130037 0.397619 0.076923 0.100000
27 0.113553 0.566667 0.043956 0.057143
30 0.122711 0.721429 0.062271 0.080952
29 0.117216 0.876190 0.051282 0.076190
28 0.206960 0.085714 0.047619 0.066667
20 0.214286 0.190476 0.062271 0.066667
16 0.206960 0.347619 0.047619 0.057143
31 0.234432 0.430952 0.102564 0.042857
2 0.221612 0.569048 0.076923 0.100000
12 0.221612 0.764286 0.076923 0.100000
21 0.322344 0.066667 0.043956 0.057143
4 0.338828 0.197619 0.076923 0.100000
8 0.338828 0.350000 0.076923 0.100000
9 0.338828 0.530952 0.076923 0.100000
35 0.327839 0.642857 0.054945 0.057143
14 0.338828 0.783333 0.076923 0.100000
1 0.430403 0.111905 0.076923 0.100000
23 0.419414 0.269048 0.054945 0.061905
33 0.417582 0.388095 0.051282 0.071429
0 0.430403 0.511905 0.076923 0.100000
25 0.567766 0.669048 0.351648 0.052381
17 0.423077 0.823810 0.062271 0.066667
10 0.796703 0.097619 0.076923 0.100000
22 0.782051 0.197619 0.047619 0.052381
5 0.796703 0.297619 0.076923 0.100000
7 0.796703 0.440476 0.076923 0.100000
18 0.787546 0.569048 0.058608 0.071429
32 0.871795 0.697619 0.227106 0.042857