35 0.027473 0.083333 0.054945 0.062500
30 0.031136 0.257812 0.062271 0.088542
13 0.038462 0.414062 0.076923 0.109375
20 0.031136 0.557292 0.062271 0.072917
7 0.038462 0.679688 0.076923 0.109375
11 0.038462 0.882812 0.076923 0.109375
32 0.205128 0.085938 0.227106 0.046875
6 0.130037 0.216146 0.076923 0.109375
33 0.117216 0.382812 0.051282 0.078125
28 0.115385 0.510417 0.047619 0.072917
19 0.120879 0.609375 0.058608 0.062500
10 0.130037 0.768229 0.076923 0.109375
24 0.355311 0.088542 0.043956 0.062500
23 0.360806 0.242188 0.054945 0.067708
29 0.358974 0.364583 0.051282 0.083333
27 0.355311 0.515625 0.043956 0.062500
0 0.371795 0.627604 0.076923 0.109375
26 0.358974 0.773438 0.051282 0.078125
22 0.448718 0.096354 0.047619 0.057292
9 0.463370 0.252604 0.076923 0.109375
5 0.463370 0.388021 0.076923 0.109375
21 0.446886 0.505208 0.043956 0.062500
2 0.463370 0.617188 0.076923 0.109375
18 0.454212 0.778646 0.058608 0.078125
31 0.567766 0.085938 0.102564 0.046875
12 0.554945 0.200521 0.076923 0.109375
3 0.554945 0.382812 0.076923 0.109375
17 0.547619 0.541667 0.062271 0.072917
8 0.554945 0.690104 0.076923 0.109375
15 0.551282 0.822917 0.069597 0.072917
25 0.809524 0.080729 0.351648 0.057292
14 0.672161 0.263021 0.076923 0.109375
4 0.672161 0.445312 0.076923 0.109375
16 0.657509 0.604167 0.047619 0.062500
1 0.672161 0.747396 0.076923 0.109375
34 0.655678 0.869792 0.043956 0.072917