2 0.039474 0.130102 0.078947 0.107143
25 0.180451 0.272959 0.360902 0.056122
26 0.026316 0.415816 0.052632 0.076531
13 0.039474 0.553571 0.078947 0.107143
31 0.052632 0.727041 0.105263 0.045918
35 0.028195 0.872449 0.056391 0.061224
32 0.492481 0.053571 0.233083 0.045918
27 0.398496 0.132653 0.045113 0.061224
34 0.398496 0.295918 0.045113 0.071429
14 0.415414 0.471939 0.078947 0.107143
4 0.415414 0.655612 0.078947 0.107143
3 0.415414 0.818878 0.078947 0.107143
11 0.663534 0.084184 0.078947 0.107143
8 0.663534 0.221939 0.078947 0.107143
28 0.648496 0.352041 0.048872 0.071429
15 0.659774 0.500000 0.071429 0.071429
9 0.663534 0.691327 0.078947 0.107143
21 0.646617 0.841837 0.045113 0.061224
19 0.748120 0.076531 0.060150 0.061224
18 0.748120 0.181122 0.060150 0.076531
17 0.750000 0.352041 0.063910 0.071429
33 0.744361 0.451531 0.052632 0.076531
7 0.757519 0.609694 0.078947 0.107143
0 0.757519 0.798469 0.078947 0.107143
20 0.843985 0.081633 0.063910 0.071429
24 0.834586 0.244898 0.045113 0.061224
29 0.838346 0.418367 0.052632 0.081633
22 0.836466 0.568878 0.048872 0.056122
30 0.843985 0.681122 0.063910 0.086735
5 0.851504 0.869898 0.078947 0.107143
6 0.945489 0.125000 0.078947 0.107143
10 0.945489 0.257653 0.078947 0.107143
1 0.945489 0.415816 0.078947 0.107143
12 0.945489 0.619898 0.078947 0.107143
16 0.930451 0.750000 0.048872 0.061224
23 0.934211 0.839286 0.056391 0.066327