7 0.045259 0.092342 0.090517 0.094595
28 0.028017 0.211712 0.056034 0.063063
5 0.045259 0.367117 0.090517 0.094595
2 0.045259 0.502252 0.090517 0.094595
34 0.025862 0.603604 0.051724 0.063063
17 0.036638 0.711712 0.073276 0.063063
12 0.153017 0.110360 0.090517 0.094595
31 0.168103 0.250000 0.120690 0.040541
21 0.133621 0.369369 0.051724 0.054054
9 0.153017 0.475225 0.090517 0.094595
29 0.137931 0.630631 0.060345 0.072072
27 0.133621 0.747748 0.051724 0.054054
33 0.275862 0.074324 0.060345 0.067568
23 0.278017 0.191441 0.064655 0.058559
6 0.290948 0.290541 0.090517 0.094595
10 0.290948 0.421171 0.090517 0.094595
35 0.278017 0.531532 0.064655 0.054054
11 0.290948 0.659910 0.090517 0.094595
16 0.381466 0.054054 0.056034 0.054054
24 0.379310 0.184685 0.051724 0.054054
0 0.398707 0.349099 0.090517 0.094595
19 0.387931 0.504505 0.068966 0.054054
15 0.394397 0.612613 0.081897 0.063063
14 0.398707 0.781532 0.090517 0.094595
30 0.497845 0.105856 0.073276 0.076577
1 0.506466 0.281532 0.090517 0.094595
22 0.489224 0.439189 0.056034 0.049550
13 0.506466 0.601351 0.090517 0.094595
8 0.506466 0.763514 0.090517 0.094595
4 0.506466 0.907658 0.090517 0.094595
3 0.614224 0.074324 0.090517 0.094595
32 0.702586 0.209459 0.267241 0.040541
25 0.775862 0.335586 0.413793 0.049550
26 0.599138 0.421171 0.060345 0.067568
18 0.603448 0.533784 0.068966 0.067568
20 0.605603 0.666667 0.073276 0.063063