9 0.038462 0.117188 0.076923 0.109375
1 0.038462 0.252604 0.076923 0.109375
32 0.113553 0.398438 0.227106 0.046875
24 0.021978 0.489583 0.043956 0.062500
23 0.027473 0.611979 0.054945 0.067708
8 0.038462 0.783854 0.076923 0.109375
15 0.276557 0.098958 0.069597 0.072917
25 0.417582 0.195312 0.351648 0.057292
11 0.280220 0.372396 0.076923 0.109375
13 0.280220 0.507812 0.076923 0.109375
7 0.280220 0.643229 0.076923 0.109375
12 0.280220 0.835938 0.076923 0.109375
26 0.633700 0.117188 0.051282 0.078125
4 0.646520 0.299479 0.076923 0.109375
10 0.646520 0.476562 0.076923 0.109375
34 0.630037 0.645833 0.043956 0.072917
31 0.659341 0.768229 0.102564 0.046875
22 0.631868 0.856771 0.047619 0.057292
2 0.763736 0.122396 0.076923 0.109375
3 0.763736 0.330729 0.076923 0.109375
18 0.754579 0.492188 0.058608 0.078125
27 0.747253 0.619792 0.043956 0.062500
6 0.763736 0.783854 0.076923 0.109375
28 0.749084 0.932292 0.047619 0.072917
17 0.847985 0.078125 0.062271 0.072917
29 0.842491 0.187500 0.051282 0.083333
14 0.855311 0.320312 0.076923 0.109375
20 0.847985 0.500000 0.062271 0.072917
21 0.838828 0.651042 0.043956 0.062500
0 0.855311 0.841146 0.076923 0.109375
16 0.932234 0.093750 0.047619 0.062500
33 0.934066 0.216146 0.051282 0.078125
19 0.937729 0.343750 0.058608 0.062500
35 0.935897 0.510417 0.054945 0.062500
5 0.946886 0.684896 0.076923 0.109375
30 0.939560 0.882812 0.062271 0.088542