21 0.021978 0.106599 0.043956 0.060914
3 0.038462 0.271574 0.076923 0.106599
22 0.023810 0.439086 0.047619 0.055838
35 0.027473 0.578680 0.054945 0.060914
0 0.038462 0.758883 0.076923 0.106599
8 0.038462 0.911168 0.076923 0.106599
17 0.122711 0.081218 0.062271 0.071066
9 0.130037 0.256345 0.076923 0.106599
11 0.130037 0.398477 0.076923 0.106599
23 0.119048 0.571066 0.054945 0.065990
4 0.130037 0.708122 0.076923 0.106599
19 0.120879 0.832487 0.058608 0.060914
34 0.205128 0.060914 0.043956 0.071066
7 0.221612 0.195431 0.076923 0.106599
33 0.208791 0.362944 0.051282 0.076142
24 0.205128 0.482234 0.043956 0.060914
5 0.221612 0.637056 0.076923 0.106599
10 0.221612 0.774112 0.076923 0.106599
6 0.313187 0.093909 0.076923 0.106599
29 0.300366 0.248731 0.051282 0.081218
18 0.304029 0.362944 0.058608 0.076142
26 0.300366 0.510152 0.051282 0.076142
32 0.388278 0.626904 0.227106 0.045685
20 0.305861 0.741117 0.062271 0.071066
13 0.554945 0.083756 0.076923 0.106599
12 0.554945 0.286802 0.076923 0.106599
31 0.567766 0.444162 0.102564 0.045685
1 0.554945 0.571066 0.076923 0.106599
30 0.547619 0.718274 0.062271 0.086294
2 0.554945 0.890863 0.076923 0.106599
16 0.657509 0.091371 0.047619 0.060914
15 0.668498 0.253807 0.069597 0.071066
27 0.655678 0.401015 0.043956 0.060914
14 0.672161 0.571066 0.076923 0.106599
28 0.657509 0.700508 0.047619 0.071066
25 0.809524 0.794416 0.351648 0.055838