7 0.039474 0.109223 0.078947 0.101942
10 0.039474 0.283981 0.078947 0.101942
14 0.039474 0.458738 0.078947 0.101942
8 0.039474 0.589806 0.078947 0.101942
2 0.039474 0.725728 0.078947 0.101942
17 0.031955 0.844660 0.063910 0.067961
3 0.133459 0.099515 0.078947 0.101942
35 0.122180 0.233010 0.056391 0.058252
15 0.129699 0.325243 0.071429 0.067961
19 0.124060 0.475728 0.060150 0.058252
13 0.133459 0.618932 0.078947 0.101942
16 0.118421 0.796117 0.048872 0.058252
27 0.210526 0.072816 0.045113 0.058252
26 0.214286 0.235437 0.052632 0.072816
22 0.212406 0.366505 0.048872 0.053398
30 0.219925 0.521845 0.063910 0.082524
5 0.227444 0.706311 0.078947 0.101942
0 0.227444 0.905340 0.078947 0.101942
18 0.312030 0.080097 0.060150 0.072816
31 0.334586 0.211165 0.105263 0.043689
33 0.308271 0.351942 0.052632 0.072816
25 0.462406 0.483010 0.360902 0.053398
21 0.304511 0.572816 0.045113 0.058252
6 0.321429 0.706311 0.078947 0.101942
4 0.697368 0.084951 0.078947 0.101942
9 0.697368 0.254854 0.078947 0.101942
34 0.680451 0.383495 0.045113 0.067961
20 0.689850 0.538835 0.063910 0.067961
11 0.697368 0.667476 0.078947 0.101942
24 0.680451 0.781553 0.045113 0.058252
12 0.791353 0.094660 0.078947 0.101942
32 0.868421 0.240291 0.233083 0.043689
23 0.780075 0.327670 0.056391 0.063107
28 0.776316 0.432039 0.048872 0.067961
29 0.778195 0.567961 0.052632 0.077670
1 0.791353 0.720874 0.078947 0.101942