8 0.038462 0.127500 0.076923 0.105000
16 0.023810 0.255000 0.047619 0.060000
5 0.038462 0.362500 0.076923 0.105000
12 0.038462 0.552500 0.076923 0.105000
23 0.027473 0.727500 0.054945 0.065000
22 0.023810 0.842500 0.047619 0.055000
2 0.130037 0.127500 0.076923 0.105000
6 0.130037 0.317500 0.076923 0.105000
3 0.130037 0.512500 0.076923 0.105000
28 0.115385 0.655000 0.047619 0.070000
25 0.267399 0.782500 0.351648 0.055000
21 0.113553 0.930000 0.043956 0.060000
18 0.487179 0.102500 0.058608 0.075000
0 0.496337 0.267500 0.076923 0.105000
35 0.485348 0.390000 0.054945 0.060000
24 0.479853 0.475000 0.043956 0.060000
15 0.492674 0.640000 0.069597 0.070000
13 0.496337 0.757500 0.076923 0.105000
9 0.587912 0.092500 0.076923 0.105000
17 0.580586 0.230000 0.062271 0.070000
14 0.587912 0.392500 0.076923 0.105000
31 0.600733 0.517500 0.102564 0.045000
19 0.578755 0.640000 0.058608 0.060000
30 0.580586 0.812500 0.062271 0.085000
10 0.705128 0.112500 0.076923 0.105000
29 0.692308 0.270000 0.051282 0.080000
34 0.688645 0.370000 0.043956 0.070000
27 0.688645 0.525000 0.043956 0.060000
20 0.697802 0.650000 0.062271 0.070000
26 0.692308 0.792500 0.051282 0.075000
1 0.796703 0.097500 0.076923 0.105000
7 0.796703 0.272500 0.076923 0.105000
11 0.796703 0.462500 0.076923 0.105000
32 0.871795 0.592500 0.227106 0.045000
33 0.783883 0.702500 0.051282 0.075000
4 0.796703 0.817500 0.076923 0.105000