10 0.038462 0.118605 0.076923 0.097674
24 0.021978 0.279070 0.043956 0.055814
32 0.113553 0.388372 0.227106 0.041860
33 0.025641 0.490698 0.051282 0.069767
28 0.023810 0.609302 0.047619 0.065116
34 0.021978 0.739535 0.043956 0.065116
7 0.280220 0.100000 0.076923 0.097674
20 0.272894 0.260465 0.062271 0.065116
14 0.280220 0.393023 0.076923 0.097674
1 0.280220 0.579070 0.076923 0.097674
0 0.280220 0.718605 0.076923 0.097674
22 0.265568 0.830233 0.047619 0.051163
9 0.371795 0.095349 0.076923 0.097674
17 0.364469 0.265116 0.062271 0.065116
26 0.358974 0.369767 0.051282 0.069767
25 0.509158 0.486047 0.351648 0.051163
19 0.362637 0.586047 0.058608 0.055814
15 0.368132 0.683721 0.069597 0.065116
31 0.750916 0.076744 0.102564 0.041860
3 0.738095 0.211628 0.076923 0.097674
23 0.727106 0.379070 0.054945 0.060465
16 0.723443 0.479070 0.047619 0.055814
30 0.730769 0.602326 0.062271 0.079070
2 0.738095 0.751163 0.076923 0.097674
12 0.855311 0.086047 0.076923 0.097674
29 0.842491 0.223256 0.051282 0.074419
6 0.855311 0.346512 0.076923 0.097674
5 0.855311 0.537209 0.076923 0.097674
21 0.838828 0.660465 0.043956 0.055814
35 0.844322 0.790698 0.054945 0.055814
8 0.946886 0.100000 0.076923 0.097674
27 0.930403 0.246512 0.043956 0.055814
13 0.946886 0.406977 0.076923 0.097674
4 0.946886 0.588372 0.076923 0.097674
11 0.946886 0.737209 0.076923 0.097674
18 0.937729 0.876744 0.058608 0.069767