11 0.038462 0.111905 0.076923 0.100000
13 0.038462 0.302381 0.076923 0.100000
34 0.021978 0.447619 0.043956 0.066667
14 0.038462 0.578571 0.076923 0.100000
25 0.175824 0.730952 0.351648 0.052381
10 0.038462 0.859524 0.076923 0.100000
9 0.404762 0.097619 0.076923 0.100000
3 0.404762 0.245238 0.076923 0.100000
5 0.404762 0.421429 0.076923 0.100000
28 0.390110 0.595238 0.047619 0.066667
32 0.479853 0.740476 0.227106 0.042857
1 0.404762 0.888095 0.076923 0.100000
21 0.630037 0.057143 0.043956 0.057143
6 0.646520 0.221429 0.076923 0.100000
30 0.639194 0.373810 0.062271 0.080952
2 0.646520 0.488095 0.076923 0.100000
16 0.631868 0.628571 0.047619 0.057143
19 0.637363 0.738095 0.058608 0.057143
17 0.730769 0.104762 0.062271 0.066667
29 0.725275 0.261905 0.051282 0.076190
23 0.727106 0.378571 0.054945 0.061905
27 0.721612 0.523810 0.043956 0.057143
4 0.738095 0.654762 0.076923 0.100000
22 0.723443 0.807143 0.047619 0.052381
8 0.829670 0.073810 0.076923 0.100000
15 0.826007 0.195238 0.069597 0.066667
7 0.829670 0.335714 0.076923 0.100000
31 0.842491 0.473810 0.102564 0.042857
26 0.816850 0.597619 0.051282 0.071429
24 0.813187 0.728571 0.043956 0.057143
18 0.937729 0.078571 0.058608 0.071429
20 0.939560 0.223810 0.062271 0.066667
12 0.946886 0.392857 0.076923 0.100000
35 0.935897 0.542857 0.054945 0.057143
0 0.946886 0.702381 0.076923 0.100000
33 0.934066 0.826190 0.051282 0.071429