20 0.031136 0.078704 0.062271 0.064815
34 0.021978 0.166667 0.043956 0.064815
3 0.038462 0.289352 0.076923 0.097222
29 0.025641 0.398148 0.051282 0.074074
0 0.038462 0.534722 0.076923 0.097222
24 0.021978 0.648148 0.043956 0.055556
12 0.130037 0.113426 0.076923 0.097222
7 0.130037 0.293981 0.076923 0.097222
18 0.120879 0.456019 0.058608 0.069444
11 0.130037 0.581019 0.076923 0.097222
28 0.115385 0.708333 0.047619 0.064815
8 0.130037 0.858796 0.076923 0.097222
22 0.206960 0.090278 0.047619 0.050926
9 0.221612 0.210648 0.076923 0.097222
27 0.205128 0.361111 0.043956 0.055556
17 0.214286 0.495370 0.062271 0.064815
30 0.214286 0.599537 0.062271 0.078704
23 0.210623 0.701389 0.054945 0.060185
19 0.304029 0.055556 0.058608 0.055556
4 0.313187 0.155093 0.076923 0.097222
32 0.388278 0.312500 0.227106 0.041667
26 0.300366 0.446759 0.051282 0.069444
10 0.313187 0.622685 0.076923 0.097222
6 0.313187 0.803241 0.076923 0.097222
2 0.554945 0.090278 0.076923 0.097222
5 0.554945 0.261574 0.076923 0.097222
16 0.540293 0.412037 0.047619 0.055556
35 0.543956 0.509259 0.054945 0.055556
31 0.567766 0.594907 0.102564 0.041667
33 0.542125 0.710648 0.051282 0.069444
25 0.809524 0.071759 0.351648 0.050926
21 0.655678 0.166667 0.043956 0.055556
14 0.672161 0.331019 0.076923 0.097222
15 0.668498 0.495370 0.069597 0.064815
13 0.672161 0.668981 0.076923 0.097222
1 0.672161 0.821759 0.076923 0.097222