35 0.032328 0.101523 0.064655 0.060914
9 0.045259 0.266497 0.090517 0.106599
12 0.045259 0.434010 0.090517 0.106599
10 0.045259 0.616751 0.090517 0.106599
34 0.025862 0.746193 0.051724 0.071066
11 0.045259 0.890863 0.090517 0.106599
4 0.153017 0.083756 0.090517 0.106599
17 0.144397 0.197970 0.073276 0.071066
7 0.153017 0.342640 0.090517 0.106599
29 0.137931 0.517766 0.060345 0.081218
1 0.153017 0.637056 0.090517 0.106599
16 0.135776 0.802030 0.056034 0.060914
6 0.260776 0.093909 0.090517 0.106599
27 0.241379 0.218274 0.051724 0.060914
3 0.260776 0.368020 0.090517 0.106599
21 0.241379 0.548223 0.051724 0.060914
22 0.243534 0.682741 0.056034 0.055838
13 0.260776 0.809645 0.090517 0.106599
33 0.353448 0.088832 0.060345 0.076142
28 0.351293 0.203046 0.056034 0.071066
31 0.383621 0.291878 0.120690 0.045685
26 0.353448 0.378173 0.060345 0.076142
20 0.359914 0.517766 0.073276 0.071066
30 0.359914 0.677665 0.073276 0.086294
18 0.495690 0.073604 0.068966 0.076142
32 0.594828 0.185279 0.267241 0.045685
2 0.506466 0.322335 0.090517 0.106599
5 0.506466 0.454315 0.090517 0.106599
24 0.487069 0.578680 0.051724 0.060914
25 0.668103 0.677665 0.413793 0.055838
8 0.937500 0.098985 0.090517 0.106599
0 0.937500 0.307107 0.090517 0.106599
23 0.924569 0.484772 0.064655 0.065990
19 0.926724 0.578680 0.068966 0.060914
14 0.937500 0.743655 0.090517 0.106599
15 0.933190 0.934010 0.081897 0.071066