20 0.031136 0.100000 0.062271 0.063636
15 0.034799 0.231818 0.069597 0.063636
25 0.175824 0.338636 0.351648 0.050000
11 0.038462 0.479545 0.076923 0.095455
24 0.021978 0.604545 0.043956 0.054545
17 0.031136 0.700000 0.062271 0.063636
28 0.390110 0.077273 0.047619 0.063636
8 0.404762 0.234091 0.076923 0.095455
22 0.390110 0.379545 0.047619 0.050000
2 0.404762 0.529545 0.076923 0.095455
13 0.404762 0.715909 0.076923 0.095455
4 0.404762 0.879545 0.076923 0.095455
7 0.496337 0.097727 0.076923 0.095455
9 0.496337 0.270455 0.076923 0.095455
23 0.485348 0.438636 0.054945 0.059091
1 0.496337 0.588636 0.076923 0.095455
31 0.509158 0.684091 0.102564 0.040909
16 0.481685 0.759091 0.047619 0.054545
0 0.613553 0.102273 0.076923 0.095455
34 0.597070 0.204545 0.043956 0.063636
21 0.597070 0.300000 0.043956 0.054545
30 0.606227 0.438636 0.062271 0.077273
14 0.613553 0.570455 0.076923 0.095455
33 0.600733 0.743182 0.051282 0.068182
27 0.688645 0.059091 0.043956 0.054545
32 0.780220 0.170455 0.227106 0.040909
26 0.692308 0.302273 0.051282 0.068182
5 0.705128 0.411364 0.076923 0.095455
6 0.705128 0.570455 0.076923 0.095455
12 0.705128 0.747727 0.076923 0.095455
3 0.946886 0.102273 0.076923 0.095455
18 0.937729 0.211364 0.058608 0.068182
19 0.937729 0.300000 0.058608 0.054545
29 0.934066 0.431818 0.051282 0.072727
35 0.935897 0.531818 0.054945 0.054545
10 0.946886 0.634091 0.076923 0.095455