29 0.026718 0.105000 0.053435 0.080000
1 0.040076 0.242500 0.080153 0.105000
26 0.026718 0.367500 0.053435 0.075000
7 0.040076 0.482500 0.080153 0.105000
20 0.032443 0.635000 0.064885 0.070000
2 0.040076 0.767500 0.080153 0.105000
32 0.213740 0.072500 0.236641 0.045000
30 0.127863 0.207500 0.064885 0.085000
28 0.120229 0.380000 0.049618 0.070000
10 0.135496 0.502500 0.080153 0.105000
31 0.148855 0.612500 0.106870 0.045000
13 0.135496 0.747500 0.080153 0.105000
9 0.387405 0.102500 0.080153 0.105000
22 0.372137 0.212500 0.049618 0.055000
0 0.387405 0.392500 0.080153 0.105000
4 0.387405 0.532500 0.080153 0.105000
18 0.377863 0.677500 0.061069 0.075000
5 0.387405 0.802500 0.080153 0.105000
3 0.482824 0.112500 0.080153 0.105000
21 0.465649 0.270000 0.045802 0.060000
11 0.482824 0.412500 0.080153 0.105000
15 0.479008 0.535000 0.072519 0.070000
12 0.482824 0.652500 0.080153 0.105000
25 0.625954 0.827500 0.366412 0.055000
33 0.851145 0.102500 0.053435 0.075000
6 0.864504 0.252500 0.080153 0.105000
19 0.854962 0.410000 0.061069 0.060000
8 0.864504 0.577500 0.080153 0.105000
14 0.864504 0.747500 0.080153 0.105000
24 0.847328 0.890000 0.045802 0.060000
23 0.948473 0.057500 0.057252 0.065000
34 0.942748 0.220000 0.045802 0.070000
35 0.948473 0.355000 0.057252 0.060000
16 0.944656 0.485000 0.049618 0.060000
17 0.952290 0.615000 0.064885 0.070000
27 0.942748 0.765000 0.045802 0.060000