9 0.038462 0.077114 0.076923 0.104478
6 0.038462 0.266169 0.076923 0.104478
20 0.031136 0.427861 0.062271 0.069652
27 0.021978 0.557214 0.043956 0.059701
1 0.038462 0.728856 0.076923 0.104478
5 0.038462 0.917910 0.076923 0.104478
8 0.130037 0.077114 0.076923 0.104478
16 0.115385 0.213930 0.047619 0.059701
25 0.267399 0.360697 0.351648 0.054726
12 0.130037 0.465174 0.076923 0.104478
18 0.120879 0.619403 0.058608 0.074627
33 0.117216 0.743781 0.051282 0.074627
14 0.496337 0.077114 0.076923 0.104478
4 0.496337 0.261194 0.076923 0.104478
2 0.496337 0.415423 0.076923 0.104478
28 0.481685 0.527363 0.047619 0.069652
34 0.479853 0.656716 0.043956 0.069652
13 0.496337 0.798507 0.076923 0.104478
24 0.571429 0.054726 0.043956 0.059701
35 0.576923 0.199005 0.054945 0.059701
23 0.576923 0.296020 0.054945 0.064677
32 0.663004 0.440299 0.227106 0.044776
29 0.575092 0.537313 0.051282 0.079602
17 0.580586 0.691542 0.062271 0.069652
30 0.822344 0.087065 0.062271 0.084577
26 0.816850 0.246269 0.051282 0.074627
31 0.842491 0.360697 0.102564 0.044776
15 0.826007 0.447761 0.069597 0.069652
11 0.829670 0.614428 0.076923 0.104478
10 0.829670 0.793532 0.076923 0.104478
0 0.946886 0.077114 0.076923 0.104478
21 0.930403 0.248756 0.043956 0.059701
19 0.937729 0.393035 0.058608 0.059701
22 0.932234 0.514925 0.047619 0.054726
7 0.946886 0.629353 0.076923 0.104478
3 0.946886 0.758706 0.076923 0.104478