32 0.133621 0.079710 0.267241 0.043478
8 0.045259 0.200483 0.090517 0.101449
25 0.206897 0.355072 0.413793 0.053140
14 0.045259 0.528986 0.090517 0.101449
35 0.032328 0.632850 0.064655 0.057971
24 0.025862 0.743961 0.051724 0.057971
21 0.456897 0.091787 0.051724 0.057971
10 0.476293 0.263285 0.090517 0.101449
9 0.476293 0.398551 0.090517 0.101449
3 0.476293 0.572464 0.090517 0.101449
23 0.463362 0.702899 0.064655 0.062802
2 0.476293 0.842995 0.090517 0.101449
33 0.568966 0.099034 0.060345 0.072464
0 0.584052 0.210145 0.090517 0.101449
28 0.566810 0.357488 0.056034 0.067633
26 0.568966 0.495169 0.060345 0.072464
5 0.584052 0.606280 0.090517 0.101449
15 0.579741 0.763285 0.081897 0.067633
22 0.674569 0.089372 0.056034 0.053140
20 0.683190 0.236715 0.073276 0.067633
30 0.683190 0.388889 0.073276 0.082126
17 0.683190 0.521739 0.073276 0.067633
4 0.691810 0.659420 0.090517 0.101449
1 0.691810 0.842995 0.090517 0.101449
12 0.799569 0.099034 0.090517 0.101449
34 0.780172 0.231884 0.051724 0.067633
27 0.780172 0.376812 0.051724 0.057971
6 0.799569 0.504831 0.090517 0.101449
18 0.788793 0.683575 0.068966 0.072464
7 0.799569 0.867150 0.090517 0.101449
11 0.907328 0.123188 0.090517 0.101449
13 0.907328 0.292271 0.090517 0.101449
19 0.896552 0.410628 0.068966 0.057971
31 0.922414 0.553140 0.120690 0.043478
16 0.890086 0.642512 0.056034 0.057971
29 0.892241 0.787440 0.060345 0.077295