16 0.023810 0.057692 0.047619 0.057692
17 0.031136 0.144231 0.062271 0.067308
5 0.038462 0.310096 0.076923 0.100962
25 0.175824 0.420673 0.351648 0.052885
28 0.023810 0.528846 0.047619 0.067308
13 0.038462 0.670673 0.076923 0.100962
35 0.393773 0.086538 0.054945 0.057692
31 0.417582 0.194712 0.102564 0.043269
21 0.388278 0.326923 0.043956 0.057692
27 0.388278 0.442308 0.043956 0.057692
33 0.391941 0.574519 0.051282 0.072115
10 0.404762 0.742788 0.076923 0.100962
22 0.507326 0.084135 0.047619 0.052885
2 0.521978 0.228365 0.076923 0.100962
12 0.521978 0.387019 0.076923 0.100962
30 0.514652 0.512019 0.062271 0.081731
19 0.512821 0.634615 0.058608 0.057692
14 0.521978 0.771635 0.076923 0.100962
0 0.613553 0.103365 0.076923 0.100962
23 0.602564 0.213942 0.054945 0.062500
11 0.613553 0.353365 0.076923 0.100962
29 0.600733 0.514423 0.051282 0.076923
32 0.688645 0.622596 0.227106 0.043269
15 0.609890 0.730769 0.069597 0.067308
18 0.846154 0.098558 0.058608 0.072115
26 0.842491 0.252404 0.051282 0.072115
24 0.838828 0.399038 0.043956 0.057692
3 0.855311 0.536058 0.076923 0.100962
34 0.838828 0.716346 0.043956 0.067308
8 0.855311 0.853365 0.076923 0.100962
9 0.946886 0.098558 0.076923 0.100962
20 0.939560 0.225962 0.062271 0.067308
7 0.946886 0.377404 0.076923 0.100962
1 0.946886 0.521635 0.076923 0.100962
6 0.946886 0.704327 0.076923 0.100962
4 0.946886 0.872596 0.076923 0.100962