22 0.023810 0.101990 0.047619 0.054726
21 0.021978 0.253731 0.043956 0.059701
4 0.038462 0.385572 0.076923 0.104478
15 0.034799 0.557214 0.069597 0.069652
33 0.025641 0.659204 0.051282 0.074627
30 0.031136 0.773632 0.062271 0.084577
32 0.205128 0.067164 0.227106 0.044776
11 0.130037 0.216418 0.076923 0.104478
10 0.130037 0.410448 0.076923 0.104478
9 0.130037 0.569652 0.076923 0.104478
8 0.130037 0.708955 0.076923 0.104478
26 0.117216 0.893035 0.051282 0.074627
14 0.371795 0.097015 0.076923 0.104478
3 0.371795 0.296020 0.076923 0.104478
28 0.357143 0.447761 0.047619 0.069652
5 0.371795 0.609453 0.076923 0.104478
25 0.509158 0.783582 0.351648 0.054726
19 0.362637 0.880597 0.058608 0.059701
20 0.730769 0.074627 0.062271 0.069652
18 0.728938 0.216418 0.058608 0.074627
17 0.730769 0.348259 0.062271 0.069652
0 0.738095 0.514925 0.076923 0.104478
34 0.721612 0.686567 0.043956 0.069652
2 0.738095 0.828358 0.076923 0.104478
16 0.815018 0.059701 0.047619 0.059701
27 0.813187 0.194030 0.043956 0.059701
12 0.829670 0.320896 0.076923 0.104478
23 0.818681 0.485075 0.054945 0.064677
29 0.816850 0.646766 0.051282 0.079602
31 0.842491 0.738806 0.102564 0.044776
6 0.946886 0.097015 0.076923 0.104478
24 0.930403 0.223881 0.043956 0.059701
7 0.946886 0.350746 0.076923 0.104478
13 0.946886 0.549751 0.076923 0.104478
35 0.935897 0.676617 0.054945 0.059701
1 0.946886 0.848259 0.076923 0.104478