22 0.024436 0.074519 0.048872 0.052885
19 0.030075 0.177885 0.060150 0.057692
15 0.035714 0.322115 0.071429 0.067308
26 0.026316 0.425481 0.052632 0.072115
1 0.039474 0.536058 0.078947 0.100962
0 0.039474 0.689904 0.078947 0.100962
3 0.133459 0.093750 0.078947 0.100962
13 0.133459 0.257212 0.078947 0.100962
10 0.133459 0.435096 0.078947 0.100962
30 0.125940 0.550481 0.063910 0.081731
21 0.116541 0.668269 0.045113 0.057692
12 0.133459 0.771635 0.078947 0.100962
31 0.240602 0.074519 0.105263 0.043269
25 0.368421 0.165865 0.360902 0.052885
34 0.210526 0.283654 0.045113 0.067308
33 0.214286 0.411058 0.052632 0.072115
28 0.212406 0.533654 0.048872 0.067308
23 0.216165 0.694712 0.056391 0.062500
29 0.590226 0.072115 0.052632 0.076923
7 0.603383 0.204327 0.078947 0.100962
9 0.603383 0.387019 0.078947 0.100962
14 0.603383 0.564904 0.078947 0.100962
2 0.603383 0.728365 0.078947 0.100962
20 0.595865 0.899038 0.063910 0.067308
8 0.697368 0.108173 0.078947 0.100962
6 0.697368 0.305288 0.078947 0.100962
4 0.697368 0.468750 0.078947 0.100962
17 0.689850 0.629808 0.063910 0.067308
24 0.680451 0.745192 0.045113 0.057692
27 0.680451 0.826923 0.045113 0.057692
32 0.868421 0.050481 0.233083 0.043269
16 0.776316 0.197115 0.048872 0.057692
18 0.781955 0.353365 0.060150 0.072115
5 0.791353 0.507212 0.078947 0.100962
35 0.780075 0.610577 0.056391 0.057692
11 0.791353 0.752404 0.078947 0.100962