4 0.038462 0.119512 0.076923 0.102439
3 0.038462 0.251220 0.076923 0.102439
9 0.038462 0.402439 0.076923 0.102439
25 0.175824 0.548780 0.351648 0.053659
11 0.038462 0.709756 0.076923 0.102439
33 0.025641 0.860976 0.051282 0.073171
30 0.397436 0.075610 0.062271 0.082927
2 0.404762 0.221951 0.076923 0.102439
8 0.404762 0.378049 0.076923 0.102439
22 0.390110 0.524390 0.047619 0.053659
19 0.395604 0.663415 0.058608 0.058537
5 0.404762 0.807317 0.076923 0.102439
14 0.496337 0.075610 0.076923 0.102439
31 0.509158 0.221951 0.102564 0.043902
6 0.496337 0.343902 0.076923 0.102439
13 0.496337 0.539024 0.076923 0.102439
16 0.481685 0.692683 0.047619 0.058537
12 0.496337 0.870732 0.076923 0.102439
20 0.606227 0.063415 0.062271 0.068293
15 0.609890 0.160976 0.069597 0.068293
28 0.598901 0.297561 0.047619 0.068293
29 0.600733 0.439024 0.051282 0.078049
32 0.688645 0.582927 0.227106 0.043902
17 0.606227 0.707317 0.062271 0.068293
34 0.838828 0.102439 0.043956 0.068293
7 0.855311 0.265854 0.076923 0.102439
0 0.855311 0.451220 0.076923 0.102439
10 0.855311 0.651220 0.076923 0.102439
23 0.844322 0.763415 0.054945 0.063415
35 0.844322 0.912195 0.054945 0.058537
26 0.934066 0.075610 0.051282 0.073171
21 0.930403 0.165854 0.043956 0.058537
24 0.930403 0.321951 0.043956 0.058537
18 0.937729 0.480488 0.058608 0.073171
27 0.930403 0.639024 0.043956 0.058537
1 0.946886 0.753659 0.076923 0.102439