4 0.045259 0.110256 0.090517 0.107692
27 0.025862 0.241026 0.051724 0.061538
26 0.030172 0.341026 0.060345 0.076923
29 0.030172 0.471795 0.060345 0.082051
11 0.045259 0.669231 0.090517 0.107692
1 0.045259 0.879487 0.090517 0.107692
0 0.153017 0.115385 0.090517 0.107692
9 0.153017 0.253846 0.090517 0.107692
28 0.135776 0.369231 0.056034 0.071795
31 0.168103 0.525641 0.120690 0.046154
2 0.153017 0.694872 0.090517 0.107692
21 0.133621 0.856410 0.051724 0.061538
17 0.282328 0.102564 0.073276 0.071795
20 0.282328 0.246154 0.073276 0.071795
10 0.290948 0.366667 0.090517 0.107692
18 0.280172 0.530769 0.068966 0.076923
35 0.278017 0.676923 0.064655 0.061538
5 0.290948 0.858974 0.090517 0.107692
6 0.398707 0.115385 0.090517 0.107692
25 0.560345 0.228205 0.413793 0.056410
33 0.383621 0.366667 0.060345 0.076923
7 0.398707 0.541026 0.090517 0.107692
32 0.487069 0.674359 0.267241 0.046154
3 0.398707 0.782051 0.090517 0.107692
22 0.812500 0.105128 0.056034 0.056410
13 0.829741 0.264103 0.090517 0.107692
8 0.829741 0.423077 0.090517 0.107692
19 0.818966 0.594872 0.068966 0.061538
15 0.825431 0.743590 0.081897 0.071795
16 0.812500 0.861538 0.056034 0.061538
24 0.918103 0.061538 0.051724 0.061538
30 0.928879 0.161538 0.073276 0.087179
12 0.937500 0.305128 0.090517 0.107692
34 0.918103 0.497436 0.051724 0.071795
14 0.937500 0.689744 0.090517 0.107692
23 0.924569 0.853846 0.064655 0.066667