24 0.021978 0.092683 0.043956 0.058537
28 0.023810 0.239024 0.047619 0.068293
30 0.031136 0.392683 0.062271 0.082927
15 0.034799 0.512195 0.069597 0.068293
18 0.029304 0.660976 0.058608 0.073171
9 0.038462 0.802439 0.076923 0.102439
33 0.117216 0.090244 0.051282 0.073171
13 0.130037 0.217073 0.076923 0.102439
0 0.130037 0.378049 0.076923 0.102439
16 0.115385 0.541463 0.047619 0.058537
23 0.119048 0.670732 0.054945 0.063415
19 0.120879 0.800000 0.058608 0.058537
3 0.221612 0.100000 0.076923 0.102439
14 0.221612 0.265854 0.076923 0.102439
10 0.221612 0.451220 0.076923 0.102439
7 0.221612 0.607317 0.076923 0.102439
20 0.214286 0.756098 0.062271 0.068293
25 0.358974 0.880488 0.351648 0.053659
31 0.600733 0.085366 0.102564 0.043902
21 0.571429 0.200000 0.043956 0.058537
5 0.587912 0.319512 0.076923 0.102439
27 0.571429 0.473171 0.043956 0.058537
1 0.587912 0.626829 0.076923 0.102439
26 0.575092 0.773171 0.051282 0.073171
22 0.690476 0.051220 0.047619 0.053659
4 0.705128 0.158537 0.076923 0.102439
6 0.705128 0.314634 0.076923 0.102439
12 0.705128 0.514634 0.076923 0.102439
32 0.780220 0.656098 0.227106 0.043902
17 0.697802 0.770732 0.062271 0.068293
29 0.934066 0.092683 0.051282 0.078049
8 0.946886 0.226829 0.076923 0.102439
11 0.946886 0.363415 0.076923 0.102439
2 0.946886 0.553659 0.076923 0.102439
34 0.930403 0.726829 0.043956 0.068293
35 0.935897 0.873171 0.054945 0.058537