24 0.025862 0.083700 0.051724 0.052863
35 0.032328 0.158590 0.064655 0.052863
17 0.036638 0.286344 0.073276 0.061674
21 0.025862 0.400881 0.051724 0.052863
11 0.045259 0.513216 0.090517 0.092511
1 0.045259 0.654185 0.090517 0.092511
31 0.168103 0.046256 0.120690 0.039648
26 0.137931 0.121145 0.060345 0.066079
33 0.137931 0.262115 0.060345 0.066079
30 0.144397 0.398678 0.073276 0.074890
10 0.153017 0.544053 0.090517 0.092511
19 0.142241 0.665198 0.068966 0.052863
34 0.271552 0.070485 0.051724 0.061674
27 0.271552 0.171806 0.051724 0.052863
32 0.379310 0.292952 0.267241 0.039648
13 0.290948 0.381057 0.090517 0.092511
3 0.290948 0.513216 0.090517 0.092511
25 0.452586 0.632159 0.413793 0.048458
12 0.721983 0.085903 0.090517 0.092511
23 0.709052 0.240088 0.064655 0.057269
0 0.721983 0.389868 0.090517 0.092511
14 0.721983 0.561674 0.090517 0.092511
6 0.721983 0.737885 0.090517 0.092511
8 0.721983 0.900881 0.090517 0.092511
15 0.825431 0.096916 0.081897 0.061674
22 0.812500 0.200441 0.056034 0.048458
9 0.829741 0.292952 0.090517 0.092511
5 0.829741 0.455947 0.090517 0.092511
2 0.829741 0.610132 0.090517 0.092511
16 0.812500 0.762115 0.056034 0.052863
20 0.928879 0.061674 0.073276 0.061674
28 0.920259 0.154185 0.056034 0.061674
7 0.937500 0.266520 0.090517 0.092511
4 0.937500 0.433921 0.090517 0.092511
18 0.926724 0.570485 0.068966 0.066079
29 0.922414 0.709251 0.060345 0.070485