14 0.038462 0.121762 0.076923 0.108808
23 0.027473 0.297927 0.054945 0.067358
13 0.038462 0.411917 0.076923 0.108808
19 0.029304 0.601036 0.058608 0.062176
0 0.038462 0.717617 0.076923 0.108808
32 0.113553 0.883420 0.227106 0.046632
18 0.271062 0.080311 0.058608 0.077720
20 0.272894 0.186528 0.062271 0.072539
7 0.280220 0.334197 0.076923 0.108808
1 0.280220 0.541451 0.076923 0.108808
22 0.265568 0.712435 0.047619 0.056995
2 0.280220 0.873057 0.076923 0.108808
29 0.358974 0.072539 0.051282 0.082902
28 0.357143 0.248705 0.047619 0.072539
25 0.509158 0.344560 0.351648 0.056995
24 0.355311 0.471503 0.043956 0.062176
6 0.371795 0.608808 0.076923 0.108808
10 0.371795 0.805699 0.076923 0.108808
34 0.721612 0.093264 0.043956 0.072539
21 0.721612 0.191710 0.043956 0.062176
12 0.738095 0.339378 0.076923 0.108808
3 0.738095 0.500000 0.076923 0.108808
4 0.738095 0.670984 0.076923 0.108808
11 0.738095 0.847150 0.076923 0.108808
17 0.822344 0.082902 0.062271 0.072539
26 0.816850 0.235751 0.051282 0.077720
27 0.813187 0.367876 0.043956 0.062176
15 0.826007 0.528497 0.069597 0.072539
31 0.842491 0.639896 0.102564 0.046632
5 0.829670 0.764249 0.076923 0.108808
8 0.946886 0.095855 0.076923 0.108808
9 0.946886 0.246114 0.076923 0.108808
33 0.934066 0.386010 0.051282 0.077720
35 0.935897 0.507772 0.054945 0.062176
30 0.939560 0.613990 0.062271 0.088083
16 0.932234 0.761658 0.047619 0.062176