26 0.026316 0.096059 0.052632 0.073892
4 0.039474 0.224138 0.078947 0.103448
9 0.039474 0.371921 0.078947 0.103448
8 0.039474 0.564039 0.078947 0.103448
21 0.022556 0.733990 0.045113 0.059113
12 0.039474 0.908867 0.078947 0.103448
20 0.125940 0.108374 0.063910 0.068966
28 0.118421 0.275862 0.048872 0.068966
17 0.125940 0.384236 0.063910 0.068966
19 0.124060 0.477833 0.060150 0.059113
6 0.133459 0.628079 0.078947 0.103448
30 0.125940 0.810345 0.063910 0.083744
11 0.227444 0.086207 0.078947 0.103448
23 0.216165 0.253695 0.056391 0.064039
25 0.368421 0.386700 0.360902 0.054187
31 0.240602 0.514778 0.105263 0.044335
2 0.227444 0.618227 0.078947 0.103448
34 0.210526 0.738916 0.045113 0.068966
15 0.599624 0.103448 0.071429 0.068966
5 0.603383 0.243842 0.078947 0.103448
1 0.603383 0.381773 0.078947 0.103448
0 0.603383 0.568966 0.078947 0.103448
7 0.603383 0.736453 0.078947 0.103448
22 0.588346 0.908867 0.048872 0.054187
32 0.774436 0.086207 0.233083 0.044335
24 0.680451 0.221675 0.045113 0.059113
3 0.697368 0.371921 0.078947 0.103448
16 0.682331 0.541872 0.048872 0.059113
33 0.684211 0.662562 0.052632 0.073892
29 0.684211 0.802956 0.052632 0.078818
27 0.928571 0.078818 0.045113 0.059113
10 0.945489 0.258621 0.078947 0.103448
35 0.934211 0.428571 0.056391 0.059113
13 0.945489 0.588670 0.078947 0.103448
14 0.945489 0.726601 0.078947 0.103448
18 0.936090 0.894089 0.060150 0.073892