30 0.031136 0.091584 0.062271 0.084158
14 0.038462 0.274752 0.076923 0.103960
22 0.023810 0.423267 0.047619 0.054455
29 0.025641 0.529703 0.051282 0.079208
6 0.038462 0.705446 0.076923 0.103960
7 0.038462 0.853960 0.076923 0.103960
23 0.119048 0.076733 0.054945 0.064356
9 0.130037 0.230198 0.076923 0.103960
18 0.120879 0.373762 0.058608 0.074257
4 0.130037 0.492574 0.076923 0.103960
21 0.113553 0.668317 0.043956 0.059406
3 0.130037 0.829208 0.076923 0.103960
31 0.234432 0.086634 0.102564 0.044554
0 0.221612 0.190594 0.076923 0.103960
34 0.205128 0.361386 0.043956 0.069307
35 0.210623 0.455446 0.054945 0.059406
15 0.217949 0.618812 0.069597 0.069307
17 0.214286 0.722772 0.062271 0.069307
2 0.338828 0.121287 0.076923 0.103960
10 0.338828 0.304455 0.076923 0.103960
19 0.329670 0.410891 0.058608 0.059406
20 0.331502 0.544554 0.062271 0.069307
33 0.326007 0.680693 0.051282 0.074257
12 0.338828 0.844059 0.076923 0.103960
13 0.430403 0.096535 0.076923 0.103960
25 0.567766 0.240099 0.351648 0.054455
28 0.415751 0.326733 0.047619 0.069307
26 0.417582 0.467822 0.051282 0.074257
27 0.413919 0.608911 0.043956 0.059406
11 0.430403 0.779703 0.076923 0.103960
8 0.796703 0.121287 0.076923 0.103960
1 0.796703 0.269802 0.076923 0.103960
5 0.796703 0.423267 0.076923 0.103960
16 0.782051 0.564356 0.047619 0.059406
24 0.780220 0.668317 0.043956 0.059406
32 0.871795 0.794554 0.227106 0.044554