35 0.028195 0.101010 0.056391 0.060606
11 0.039474 0.275253 0.078947 0.106061
1 0.039474 0.406566 0.078947 0.106061
30 0.031955 0.542929 0.063910 0.085859
20 0.031955 0.671717 0.063910 0.070707
19 0.030075 0.813131 0.060150 0.060606
5 0.133459 0.083333 0.078947 0.106061
15 0.129699 0.232323 0.071429 0.070707
16 0.118421 0.383838 0.048872 0.060606
12 0.133459 0.532828 0.078947 0.106061
14 0.133459 0.689394 0.078947 0.106061
6 0.133459 0.866162 0.078947 0.106061
8 0.227444 0.123737 0.078947 0.106061
22 0.212406 0.300505 0.048872 0.055556
17 0.219925 0.424242 0.063910 0.070707
21 0.210526 0.545455 0.045113 0.060606
29 0.214286 0.702020 0.052632 0.080808
25 0.368421 0.800505 0.360902 0.055556
13 0.603383 0.103535 0.078947 0.106061
18 0.593985 0.265152 0.060150 0.075758
34 0.586466 0.398990 0.045113 0.070707
23 0.592105 0.527778 0.056391 0.065657
27 0.586466 0.656566 0.045113 0.060606
4 0.603383 0.800505 0.078947 0.106061
2 0.697368 0.088384 0.078947 0.106061
26 0.684211 0.265152 0.052632 0.075758
7 0.697368 0.396465 0.078947 0.106061
9 0.697368 0.532828 0.078947 0.106061
28 0.682331 0.656566 0.048872 0.070707
0 0.697368 0.835859 0.078947 0.106061
3 0.791353 0.093434 0.078947 0.106061
32 0.868421 0.260101 0.233083 0.045455
31 0.804511 0.351010 0.105263 0.045455
10 0.791353 0.462121 0.078947 0.106061
24 0.774436 0.585859 0.045113 0.060606
33 0.778195 0.724747 0.052632 0.075758