18 0.029304 0.096535 0.058608 0.074257
10 0.038462 0.225248 0.076923 0.103960
26 0.025641 0.403465 0.051282 0.074257
27 0.021978 0.554455 0.043956 0.059406
6 0.038462 0.735149 0.076923 0.103960
13 0.038462 0.908416 0.076923 0.103960
15 0.126374 0.059406 0.069597 0.069307
21 0.113553 0.198020 0.043956 0.059406
3 0.130037 0.314356 0.076923 0.103960
35 0.119048 0.460396 0.054945 0.059406
4 0.130037 0.606436 0.076923 0.103960
28 0.115385 0.742574 0.047619 0.069307
24 0.205128 0.094059 0.043956 0.059406
2 0.221612 0.250000 0.076923 0.103960
32 0.296703 0.353960 0.227106 0.044554
33 0.208791 0.438119 0.051282 0.074257
19 0.212454 0.584158 0.058608 0.059406
29 0.208791 0.702970 0.051282 0.079208
31 0.476190 0.071782 0.102564 0.044554
8 0.463370 0.225248 0.076923 0.103960
16 0.448718 0.336634 0.047619 0.059406
0 0.463370 0.457921 0.076923 0.103960
23 0.452381 0.566832 0.054945 0.064356
1 0.463370 0.720297 0.076923 0.103960
7 0.580586 0.081683 0.076923 0.103960
14 0.580586 0.274752 0.076923 0.103960
5 0.580586 0.418317 0.076923 0.103960
30 0.573260 0.566832 0.062271 0.084158
20 0.573260 0.673267 0.062271 0.069307
11 0.580586 0.849010 0.076923 0.103960
17 0.664835 0.069307 0.062271 0.069307
9 0.672161 0.205446 0.076923 0.103960
34 0.655678 0.326733 0.043956 0.069307
22 0.657509 0.448020 0.047619 0.054455
25 0.809524 0.547030 0.351648 0.054455
12 0.672161 0.720297 0.076923 0.103960