15 0.034799 0.098522 0.069597 0.068966
26 0.025641 0.253695 0.051282 0.073892
19 0.029304 0.374384 0.058608 0.059113
24 0.021978 0.502463 0.043956 0.059113
3 0.038462 0.628079 0.076923 0.103448
16 0.023810 0.798030 0.047619 0.059113
13 0.130037 0.120690 0.076923 0.103448
22 0.115385 0.224138 0.047619 0.054187
31 0.142857 0.307882 0.102564 0.044335
20 0.122711 0.453202 0.062271 0.068966
28 0.115385 0.610837 0.047619 0.068966
33 0.117216 0.746305 0.051282 0.073892
18 0.238095 0.086207 0.058608 0.073892
30 0.239927 0.238916 0.062271 0.083744
17 0.239927 0.413793 0.062271 0.068966
35 0.236264 0.551724 0.054945 0.059113
34 0.230769 0.684729 0.043956 0.068966
4 0.247253 0.820197 0.076923 0.103448
2 0.338828 0.100985 0.076923 0.103448
27 0.322344 0.236453 0.043956 0.059113
8 0.338828 0.401478 0.076923 0.103448
6 0.338828 0.564039 0.076923 0.103448
10 0.338828 0.736453 0.076923 0.103448
14 0.338828 0.889163 0.076923 0.103448
23 0.419414 0.066502 0.054945 0.064039
25 0.567766 0.169951 0.351648 0.054187
0 0.430403 0.342365 0.076923 0.103448
7 0.430403 0.475369 0.076923 0.103448
29 0.417582 0.596059 0.051282 0.078818
9 0.430403 0.775862 0.076923 0.103448
11 0.796703 0.100985 0.076923 0.103448
32 0.871795 0.258621 0.227106 0.044335
21 0.780220 0.344828 0.043956 0.059113
5 0.796703 0.450739 0.076923 0.103448
1 0.796703 0.623153 0.076923 0.103448
12 0.796703 0.751232 0.076923 0.103448