8 0.038462 0.091133 0.076923 0.103448
24 0.021978 0.270936 0.043956 0.059113
1 0.038462 0.401478 0.076923 0.103448
13 0.038462 0.573892 0.076923 0.103448
33 0.025641 0.711823 0.051282 0.073892
15 0.034799 0.807882 0.069597 0.068966
14 0.130037 0.110837 0.076923 0.103448
22 0.115385 0.229064 0.047619 0.054187
25 0.267399 0.357143 0.351648 0.054187
23 0.119048 0.455665 0.054945 0.064039
29 0.117216 0.625616 0.051282 0.078818
26 0.117216 0.741379 0.051282 0.073892
20 0.489011 0.098522 0.062271 0.068966
30 0.489011 0.233990 0.062271 0.083744
35 0.485348 0.374384 0.054945 0.059113
7 0.496337 0.529557 0.076923 0.103448
9 0.496337 0.716749 0.076923 0.103448
4 0.496337 0.869458 0.076923 0.103448
11 0.587912 0.120690 0.076923 0.103448
12 0.587912 0.302956 0.076923 0.103448
21 0.571429 0.418719 0.043956 0.059113
0 0.587912 0.593596 0.076923 0.103448
18 0.578755 0.741379 0.058608 0.073892
34 0.571429 0.891626 0.043956 0.068966
16 0.664835 0.098522 0.047619 0.059113
10 0.679487 0.258621 0.076923 0.103448
17 0.672161 0.433498 0.062271 0.068966
5 0.679487 0.593596 0.076923 0.103448
32 0.754579 0.692118 0.227106 0.044335
3 0.679487 0.849754 0.076923 0.103448
19 0.912088 0.093596 0.058608 0.059113
6 0.921245 0.214286 0.076923 0.103448
31 0.934066 0.366995 0.102564 0.044335
2 0.921245 0.480296 0.076923 0.103448
27 0.904762 0.615764 0.043956 0.059113
28 0.906593 0.704433 0.047619 0.068966