12 0.045259 0.120690 0.090517 0.103448
8 0.045259 0.253695 0.090517 0.103448
30 0.036638 0.421182 0.073276 0.083744
15 0.040948 0.556650 0.081897 0.068966
35 0.032328 0.714286 0.064655 0.059113
16 0.028017 0.871921 0.056034 0.059113
27 0.133621 0.078818 0.051724 0.059113
13 0.153017 0.184729 0.090517 0.103448
21 0.133621 0.305419 0.051724 0.059113
6 0.153017 0.431034 0.090517 0.103448
17 0.144397 0.541872 0.073276 0.068966
28 0.135776 0.640394 0.056034 0.068966
22 0.243534 0.086207 0.056034 0.054187
19 0.250000 0.231527 0.068966 0.059113
23 0.247845 0.391626 0.064655 0.064039
7 0.260776 0.504926 0.090517 0.103448
9 0.260776 0.633005 0.090517 0.103448
33 0.245690 0.751232 0.060345 0.073892
32 0.456897 0.056650 0.267241 0.044335
4 0.368534 0.194581 0.090517 0.103448
14 0.368534 0.357143 0.090517 0.103448
2 0.368534 0.509852 0.090517 0.103448
18 0.357759 0.662562 0.068966 0.073892
25 0.530172 0.751232 0.413793 0.054187
0 0.799569 0.096059 0.090517 0.103448
31 0.814655 0.229064 0.120690 0.044335
26 0.784483 0.322660 0.060345 0.073892
34 0.780172 0.467980 0.051724 0.068966
11 0.799569 0.598522 0.090517 0.103448
5 0.799569 0.746305 0.090517 0.103448
1 0.937500 0.091133 0.090517 0.103448
3 0.937500 0.258621 0.090517 0.103448
24 0.918103 0.418719 0.051724 0.059113
20 0.928879 0.527094 0.073276 0.068966
29 0.922414 0.660099 0.060345 0.078818
10 0.937500 0.790640 0.090517 0.103448