10 0.038462 0.117788 0.076923 0.100962
15 0.034799 0.235577 0.069597 0.067308
35 0.027473 0.336538 0.054945 0.057692
11 0.038462 0.473558 0.076923 0.100962
23 0.027473 0.608173 0.054945 0.062500
20 0.031136 0.721154 0.062271 0.067308
19 0.120879 0.096154 0.058608 0.057692
18 0.120879 0.228365 0.058608 0.072115
16 0.115385 0.346154 0.047619 0.057692
33 0.117216 0.492788 0.051282 0.072115
31 0.142857 0.584135 0.102564 0.043269
17 0.122711 0.721154 0.062271 0.067308
27 0.230769 0.100962 0.043956 0.057692
12 0.247253 0.218750 0.076923 0.100962
1 0.247253 0.387019 0.076923 0.100962
0 0.247253 0.526442 0.076923 0.100962
22 0.232601 0.694712 0.047619 0.052885
21 0.230769 0.783654 0.043956 0.057692
3 0.338828 0.084135 0.076923 0.100962
7 0.338828 0.271635 0.076923 0.100962
30 0.331502 0.420673 0.062271 0.081731
13 0.338828 0.550481 0.076923 0.100962
29 0.326007 0.701923 0.051282 0.076923
4 0.338828 0.834135 0.076923 0.100962
2 0.430403 0.088942 0.076923 0.100962
24 0.413919 0.264423 0.043956 0.057692
14 0.430403 0.425481 0.076923 0.100962
25 0.567766 0.555288 0.351648 0.052885
6 0.430403 0.689904 0.076923 0.100962
9 0.430403 0.887019 0.076923 0.100962
8 0.796703 0.122596 0.076923 0.100962
34 0.780220 0.293269 0.043956 0.067308
28 0.782051 0.451923 0.047619 0.067308
32 0.871795 0.536058 0.227106 0.043269
5 0.796703 0.632212 0.076923 0.100962
26 0.783883 0.771635 0.051282 0.072115