26 0.025641 0.091121 0.051282 0.070093
31 0.051282 0.184579 0.102564 0.042056
13 0.038462 0.282710 0.076923 0.098131
30 0.031136 0.441589 0.062271 0.079439
1 0.038462 0.591121 0.076923 0.098131
33 0.025641 0.707944 0.051282 0.070093
11 0.155678 0.077103 0.076923 0.098131
32 0.230769 0.189252 0.227106 0.042056
9 0.155678 0.292056 0.076923 0.098131
8 0.155678 0.418224 0.076923 0.098131
17 0.148352 0.570093 0.062271 0.065421
27 0.139194 0.658879 0.043956 0.056075
0 0.397436 0.114486 0.076923 0.098131
22 0.382784 0.226636 0.047619 0.051402
15 0.393773 0.331776 0.069597 0.065421
20 0.390110 0.425234 0.062271 0.065421
34 0.380952 0.560748 0.043956 0.065421
16 0.382784 0.691589 0.047619 0.056075
4 0.489011 0.119159 0.076923 0.098131
18 0.479853 0.235981 0.058608 0.070093
35 0.478022 0.387850 0.054945 0.056075
6 0.489011 0.525701 0.076923 0.098131
19 0.479853 0.626168 0.058608 0.056075
25 0.626374 0.759346 0.351648 0.051402
23 0.844322 0.086449 0.054945 0.060748
7 0.855311 0.198598 0.076923 0.098131
29 0.842491 0.373832 0.051282 0.074766
2 0.855311 0.553738 0.076923 0.098131
21 0.838828 0.677570 0.043956 0.056075
28 0.840659 0.817757 0.047619 0.065421
14 0.946886 0.095794 0.076923 0.098131
5 0.946886 0.282710 0.076923 0.098131
24 0.930403 0.429907 0.043956 0.056075
3 0.946886 0.539720 0.076923 0.098131
10 0.946886 0.726636 0.076923 0.098131
12 0.946886 0.890187 0.076923 0.098131