32 0.113553 0.088517 0.227106 0.043062
2 0.038462 0.198565 0.076923 0.100478
30 0.031136 0.332536 0.062271 0.081340
35 0.027473 0.440191 0.054945 0.057416
0 0.038462 0.552632 0.076923 0.100478
18 0.029304 0.724880 0.058608 0.071770
5 0.280220 0.122010 0.076923 0.100478
25 0.417582 0.289474 0.351648 0.052632
1 0.280220 0.409091 0.076923 0.100478
6 0.280220 0.533493 0.076923 0.100478
12 0.280220 0.672249 0.076923 0.100478
11 0.280220 0.854067 0.076923 0.100478
27 0.630037 0.090909 0.043956 0.057416
21 0.630037 0.210526 0.043956 0.057416
29 0.633700 0.363636 0.051282 0.076555
23 0.635531 0.519139 0.054945 0.062201
17 0.639194 0.607656 0.062271 0.066986
9 0.646520 0.724880 0.076923 0.100478
24 0.721612 0.062201 0.043956 0.057416
10 0.738095 0.198565 0.076923 0.100478
20 0.730769 0.363636 0.062271 0.066986
34 0.721612 0.454545 0.043956 0.066986
31 0.750916 0.566986 0.102564 0.043062
4 0.738095 0.681818 0.076923 0.100478
3 0.855311 0.102871 0.076923 0.100478
13 0.855311 0.299043 0.076923 0.100478
19 0.846154 0.430622 0.058608 0.057416
33 0.842491 0.533493 0.051282 0.071770
26 0.842491 0.700957 0.051282 0.071770
14 0.855311 0.868421 0.076923 0.100478
7 0.946886 0.098086 0.076923 0.100478
22 0.932234 0.241627 0.047619 0.052632
16 0.932234 0.382775 0.047619 0.057416
8 0.946886 0.485646 0.076923 0.100478
28 0.932234 0.636364 0.047619 0.066986
15 0.943223 0.789474 0.069597 0.066986