22 0.024436 0.079897 0.048872 0.056701
19 0.030075 0.211340 0.060150 0.061856
20 0.031955 0.319588 0.063910 0.072165
12 0.039474 0.435567 0.078947 0.108247
27 0.022556 0.577320 0.045113 0.061856
13 0.039474 0.724227 0.078947 0.108247
18 0.124060 0.085052 0.060150 0.077320
21 0.116541 0.185567 0.045113 0.061856
9 0.133459 0.363402 0.078947 0.108247
26 0.120301 0.502577 0.052632 0.077320
7 0.133459 0.662371 0.078947 0.108247
25 0.274436 0.837629 0.360902 0.056701
23 0.498120 0.069588 0.056391 0.067010
32 0.586466 0.229381 0.233083 0.046392
31 0.522556 0.311856 0.105263 0.046392
8 0.509398 0.476804 0.078947 0.108247
5 0.509398 0.652062 0.078947 0.108247
16 0.494361 0.840206 0.048872 0.061856
35 0.746241 0.067010 0.056391 0.061856
1 0.757519 0.188144 0.078947 0.108247
28 0.742481 0.335052 0.048872 0.072165
6 0.757519 0.528351 0.078947 0.108247
11 0.757519 0.667526 0.078947 0.108247
15 0.753759 0.860825 0.071429 0.072165
17 0.843985 0.067010 0.063910 0.072165
14 0.851504 0.188144 0.078947 0.108247
0 0.851504 0.394330 0.078947 0.108247
29 0.838346 0.530928 0.052632 0.082474
2 0.851504 0.693299 0.078947 0.108247
34 0.834586 0.876289 0.045113 0.072165
10 0.945489 0.079897 0.078947 0.108247
30 0.937970 0.255155 0.063910 0.087629
3 0.945489 0.384021 0.078947 0.108247
4 0.945489 0.585052 0.078947 0.108247
24 0.928571 0.757732 0.045113 0.061856
33 0.932331 0.858247 0.052632 0.077320