19 0.029304 0.085000 0.058608 0.060000
25 0.175824 0.212500 0.351648 0.055000
34 0.021978 0.305000 0.043956 0.070000
13 0.038462 0.422500 0.076923 0.105000
18 0.029304 0.582500 0.058608 0.075000
12 0.038462 0.727500 0.076923 0.105000
30 0.397436 0.117500 0.062271 0.085000
4 0.404762 0.292500 0.076923 0.105000
1 0.404762 0.422500 0.076923 0.105000
16 0.390110 0.580000 0.047619 0.060000
11 0.404762 0.757500 0.076923 0.105000
17 0.397436 0.885000 0.062271 0.070000
9 0.496337 0.117500 0.076923 0.105000
21 0.479853 0.240000 0.043956 0.060000
28 0.481685 0.405000 0.047619 0.070000
31 0.509158 0.507500 0.102564 0.045000
22 0.481685 0.582500 0.047619 0.055000
33 0.483516 0.672500 0.051282 0.075000
29 0.600733 0.090000 0.051282 0.080000
20 0.606227 0.230000 0.062271 0.070000
27 0.597070 0.370000 0.043956 0.060000
10 0.613553 0.522500 0.076923 0.105000
8 0.613553 0.707500 0.076923 0.105000
7 0.613553 0.842500 0.076923 0.105000
14 0.705128 0.127500 0.076923 0.105000
15 0.701465 0.305000 0.069597 0.070000
3 0.705128 0.447500 0.076923 0.105000
5 0.705128 0.582500 0.076923 0.105000
23 0.694139 0.692500 0.054945 0.065000
2 0.705128 0.877500 0.076923 0.105000
32 0.871795 0.092500 0.227106 0.045000
35 0.785714 0.210000 0.054945 0.060000
26 0.783883 0.342500 0.051282 0.075000
6 0.796703 0.532500 0.076923 0.105000
24 0.780220 0.650000 0.043956 0.060000
0 0.796703 0.757500 0.076923 0.105000