15 0.040948 0.065421 0.081897 0.065421
27 0.025862 0.149533 0.051724 0.056075
12 0.045259 0.264019 0.090517 0.098131
16 0.028017 0.397196 0.056034 0.056075
29 0.030172 0.504673 0.060345 0.074766
9 0.045259 0.633178 0.090517 0.098131
7 0.153017 0.114486 0.090517 0.098131
6 0.153017 0.235981 0.090517 0.098131
30 0.144397 0.371495 0.073276 0.079439
13 0.153017 0.511682 0.090517 0.098131
34 0.133621 0.658879 0.051724 0.065421
20 0.144397 0.757009 0.073276 0.065421
0 0.260776 0.119159 0.090517 0.098131
33 0.245690 0.292056 0.060345 0.070093
11 0.260776 0.446262 0.090517 0.098131
3 0.260776 0.619159 0.090517 0.098131
26 0.245690 0.782710 0.060345 0.070093
1 0.260776 0.890187 0.090517 0.098131
32 0.456897 0.058411 0.267241 0.042056
19 0.357759 0.163551 0.068966 0.056075
18 0.357759 0.278037 0.068966 0.070093
21 0.349138 0.429907 0.051724 0.056075
25 0.530172 0.549065 0.413793 0.051402
2 0.368534 0.647196 0.090517 0.098131
28 0.782328 0.088785 0.056034 0.065421
35 0.786638 0.196262 0.064655 0.056075
10 0.799569 0.310748 0.090517 0.098131
23 0.786638 0.441589 0.064655 0.060748
31 0.814655 0.549065 0.120690 0.042056
8 0.799569 0.656542 0.090517 0.098131
5 0.937500 0.100467 0.090517 0.098131
17 0.928879 0.242991 0.073276 0.065421
22 0.920259 0.348131 0.056034 0.051402
14 0.937500 0.469626 0.090517 0.098131
24 0.918103 0.626168 0.051724 0.056075
4 0.937500 0.782710 0.090517 0.098131