29 0.026718 0.093458 0.053435 0.074766
31 0.053435 0.235981 0.106870 0.042056
6 0.040076 0.390187 0.080153 0.098131
0 0.040076 0.539720 0.080153 0.098131
24 0.022901 0.677570 0.045802 0.056075
25 0.183206 0.773364 0.366412 0.051402
13 0.421756 0.114486 0.080153 0.098131
35 0.410305 0.257009 0.057252 0.056075
15 0.417939 0.359813 0.072519 0.065421
1 0.421756 0.530374 0.080153 0.098131
9 0.421756 0.689252 0.080153 0.098131
23 0.410305 0.806075 0.057252 0.060748
5 0.517176 0.095794 0.080153 0.098131
22 0.501908 0.250000 0.049618 0.051402
20 0.509542 0.345794 0.064885 0.065421
3 0.517176 0.483645 0.080153 0.098131
19 0.507634 0.644860 0.061069 0.056075
4 0.517176 0.745327 0.080153 0.098131
8 0.612595 0.091121 0.080153 0.098131
12 0.612595 0.226636 0.080153 0.098131
10 0.612595 0.404206 0.080153 0.098131
33 0.599237 0.581776 0.053435 0.070093
11 0.612595 0.735981 0.080153 0.098131
32 0.690840 0.885514 0.236641 0.042056
28 0.849237 0.079439 0.049618 0.065421
27 0.847328 0.219626 0.045802 0.056075
26 0.851145 0.310748 0.053435 0.070093
21 0.847328 0.453271 0.045802 0.056075
30 0.856870 0.567757 0.064885 0.079439
34 0.847328 0.682243 0.045802 0.065421
18 0.935115 0.091121 0.061069 0.070093
14 0.944656 0.226636 0.080153 0.098131
2 0.944656 0.366822 0.080153 0.098131
16 0.929389 0.514019 0.049618 0.056075
17 0.937023 0.663551 0.064885 0.065421
7 0.944656 0.815421 0.080153 0.098131