8 0.046667 0.119681 0.093333 0.111702
21 0.026667 0.260638 0.053333 0.063830
0 0.046667 0.438830 0.093333 0.111702
29 0.031111 0.617021 0.062222 0.085106
17 0.037778 0.765957 0.075556 0.074468
7 0.046667 0.906915 0.093333 0.111702
3 0.157778 0.087766 0.093333 0.111702
33 0.142222 0.210106 0.062222 0.079787
28 0.140000 0.367021 0.057778 0.074468
15 0.153333 0.547872 0.084444 0.074468
20 0.148889 0.696809 0.075556 0.074468
9 0.157778 0.853723 0.093333 0.111702
12 0.268889 0.109043 0.093333 0.111702
34 0.248889 0.271277 0.053333 0.074468
26 0.253333 0.454787 0.062222 0.079787
13 0.268889 0.603723 0.093333 0.111702
27 0.248889 0.750000 0.053333 0.063830
4 0.268889 0.890957 0.093333 0.111702
18 0.368889 0.082447 0.071111 0.079787
31 0.395556 0.220745 0.124444 0.047872
1 0.380000 0.369681 0.093333 0.111702
25 0.546667 0.529255 0.426667 0.058511
32 0.471111 0.619681 0.275556 0.047872
5 0.380000 0.800532 0.093333 0.111702
23 0.811111 0.061170 0.066667 0.069149
11 0.824444 0.220745 0.093333 0.111702
35 0.811111 0.367021 0.066667 0.063830
2 0.824444 0.518617 0.093333 0.111702
24 0.804444 0.707447 0.053333 0.063830
30 0.815556 0.885638 0.075556 0.090426
10 0.935556 0.082447 0.093333 0.111702
16 0.917778 0.244681 0.057778 0.063830
6 0.935556 0.359043 0.093333 0.111702
14 0.935556 0.566489 0.093333 0.111702
22 0.917778 0.720745 0.057778 0.058511
19 0.924444 0.845745 0.071111 0.063830