27 0.025862 0.074627 0.051724 0.059701
24 0.025862 0.169154 0.051724 0.059701
31 0.060345 0.300995 0.120690 0.044776
26 0.030172 0.405473 0.060345 0.074627
18 0.034483 0.519900 0.068966 0.074627
1 0.045259 0.659204 0.090517 0.104478
13 0.183190 0.111940 0.090517 0.104478
20 0.174569 0.258706 0.073276 0.069652
10 0.183190 0.380597 0.090517 0.104478
30 0.174569 0.539801 0.073276 0.084577
9 0.183190 0.689055 0.090517 0.104478
28 0.165948 0.845771 0.056034 0.069652
2 0.290948 0.116915 0.090517 0.104478
14 0.290948 0.251244 0.090517 0.104478
17 0.282328 0.432836 0.073276 0.069652
15 0.286638 0.527363 0.081897 0.069652
16 0.273707 0.686567 0.056034 0.059701
34 0.271552 0.796020 0.051724 0.069652
25 0.560345 0.097015 0.413793 0.054726
35 0.385776 0.223881 0.064655 0.059701
21 0.379310 0.353234 0.051724 0.059701
4 0.398707 0.519900 0.090517 0.104478
32 0.487069 0.654229 0.267241 0.044776
3 0.398707 0.798507 0.090517 0.104478
0 0.829741 0.121891 0.090517 0.104478
23 0.816810 0.276119 0.064655 0.064677
8 0.829741 0.405473 0.090517 0.104478
11 0.829741 0.594527 0.090517 0.104478
7 0.829741 0.768657 0.090517 0.104478
33 0.814655 0.888060 0.060345 0.074627
22 0.920259 0.052239 0.056034 0.054726
6 0.937500 0.156716 0.090517 0.104478
5 0.937500 0.291045 0.090517 0.104478
12 0.937500 0.480100 0.090517 0.104478
19 0.926724 0.592040 0.068966 0.059701
29 0.922414 0.691542 0.060345 0.079602