20 0.031136 0.092920 0.062271 0.061947
31 0.051282 0.227876 0.102564 0.039823
29 0.025641 0.305310 0.051282 0.070796
14 0.038462 0.466814 0.076923 0.092920
24 0.021978 0.592920 0.043956 0.053097
4 0.038462 0.754425 0.076923 0.092920
5 0.155678 0.086283 0.076923 0.092920
10 0.155678 0.263274 0.076923 0.092920
13 0.155678 0.422566 0.076923 0.092920
35 0.144689 0.584071 0.054945 0.053097
11 0.155678 0.745575 0.076923 0.092920
25 0.293040 0.896018 0.351648 0.048673
30 0.514652 0.073009 0.062271 0.075221
19 0.512821 0.185841 0.058608 0.053097
16 0.507326 0.309735 0.047619 0.053097
15 0.518315 0.429204 0.069597 0.061947
2 0.521978 0.528761 0.076923 0.092920
3 0.521978 0.648230 0.076923 0.092920
26 0.600733 0.068584 0.051282 0.066372
32 0.688645 0.201327 0.227106 0.039823
27 0.597070 0.327434 0.043956 0.053097
34 0.597070 0.420354 0.043956 0.061947
12 0.613553 0.524336 0.076923 0.092920
6 0.613553 0.674779 0.076923 0.092920
9 0.855311 0.077434 0.076923 0.092920
23 0.844322 0.232301 0.054945 0.057522
0 0.855311 0.351770 0.076923 0.092920
8 0.855311 0.480088 0.076923 0.092920
1 0.855311 0.599558 0.076923 0.092920
17 0.847985 0.761062 0.062271 0.061947
22 0.932234 0.046460 0.047619 0.048673
28 0.932234 0.146018 0.047619 0.061947
7 0.946886 0.250000 0.076923 0.092920
18 0.937729 0.351770 0.058608 0.066372
33 0.934066 0.466814 0.051282 0.066372
21 0.930403 0.601770 0.043956 0.053097