5 0.038462 0.118090 0.076923 0.105528
2 0.038462 0.293970 0.076923 0.105528
0 0.038462 0.479899 0.076923 0.105528
12 0.038462 0.680905 0.076923 0.105528
32 0.113553 0.791457 0.227106 0.045226
17 0.031136 0.879397 0.062271 0.070352
18 0.271062 0.103015 0.058608 0.075377
4 0.280220 0.228643 0.076923 0.105528
25 0.417582 0.404523 0.351648 0.055276
27 0.263736 0.547739 0.043956 0.060302
21 0.263736 0.708543 0.043956 0.060302
11 0.280220 0.851759 0.076923 0.105528
23 0.635531 0.067839 0.054945 0.065327
6 0.646520 0.213568 0.076923 0.105528
9 0.646520 0.349246 0.076923 0.105528
7 0.646520 0.520101 0.076923 0.105528
16 0.631868 0.683417 0.047619 0.060302
26 0.633700 0.786432 0.051282 0.075377
19 0.728938 0.085427 0.058608 0.060302
20 0.730769 0.211055 0.062271 0.070352
13 0.738095 0.379397 0.076923 0.105528
28 0.723443 0.522613 0.047619 0.070352
10 0.738095 0.675879 0.076923 0.105528
34 0.721612 0.814070 0.043956 0.070352
24 0.813187 0.100503 0.043956 0.060302
8 0.829670 0.283920 0.076923 0.105528
33 0.816850 0.469849 0.051282 0.075377
31 0.842491 0.620603 0.102564 0.045226
35 0.818681 0.718593 0.054945 0.060302
22 0.815018 0.831658 0.047619 0.055276
3 0.946886 0.082915 0.076923 0.105528
29 0.934066 0.241206 0.051282 0.080402
14 0.946886 0.374372 0.076923 0.105528
1 0.946886 0.550251 0.076923 0.105528
15 0.943223 0.678392 0.069597 0.070352
30 0.939560 0.786432 0.062271 0.085427