25 0.177122 0.058081 0.354244 0.055556
6 0.038745 0.234848 0.077491 0.106061
20 0.031365 0.409091 0.062731 0.070707
17 0.031365 0.575758 0.062731 0.070707
8 0.038745 0.739899 0.077491 0.106061
19 0.029520 0.848485 0.059041 0.060606
22 0.392989 0.078283 0.047970 0.055556
35 0.396679 0.202020 0.055351 0.060606
15 0.404059 0.328283 0.070111 0.070707
33 0.394834 0.497475 0.051661 0.075758
28 0.392989 0.606061 0.047970 0.070707
26 0.394834 0.729798 0.051661 0.075758
3 0.492620 0.078283 0.077491 0.106061
2 0.492620 0.250000 0.077491 0.106061
24 0.476015 0.414141 0.044280 0.060606
16 0.477860 0.570707 0.047970 0.060606
12 0.492620 0.734848 0.077491 0.106061
7 0.492620 0.901515 0.077491 0.106061
30 0.577491 0.073232 0.062731 0.085859
34 0.568266 0.227273 0.044280 0.070707
23 0.573801 0.376263 0.055351 0.065657
9 0.584871 0.532828 0.077491 0.106061
5 0.584871 0.669192 0.077491 0.106061
32 0.660517 0.775253 0.228782 0.045455
10 0.828413 0.098485 0.077491 0.106061
29 0.815498 0.222222 0.051661 0.080808
14 0.828413 0.411616 0.077491 0.106061
13 0.828413 0.547980 0.077491 0.106061
1 0.828413 0.689394 0.077491 0.106061
21 0.811808 0.813131 0.044280 0.060606
27 0.904059 0.075758 0.044280 0.060606
18 0.911439 0.194444 0.059041 0.075758
11 0.920664 0.310606 0.077491 0.106061
0 0.920664 0.441919 0.077491 0.106061
31 0.933579 0.553030 0.103321 0.045455
4 0.920664 0.704545 0.077491 0.106061