8 0.038462 0.111386 0.076923 0.103960
16 0.023810 0.287129 0.047619 0.059406
4 0.038462 0.418317 0.076923 0.103960
18 0.029304 0.537129 0.058608 0.074257
17 0.031136 0.638614 0.062271 0.069307
12 0.038462 0.814356 0.076923 0.103960
25 0.267399 0.076733 0.351648 0.054455
29 0.117216 0.242574 0.051282 0.079208
0 0.130037 0.413366 0.076923 0.103960
30 0.122711 0.586634 0.062271 0.084158
19 0.120879 0.722772 0.058608 0.059406
35 0.119048 0.871287 0.054945 0.059406
11 0.496337 0.126238 0.076923 0.103960
24 0.479853 0.292079 0.043956 0.059406
32 0.571429 0.433168 0.227106 0.044554
10 0.496337 0.547030 0.076923 0.103960
3 0.496337 0.675743 0.076923 0.103960
1 0.496337 0.824257 0.076923 0.103960
26 0.725275 0.081683 0.051282 0.074257
31 0.750916 0.205446 0.102564 0.044554
20 0.730769 0.316832 0.062271 0.069307
22 0.723443 0.413366 0.047619 0.054455
6 0.738095 0.566832 0.076923 0.103960
28 0.723443 0.707921 0.047619 0.069307
34 0.838828 0.103960 0.043956 0.069307
9 0.855311 0.220297 0.076923 0.103960
15 0.851648 0.346535 0.069597 0.069307
21 0.838828 0.509901 0.043956 0.059406
5 0.855311 0.690594 0.076923 0.103960
23 0.844322 0.824257 0.054945 0.064356
27 0.930403 0.079208 0.043956 0.059406
13 0.946886 0.240099 0.076923 0.103960
2 0.946886 0.398515 0.076923 0.103960
7 0.946886 0.527228 0.076923 0.103960
14 0.946886 0.660891 0.076923 0.103960
33 0.934066 0.834158 0.051282 0.074257