11 0.038462 0.077889 0.076923 0.105528
23 0.027473 0.243719 0.054945 0.065327
34 0.021978 0.371859 0.043956 0.070352
1 0.038462 0.535176 0.076923 0.105528
24 0.021978 0.678392 0.043956 0.060302
21 0.021978 0.793970 0.043956 0.060302
26 0.117216 0.087940 0.051282 0.075377
2 0.130037 0.203518 0.076923 0.105528
32 0.205128 0.339196 0.227106 0.045226
4 0.130037 0.449749 0.076923 0.105528
16 0.115385 0.633166 0.047619 0.060302
12 0.130037 0.816583 0.076923 0.105528
19 0.362637 0.090452 0.058608 0.060302
30 0.364469 0.228643 0.062271 0.085427
35 0.360806 0.326633 0.054945 0.060302
9 0.371795 0.494975 0.076923 0.105528
17 0.364469 0.613065 0.062271 0.070352
10 0.371795 0.771357 0.076923 0.105528
31 0.476190 0.067839 0.102564 0.045226
18 0.454212 0.228643 0.058608 0.075377
7 0.463370 0.369347 0.076923 0.105528
8 0.463370 0.565327 0.076923 0.105528
3 0.463370 0.706030 0.076923 0.105528
27 0.446886 0.839196 0.043956 0.060302
13 0.580586 0.092965 0.076923 0.105528
0 0.580586 0.293970 0.076923 0.105528
28 0.565934 0.482412 0.047619 0.070352
25 0.717949 0.595477 0.351648 0.055276
22 0.565934 0.751256 0.047619 0.055276
6 0.580586 0.902010 0.076923 0.105528
33 0.934066 0.108040 0.051282 0.075377
15 0.943223 0.211055 0.069597 0.070352
5 0.946886 0.339196 0.076923 0.105528
20 0.939560 0.457286 0.062271 0.070352
29 0.934066 0.592965 0.051282 0.080402
14 0.946886 0.781407 0.076923 0.105528