28 0.028634 0.070093 0.057269 0.065421
4 0.046256 0.179907 0.092511 0.098131
12 0.046256 0.348131 0.092511 0.098131
7 0.046256 0.530374 0.092511 0.098131
17 0.037445 0.700935 0.074890 0.065421
23 0.033040 0.815421 0.066079 0.060748
21 0.136564 0.056075 0.052863 0.056075
9 0.156388 0.207944 0.092511 0.098131
31 0.171806 0.371495 0.123348 0.042056
0 0.156388 0.492991 0.092511 0.098131
11 0.156388 0.642523 0.092511 0.098131
26 0.140969 0.792056 0.061674 0.070093
30 0.288546 0.086449 0.074890 0.079439
22 0.279736 0.189252 0.057269 0.051402
2 0.297357 0.329439 0.092511 0.098131
14 0.297357 0.511682 0.092511 0.098131
33 0.281938 0.675234 0.061674 0.070093
8 0.297357 0.787383 0.092511 0.098131
15 0.403084 0.056075 0.083700 0.065421
3 0.407489 0.226636 0.092511 0.098131
6 0.407489 0.418224 0.092511 0.098131
29 0.392070 0.598131 0.061674 0.074766
1 0.407489 0.712617 0.092511 0.098131
20 0.398678 0.817757 0.074890 0.065421
34 0.497797 0.060748 0.052863 0.065421
19 0.506608 0.196262 0.070485 0.056075
24 0.497797 0.313084 0.052863 0.056075
35 0.504405 0.443925 0.066079 0.056075
18 0.506608 0.600467 0.070485 0.070093
16 0.500000 0.724299 0.057269 0.056075
25 0.770925 0.095794 0.422907 0.051402
32 0.696035 0.226636 0.273128 0.042056
13 0.605727 0.362150 0.092511 0.098131
10 0.605727 0.535047 0.092511 0.098131
5 0.605727 0.717290 0.092511 0.098131
27 0.585903 0.883178 0.052863 0.056075