29 0.025641 0.097087 0.051282 0.077670
0 0.038462 0.274272 0.076923 0.101942
26 0.025641 0.429612 0.051282 0.072816
33 0.025641 0.531553 0.051282 0.072816
4 0.038462 0.696602 0.076923 0.101942
7 0.038462 0.881068 0.076923 0.101942
11 0.130037 0.075243 0.076923 0.101942
32 0.205128 0.177184 0.227106 0.043689
10 0.130037 0.288835 0.076923 0.101942
9 0.130037 0.468447 0.076923 0.101942
14 0.130037 0.648058 0.076923 0.101942
27 0.113553 0.815534 0.043956 0.058252
23 0.360806 0.094660 0.054945 0.063107
2 0.371795 0.206311 0.076923 0.101942
1 0.371795 0.337379 0.076923 0.101942
28 0.357143 0.451456 0.047619 0.067961
19 0.362637 0.587379 0.058608 0.058252
20 0.364469 0.723301 0.062271 0.067961
35 0.452381 0.072816 0.054945 0.058252
16 0.448718 0.218447 0.047619 0.058252
21 0.446886 0.344660 0.043956 0.058252
3 0.463370 0.468447 0.076923 0.101942
24 0.446886 0.582524 0.043956 0.058252
17 0.456044 0.728155 0.062271 0.067961
30 0.547619 0.070388 0.062271 0.082524
31 0.567766 0.216019 0.102564 0.043689
22 0.540293 0.317961 0.047619 0.053398
12 0.554945 0.453883 0.076923 0.101942
6 0.554945 0.623786 0.076923 0.101942
18 0.545788 0.745146 0.058608 0.072816
5 0.672161 0.118932 0.076923 0.101942
15 0.668498 0.276699 0.069597 0.067961
34 0.655678 0.432039 0.043956 0.067961
13 0.672161 0.555825 0.076923 0.101942
8 0.672161 0.725728 0.076923 0.101942
25 0.809524 0.832524 0.351648 0.053398