19 0.035556 0.066667 0.071111 0.057143
14 0.046667 0.169048 0.093333 0.100000
18 0.035556 0.316667 0.071111 0.071429
17 0.037778 0.428571 0.075556 0.066667
12 0.046667 0.569048 0.093333 0.100000
5 0.046667 0.697619 0.093333 0.100000
8 0.157778 0.073810 0.093333 0.100000
27 0.137778 0.209524 0.053333 0.057143
6 0.157778 0.345238 0.093333 0.100000
11 0.157778 0.516667 0.093333 0.100000
20 0.148889 0.647619 0.075556 0.066667
34 0.137778 0.795238 0.053333 0.066667
21 0.248889 0.100000 0.053333 0.057143
16 0.251111 0.209524 0.057778 0.057143
33 0.253333 0.307143 0.062222 0.071429
29 0.253333 0.428571 0.062222 0.076190
23 0.255556 0.592857 0.066667 0.061905
7 0.268889 0.716667 0.093333 0.100000
22 0.362222 0.097619 0.057778 0.052381
15 0.375556 0.190476 0.084444 0.066667
13 0.380000 0.302381 0.093333 0.100000
24 0.360000 0.452381 0.053333 0.057143
26 0.364444 0.583333 0.062222 0.071429
28 0.362222 0.747619 0.057778 0.066667
4 0.491111 0.116667 0.093333 0.100000
3 0.491111 0.264286 0.093333 0.100000
2 0.491111 0.450000 0.093333 0.100000
10 0.491111 0.597619 0.093333 0.100000
1 0.491111 0.769048 0.093333 0.100000
0 0.491111 0.892857 0.093333 0.100000
25 0.768889 0.078571 0.426667 0.052381
30 0.593333 0.173810 0.075556 0.080952
9 0.602222 0.326190 0.093333 0.100000
31 0.617778 0.488095 0.124444 0.042857
35 0.588889 0.614286 0.066667 0.057143
32 0.693333 0.745238 0.275556 0.042857