20 0.036638 0.072115 0.073276 0.067308
31 0.060345 0.175481 0.120690 0.043269
28 0.028017 0.302885 0.056034 0.067308
22 0.028017 0.454327 0.056034 0.052885
16 0.028017 0.557692 0.056034 0.057692
17 0.036638 0.687500 0.073276 0.067308
15 0.178879 0.062500 0.081897 0.067308
4 0.183190 0.228365 0.090517 0.100962
8 0.183190 0.391827 0.090517 0.100962
33 0.168103 0.555288 0.060345 0.072115
12 0.183190 0.685096 0.090517 0.100962
3 0.183190 0.853365 0.090517 0.100962
19 0.280172 0.086538 0.068966 0.057692
7 0.290948 0.242788 0.090517 0.100962
34 0.271552 0.384615 0.051724 0.067308
29 0.275862 0.519231 0.060345 0.076923
11 0.290948 0.656250 0.090517 0.100962
18 0.280172 0.800481 0.068966 0.072115
2 0.398707 0.112981 0.090517 0.100962
27 0.379310 0.216346 0.051724 0.057692
23 0.385776 0.319712 0.064655 0.062500
0 0.398707 0.473558 0.090517 0.100962
9 0.398707 0.670673 0.090517 0.100962
13 0.398707 0.834135 0.090517 0.100962
24 0.487069 0.062500 0.051724 0.057692
25 0.668103 0.170673 0.413793 0.052885
30 0.497845 0.295673 0.073276 0.081731
26 0.491379 0.401442 0.060345 0.072115
32 0.594828 0.502404 0.267241 0.043269
35 0.493534 0.600962 0.064655 0.057692
14 0.937500 0.079327 0.090517 0.100962
1 0.937500 0.228365 0.090517 0.100962
10 0.937500 0.396635 0.090517 0.100962
5 0.937500 0.540865 0.090517 0.100962
6 0.937500 0.737981 0.090517 0.100962
21 0.918103 0.875000 0.051724 0.057692