11 0.038745 0.124339 0.077491 0.111111
6 0.038745 0.277778 0.077491 0.111111
5 0.038745 0.420635 0.077491 0.111111
32 0.114391 0.589947 0.228782 0.047619
0 0.038745 0.775132 0.077491 0.111111
30 0.031365 0.907407 0.062731 0.089947
2 0.282288 0.129630 0.077491 0.111111
9 0.282288 0.267196 0.077491 0.111111
12 0.282288 0.425926 0.077491 0.111111
21 0.265683 0.597884 0.044280 0.063492
13 0.282288 0.775132 0.077491 0.111111
26 0.269373 0.902116 0.051661 0.079365
24 0.357934 0.100529 0.044280 0.063492
4 0.374539 0.246032 0.077491 0.111111
31 0.387454 0.373016 0.103321 0.047619
1 0.374539 0.542328 0.077491 0.111111
7 0.374539 0.738095 0.077491 0.111111
19 0.365314 0.862434 0.059041 0.063492
25 0.630996 0.055556 0.354244 0.058201
8 0.492620 0.203704 0.077491 0.111111
22 0.477860 0.367725 0.047970 0.058201
10 0.492620 0.500000 0.077491 0.111111
23 0.481550 0.648148 0.055351 0.068783
27 0.476015 0.793651 0.044280 0.063492
35 0.850554 0.095238 0.055351 0.063492
18 0.852399 0.208995 0.059041 0.079365
28 0.846863 0.343915 0.047970 0.074074
17 0.854244 0.460317 0.062731 0.074074
33 0.848708 0.584656 0.051661 0.079365
15 0.857934 0.756614 0.070111 0.074074
20 0.939114 0.068783 0.062731 0.074074
29 0.933579 0.201058 0.051661 0.084656
16 0.931734 0.312169 0.047970 0.063492
3 0.946494 0.478836 0.077491 0.111111
14 0.946494 0.648148 0.077491 0.111111
34 0.929889 0.830688 0.044280 0.074074