25 0.175824 0.084699 0.351648 0.060109
1 0.038462 0.199454 0.076923 0.114754
30 0.031136 0.357923 0.062271 0.092896
19 0.029304 0.524590 0.058608 0.065574
8 0.038462 0.680328 0.076923 0.114754
29 0.025641 0.868852 0.051282 0.087432
23 0.393773 0.117486 0.054945 0.071038
3 0.404762 0.297814 0.076923 0.114754
21 0.388278 0.415301 0.043956 0.065574
6 0.404762 0.614754 0.076923 0.114754
13 0.404762 0.767760 0.076923 0.114754
32 0.479853 0.920765 0.227106 0.049180
0 0.646520 0.084699 0.076923 0.114754
12 0.646520 0.308743 0.076923 0.114754
35 0.635531 0.502732 0.054945 0.065574
34 0.630037 0.650273 0.043956 0.076503
10 0.646520 0.773224 0.076923 0.114754
33 0.633700 0.898907 0.051282 0.081967
17 0.730769 0.092896 0.062271 0.076503
4 0.738095 0.270492 0.076923 0.114754
24 0.721612 0.415301 0.043956 0.065574
27 0.721612 0.568306 0.043956 0.065574
20 0.730769 0.726776 0.062271 0.076503
28 0.723443 0.846995 0.047619 0.076503
18 0.820513 0.084699 0.058608 0.081967
11 0.829670 0.243169 0.076923 0.114754
7 0.829670 0.390710 0.076923 0.114754
2 0.829670 0.592896 0.076923 0.114754
14 0.829670 0.740437 0.076923 0.114754
15 0.826007 0.868852 0.069597 0.076503
31 0.934066 0.051913 0.102564 0.049180
9 0.921245 0.221311 0.076923 0.114754
26 0.908425 0.374317 0.051282 0.081967
16 0.906593 0.480874 0.047619 0.065574
22 0.906593 0.609290 0.047619 0.060109
5 0.921245 0.806011 0.076923 0.114754