20 0.037778 0.066038 0.075556 0.066038
4 0.046667 0.219340 0.093333 0.099057
15 0.042222 0.372642 0.084444 0.066038
19 0.035556 0.462264 0.071111 0.056604
6 0.046667 0.610849 0.093333 0.099057
5 0.046667 0.738208 0.093333 0.099057
24 0.137778 0.080189 0.053333 0.056604
27 0.137778 0.207547 0.053333 0.056604
34 0.137778 0.306604 0.053333 0.066038
10 0.157778 0.474057 0.093333 0.099057
16 0.140000 0.608491 0.057778 0.056604
1 0.157778 0.747642 0.093333 0.099057
3 0.268889 0.096698 0.093333 0.099057
0 0.268889 0.261792 0.093333 0.099057
18 0.257778 0.384434 0.071111 0.070755
33 0.253333 0.521226 0.062222 0.070755
35 0.255556 0.608491 0.066667 0.056604
30 0.260000 0.733491 0.075556 0.080189
23 0.366667 0.101415 0.066667 0.061321
28 0.362222 0.202830 0.057778 0.066038
17 0.371111 0.330189 0.075556 0.066038
11 0.380000 0.497642 0.093333 0.099057
14 0.380000 0.643868 0.093333 0.099057
26 0.364444 0.775943 0.062222 0.070755
32 0.582222 0.054245 0.275556 0.042453
25 0.657778 0.176887 0.426667 0.051887
21 0.471111 0.264151 0.053333 0.056604
31 0.506667 0.365566 0.124444 0.042453
7 0.491111 0.497642 0.093333 0.099057
22 0.473333 0.615566 0.057778 0.051887
13 0.935556 0.096698 0.093333 0.099057
9 0.935556 0.219340 0.093333 0.099057
29 0.920000 0.382075 0.062222 0.075472
8 0.935556 0.563679 0.093333 0.099057
12 0.935556 0.747642 0.093333 0.099057
2 0.935556 0.917453 0.093333 0.099057