28 0.023810 0.099476 0.047619 0.073298
16 0.023810 0.246073 0.047619 0.062827
10 0.038462 0.369110 0.076923 0.109948
34 0.021978 0.544503 0.043956 0.073298
26 0.025641 0.667539 0.051282 0.078534
24 0.021978 0.827225 0.043956 0.062827
6 0.130037 0.081152 0.076923 0.109948
23 0.119048 0.238220 0.054945 0.068063
13 0.130037 0.395288 0.076923 0.109948
21 0.113553 0.586387 0.043956 0.062827
35 0.119048 0.706806 0.054945 0.062827
20 0.122711 0.816754 0.062271 0.073298
18 0.212454 0.117801 0.058608 0.078534
12 0.221612 0.316754 0.076923 0.109948
32 0.296703 0.421466 0.227106 0.047120
0 0.221612 0.547120 0.076923 0.109948
7 0.221612 0.719895 0.076923 0.109948
19 0.212454 0.837696 0.058608 0.062827
8 0.463370 0.128272 0.076923 0.109948
2 0.463370 0.264398 0.076923 0.109948
22 0.448718 0.426702 0.047619 0.057592
14 0.463370 0.568063 0.076923 0.109948
3 0.463370 0.714660 0.076923 0.109948
31 0.476190 0.897906 0.102564 0.047120
9 0.580586 0.086387 0.076923 0.109948
1 0.580586 0.290576 0.076923 0.109948
27 0.564103 0.434555 0.043956 0.062827
33 0.567766 0.552356 0.051282 0.078534
11 0.580586 0.719895 0.076923 0.109948
4 0.580586 0.897906 0.076923 0.109948
30 0.664835 0.096859 0.062271 0.089005
15 0.668498 0.225131 0.069597 0.073298
5 0.672161 0.353403 0.076923 0.109948
29 0.659341 0.481675 0.051282 0.083770
17 0.664835 0.596859 0.062271 0.073298
25 0.809524 0.756545 0.351648 0.057592