4 0.039474 0.082888 0.078947 0.112299
0 0.039474 0.291444 0.078947 0.112299
7 0.039474 0.441176 0.078947 0.112299
11 0.039474 0.617647 0.078947 0.112299
32 0.116541 0.783422 0.233083 0.048128
24 0.022556 0.919786 0.045113 0.064171
12 0.287594 0.082888 0.078947 0.112299
19 0.278195 0.267380 0.060150 0.064171
1 0.287594 0.409091 0.078947 0.112299
27 0.270677 0.534759 0.045113 0.064171
13 0.287594 0.719251 0.078947 0.112299
18 0.278195 0.879679 0.060150 0.080214
6 0.381579 0.131016 0.078947 0.112299
3 0.381579 0.318182 0.078947 0.112299
20 0.374060 0.470588 0.063910 0.074866
33 0.368421 0.628342 0.052632 0.080214
34 0.364662 0.737968 0.045113 0.074866
16 0.366541 0.850267 0.048872 0.064171
26 0.462406 0.093583 0.052632 0.080214
25 0.616541 0.200535 0.360902 0.058824
14 0.475564 0.339572 0.078947 0.112299
31 0.488722 0.478610 0.105263 0.048128
22 0.460526 0.564171 0.048872 0.058824
2 0.475564 0.703209 0.078947 0.112299
10 0.851504 0.093583 0.078947 0.112299
30 0.843985 0.264706 0.063910 0.090909
8 0.851504 0.457219 0.078947 0.112299
17 0.843985 0.641711 0.063910 0.074866
35 0.840226 0.770053 0.056391 0.064171
15 0.847744 0.866310 0.071429 0.074866
5 0.945489 0.136364 0.078947 0.112299
21 0.928571 0.251337 0.045113 0.064171
23 0.934211 0.360963 0.056391 0.069519
29 0.932331 0.486631 0.052632 0.085561
28 0.930451 0.609626 0.048872 0.074866
9 0.945489 0.740642 0.078947 0.112299