18 0.029304 0.063380 0.058608 0.070423
7 0.038462 0.176056 0.076923 0.098592
24 0.021978 0.338028 0.043956 0.056338
15 0.034799 0.460094 0.069597 0.065728
25 0.175824 0.546948 0.351648 0.051643
28 0.023810 0.680751 0.047619 0.065728
13 0.404762 0.072770 0.076923 0.098592
5 0.404762 0.265258 0.076923 0.098592
17 0.397436 0.441315 0.062271 0.065728
20 0.397436 0.549296 0.062271 0.065728
26 0.391941 0.692488 0.051282 0.070423
29 0.391941 0.830986 0.051282 0.075117
6 0.496337 0.100939 0.076923 0.098592
33 0.483516 0.255869 0.051282 0.070423
16 0.481685 0.366197 0.047619 0.056338
0 0.496337 0.532864 0.076923 0.098592
2 0.496337 0.669014 0.076923 0.098592
1 0.496337 0.819249 0.076923 0.098592
31 0.600733 0.053991 0.102564 0.042254
9 0.587912 0.157277 0.076923 0.098592
11 0.587912 0.330986 0.076923 0.098592
12 0.587912 0.476526 0.076923 0.098592
21 0.571429 0.638498 0.043956 0.056338
19 0.578755 0.751174 0.058608 0.056338
8 0.705128 0.119718 0.076923 0.098592
30 0.697802 0.241784 0.062271 0.079812
10 0.705128 0.424883 0.076923 0.098592
35 0.694139 0.591549 0.054945 0.056338
14 0.705128 0.720657 0.076923 0.098592
4 0.705128 0.870892 0.076923 0.098592
22 0.782051 0.086854 0.047619 0.051643
3 0.796703 0.204225 0.076923 0.098592
32 0.871795 0.298122 0.227106 0.042254
27 0.780220 0.384977 0.043956 0.056338
23 0.785714 0.537559 0.054945 0.061033
34 0.780220 0.694836 0.043956 0.065728