33 0.026316 0.081683 0.052632 0.074257
12 0.039474 0.259901 0.078947 0.103960
11 0.039474 0.388614 0.078947 0.103960
29 0.026316 0.569307 0.052632 0.079208
9 0.039474 0.725248 0.078947 0.103960
17 0.031955 0.846535 0.063910 0.069307
31 0.146617 0.081683 0.105263 0.044554
35 0.122180 0.207921 0.056391 0.059406
24 0.116541 0.326733 0.045113 0.059406
23 0.122180 0.482673 0.056391 0.064356
32 0.210526 0.636139 0.233083 0.044554
2 0.133459 0.735149 0.078947 0.103960
5 0.381579 0.126238 0.078947 0.103960
4 0.381579 0.279703 0.078947 0.103960
18 0.372180 0.452970 0.060150 0.074257
3 0.381579 0.586634 0.078947 0.103960
27 0.364662 0.712871 0.045113 0.059406
25 0.522556 0.834158 0.360902 0.054455
14 0.757519 0.111386 0.078947 0.103960
28 0.742481 0.297030 0.048872 0.069307
20 0.750000 0.435644 0.063910 0.069307
8 0.757519 0.556931 0.078947 0.103960
1 0.757519 0.690594 0.078947 0.103960
21 0.740602 0.871287 0.045113 0.059406
19 0.842105 0.084158 0.060150 0.059406
7 0.851504 0.235149 0.078947 0.103960
22 0.836466 0.363861 0.048872 0.054455
10 0.851504 0.512376 0.078947 0.103960
34 0.834586 0.663366 0.045113 0.069307
15 0.847744 0.797030 0.071429 0.069307
16 0.930451 0.069307 0.048872 0.059406
26 0.932331 0.230198 0.052632 0.074257
13 0.945489 0.363861 0.078947 0.103960
0 0.945489 0.551980 0.078947 0.103960
30 0.937970 0.680693 0.063910 0.084158
6 0.945489 0.863861 0.078947 0.103960