22 0.023810 0.065217 0.047619 0.053140
15 0.034799 0.222222 0.069597 0.067633
27 0.021978 0.347826 0.043956 0.057971
6 0.038462 0.475845 0.076923 0.101449
7 0.038462 0.669082 0.076923 0.101449
10 0.038462 0.852657 0.076923 0.101449
1 0.130037 0.094203 0.076923 0.101449
18 0.120879 0.253623 0.058608 0.072464
30 0.122711 0.374396 0.062271 0.082126
13 0.130037 0.528986 0.076923 0.101449
12 0.130037 0.673913 0.076923 0.101449
35 0.119048 0.816425 0.054945 0.057971
16 0.206960 0.067633 0.047619 0.057971
32 0.296703 0.142512 0.227106 0.043478
20 0.214286 0.241546 0.062271 0.067633
0 0.221612 0.413043 0.076923 0.101449
14 0.221612 0.548309 0.076923 0.101449
28 0.206960 0.695652 0.047619 0.067633
11 0.463370 0.084541 0.076923 0.101449
19 0.454212 0.198068 0.058608 0.057971
23 0.452381 0.316425 0.054945 0.062802
24 0.446886 0.415459 0.043956 0.057971
25 0.600733 0.557971 0.351648 0.053140
21 0.446886 0.666667 0.043956 0.057971
5 0.829670 0.084541 0.076923 0.101449
29 0.816850 0.217391 0.051282 0.077295
31 0.842491 0.326087 0.102564 0.043478
26 0.816850 0.461353 0.051282 0.072464
34 0.813187 0.589372 0.043956 0.067633
33 0.816850 0.746377 0.051282 0.072464
17 0.939560 0.086957 0.062271 0.067633
4 0.946886 0.210145 0.076923 0.101449
9 0.946886 0.388889 0.076923 0.101449
2 0.946886 0.553140 0.076923 0.101449
3 0.946886 0.717391 0.076923 0.101449
8 0.946886 0.876812 0.076923 0.101449