17 0.031955 0.098039 0.063910 0.068627
1 0.039474 0.218137 0.078947 0.102941
12 0.039474 0.370098 0.078947 0.102941
30 0.031955 0.522059 0.063910 0.083333
21 0.022556 0.686275 0.045113 0.058824
8 0.039474 0.855392 0.078947 0.102941
4 0.133459 0.085784 0.078947 0.102941
10 0.133459 0.232843 0.078947 0.102941
32 0.210526 0.360294 0.233083 0.044118
19 0.124060 0.509804 0.060150 0.058824
18 0.124060 0.615196 0.060150 0.073529
31 0.146617 0.718137 0.105263 0.044118
29 0.368421 0.102941 0.052632 0.078431
26 0.368421 0.272059 0.052632 0.073529
7 0.381579 0.448529 0.078947 0.102941
20 0.374060 0.617647 0.063910 0.068627
23 0.370301 0.767157 0.056391 0.063725
24 0.364662 0.921569 0.045113 0.058824
14 0.475564 0.125000 0.078947 0.102941
34 0.458647 0.235294 0.045113 0.068627
9 0.475564 0.389706 0.078947 0.102941
2 0.475564 0.536765 0.078947 0.102941
6 0.475564 0.693627 0.078947 0.102941
0 0.475564 0.825980 0.078947 0.102941
35 0.558271 0.102941 0.056391 0.058824
25 0.710526 0.252451 0.360902 0.053922
22 0.554511 0.384804 0.048872 0.053922
27 0.552632 0.480392 0.045113 0.058824
28 0.554511 0.632353 0.048872 0.068627
15 0.565789 0.740196 0.071429 0.068627
13 0.945489 0.090686 0.078947 0.102941
33 0.932331 0.242647 0.052632 0.073529
5 0.945489 0.394608 0.078947 0.102941
16 0.930451 0.519608 0.048872 0.058824
11 0.945489 0.634804 0.078947 0.102941
3 0.945489 0.762255 0.078947 0.102941