15 0.034799 0.080569 0.069597 0.066351
22 0.023810 0.225118 0.047619 0.052133
12 0.038462 0.376777 0.076923 0.099526
9 0.038462 0.523697 0.076923 0.099526
28 0.023810 0.687204 0.047619 0.066351
27 0.021978 0.781991 0.043956 0.056872
16 0.115385 0.056872 0.047619 0.056872
31 0.142857 0.168246 0.102564 0.042654
3 0.130037 0.267773 0.076923 0.099526
8 0.130037 0.400474 0.076923 0.099526
1 0.130037 0.542654 0.076923 0.099526
5 0.130037 0.670616 0.076923 0.099526
2 0.247253 0.097156 0.076923 0.099526
13 0.247253 0.248815 0.076923 0.099526
14 0.247253 0.438389 0.076923 0.099526
0 0.247253 0.594787 0.076923 0.099526
10 0.247253 0.722749 0.076923 0.099526
6 0.247253 0.874408 0.076923 0.099526
4 0.338828 0.087678 0.076923 0.099526
33 0.326007 0.234597 0.051282 0.071090
32 0.413919 0.334123 0.227106 0.042654
26 0.326007 0.428910 0.051282 0.071090
20 0.331502 0.521327 0.062271 0.066351
19 0.329670 0.620853 0.058608 0.056872
30 0.573260 0.082938 0.062271 0.080569
29 0.567766 0.222749 0.051282 0.075829
17 0.573260 0.317536 0.062271 0.066351
11 0.580586 0.466825 0.076923 0.099526
24 0.564103 0.625592 0.043956 0.056872
23 0.569597 0.779621 0.054945 0.061611
21 0.655678 0.085308 0.043956 0.056872
18 0.663004 0.182464 0.058608 0.071090
35 0.661172 0.298578 0.054945 0.056872
7 0.672161 0.400474 0.076923 0.099526
34 0.655678 0.507109 0.043956 0.066351
25 0.809524 0.599526 0.351648 0.052133