7 0.039179 0.105911 0.078358 0.103448
3 0.039179 0.293103 0.078358 0.103448
29 0.026119 0.482759 0.052239 0.078818
2 0.039179 0.642857 0.078358 0.103448
4 0.039179 0.825123 0.078358 0.103448
17 0.031716 0.935961 0.063433 0.068966
26 0.119403 0.061576 0.052239 0.073892
35 0.121269 0.192118 0.055970 0.059113
12 0.132463 0.371921 0.078358 0.103448
27 0.115672 0.546798 0.044776 0.059113
32 0.208955 0.633005 0.231343 0.044335
6 0.132463 0.775862 0.078358 0.103448
31 0.391791 0.096059 0.104478 0.044335
16 0.363806 0.197044 0.048507 0.059113
15 0.375000 0.325123 0.070896 0.068966
9 0.378731 0.495074 0.078358 0.103448
10 0.378731 0.697044 0.078358 0.103448
21 0.361940 0.871921 0.044776 0.059113
24 0.481343 0.068966 0.044776 0.059113
8 0.498134 0.184729 0.078358 0.103448
0 0.498134 0.357143 0.078358 0.103448
5 0.498134 0.539409 0.078358 0.103448
1 0.498134 0.697044 0.078358 0.103448
30 0.490672 0.825123 0.063433 0.083744
23 0.580224 0.071429 0.055970 0.064039
22 0.576493 0.229064 0.048507 0.054187
18 0.582090 0.366995 0.059701 0.073892
28 0.576493 0.522167 0.048507 0.068966
19 0.582090 0.625616 0.059701 0.059113
34 0.574627 0.768473 0.044776 0.068966
11 0.666045 0.105911 0.078358 0.103448
14 0.666045 0.258621 0.078358 0.103448
25 0.805970 0.406404 0.358209 0.054187
13 0.666045 0.573892 0.078358 0.103448
20 0.658582 0.758621 0.063433 0.068966
33 0.652985 0.864532 0.052239 0.073892