25 0.175824 0.056098 0.351648 0.053659
5 0.038462 0.163415 0.076923 0.102439
12 0.038462 0.295122 0.076923 0.102439
1 0.038462 0.446341 0.076923 0.102439
35 0.027473 0.560976 0.054945 0.058537
24 0.021978 0.658537 0.043956 0.058537
19 0.395604 0.068293 0.058608 0.058537
13 0.404762 0.236585 0.076923 0.102439
33 0.391941 0.363415 0.051282 0.073171
7 0.404762 0.539024 0.076923 0.102439
21 0.388278 0.707317 0.043956 0.058537
32 0.479853 0.856098 0.227106 0.043902
29 0.633700 0.107317 0.051282 0.078049
27 0.630037 0.214634 0.043956 0.058537
15 0.642857 0.302439 0.069597 0.068293
4 0.646520 0.480488 0.076923 0.102439
31 0.659341 0.641463 0.102564 0.043902
18 0.637363 0.792683 0.058608 0.073171
17 0.756410 0.063415 0.062271 0.068293
0 0.763736 0.202439 0.076923 0.102439
6 0.763736 0.402439 0.076923 0.102439
3 0.763736 0.597561 0.076923 0.102439
10 0.763736 0.739024 0.076923 0.102439
23 0.752747 0.904878 0.054945 0.063415
8 0.855311 0.119512 0.076923 0.102439
16 0.840659 0.282927 0.047619 0.058537
20 0.847985 0.400000 0.062271 0.068293
11 0.855311 0.529268 0.076923 0.102439
22 0.840659 0.665854 0.047619 0.053659
30 0.847985 0.792683 0.062271 0.082927
14 0.946886 0.100000 0.076923 0.102439
28 0.932234 0.243902 0.047619 0.068293
9 0.946886 0.412195 0.076923 0.102439
34 0.930403 0.551220 0.043956 0.068293
2 0.946886 0.700000 0.076923 0.102439
26 0.934066 0.846341 0.051282 0.073171