5 0.038462 0.094388 0.076923 0.107143
1 0.038462 0.252551 0.076923 0.107143
27 0.021978 0.377551 0.043956 0.061224
23 0.027473 0.517857 0.054945 0.066327
20 0.031136 0.617347 0.062271 0.071429
13 0.038462 0.752551 0.076923 0.107143
3 0.130037 0.130102 0.076923 0.107143
11 0.130037 0.278061 0.076923 0.107143
9 0.130037 0.482143 0.076923 0.107143
30 0.122711 0.609694 0.062271 0.086735
31 0.142857 0.716837 0.102564 0.045918
2 0.130037 0.844388 0.076923 0.107143
18 0.238095 0.063776 0.058608 0.076531
22 0.232601 0.186224 0.047619 0.056122
15 0.243590 0.331633 0.069597 0.071429
33 0.234432 0.431122 0.051282 0.076531
25 0.384615 0.558673 0.351648 0.056122
14 0.247253 0.691327 0.076923 0.107143
35 0.602564 0.086735 0.054945 0.061224
6 0.613553 0.272959 0.076923 0.107143
12 0.613553 0.420918 0.076923 0.107143
29 0.600733 0.540816 0.051282 0.081633
10 0.613553 0.660714 0.076923 0.107143
32 0.688645 0.813776 0.227106 0.045918
8 0.855311 0.109694 0.076923 0.107143
16 0.840659 0.280612 0.047619 0.061224
26 0.842491 0.431122 0.051282 0.076531
19 0.846154 0.561224 0.058608 0.061224
24 0.838828 0.668367 0.043956 0.061224
4 0.855311 0.818878 0.076923 0.107143
0 0.946886 0.125000 0.076923 0.107143
21 0.930403 0.234694 0.043956 0.061224
34 0.930403 0.403061 0.043956 0.071429
7 0.946886 0.548469 0.076923 0.107143
28 0.932234 0.739796 0.047619 0.071429
17 0.939560 0.892857 0.062271 0.071429