4 0.045259 0.081281 0.090517 0.103448
35 0.032328 0.187192 0.064655 0.059113
2 0.045259 0.347291 0.090517 0.103448
16 0.028017 0.507389 0.056034 0.059113
6 0.045259 0.677340 0.090517 0.103448
20 0.036638 0.852217 0.073276 0.068966
18 0.142241 0.110837 0.068966 0.073892
19 0.142241 0.236453 0.068966 0.059113
17 0.144397 0.384236 0.073276 0.068966
8 0.153017 0.514778 0.090517 0.103448
25 0.314655 0.623153 0.413793 0.054187
32 0.241379 0.721675 0.267241 0.044335
11 0.584052 0.100985 0.090517 0.103448
15 0.579741 0.241379 0.081897 0.068966
24 0.564655 0.330049 0.051724 0.059113
33 0.568966 0.445813 0.060345 0.073892
30 0.575431 0.578818 0.073276 0.083744
22 0.566810 0.687192 0.056034 0.054187
9 0.691810 0.125616 0.090517 0.103448
12 0.691810 0.293103 0.090517 0.103448
26 0.676724 0.411330 0.060345 0.073892
31 0.706897 0.504926 0.120690 0.044335
14 0.691810 0.667488 0.090517 0.103448
0 0.691810 0.854680 0.090517 0.103448
1 0.829741 0.076355 0.090517 0.103448
21 0.810345 0.216749 0.051724 0.059113
28 0.812500 0.344828 0.056034 0.068966
10 0.829741 0.475369 0.090517 0.103448
27 0.810345 0.581281 0.051724 0.059113
29 0.814655 0.684729 0.060345 0.078818
5 0.937500 0.120690 0.090517 0.103448
13 0.937500 0.283251 0.090517 0.103448
23 0.924569 0.426108 0.064655 0.064039
34 0.918103 0.586207 0.051724 0.068966
3 0.937500 0.716749 0.090517 0.103448
7 0.937500 0.844828 0.090517 0.103448