11 0.039474 0.082500 0.078947 0.105000
33 0.026316 0.237500 0.052632 0.075000
20 0.031955 0.405000 0.063910 0.070000
31 0.052632 0.527500 0.105263 0.045000
17 0.031955 0.640000 0.063910 0.070000
32 0.116541 0.727500 0.233083 0.045000
0 0.287594 0.117500 0.078947 0.105000
12 0.287594 0.282500 0.078947 0.105000
7 0.287594 0.412500 0.078947 0.105000
23 0.276316 0.567500 0.056391 0.065000
4 0.287594 0.692500 0.078947 0.105000
8 0.287594 0.822500 0.078947 0.105000
5 0.381579 0.082500 0.078947 0.105000
16 0.366541 0.215000 0.048872 0.060000
25 0.522556 0.352500 0.360902 0.055000
3 0.381579 0.497500 0.078947 0.105000
24 0.364662 0.645000 0.045113 0.060000
14 0.381579 0.827500 0.078947 0.105000
27 0.740602 0.090000 0.045113 0.060000
10 0.757519 0.217500 0.078947 0.105000
18 0.748120 0.337500 0.060150 0.075000
28 0.742481 0.490000 0.048872 0.070000
22 0.742481 0.647500 0.048872 0.055000
30 0.750000 0.757500 0.063910 0.085000
1 0.851504 0.112500 0.078947 0.105000
15 0.847744 0.225000 0.071429 0.070000
26 0.838346 0.387500 0.052632 0.075000
9 0.851504 0.502500 0.078947 0.105000
6 0.851504 0.707500 0.078947 0.105000
35 0.840226 0.865000 0.056391 0.060000
13 0.945489 0.102500 0.078947 0.105000
2 0.945489 0.297500 0.078947 0.105000
21 0.928571 0.450000 0.045113 0.060000
19 0.936090 0.575000 0.060150 0.060000
34 0.928571 0.735000 0.045113 0.070000
29 0.932331 0.875000 0.052632 0.080000