6 0.038462 0.098558 0.076923 0.100962
7 0.038462 0.295673 0.076923 0.100962
27 0.021978 0.399038 0.043956 0.057692
16 0.023810 0.495192 0.047619 0.057692
4 0.038462 0.641827 0.076923 0.100962
23 0.027473 0.819712 0.054945 0.062500
1 0.130037 0.103365 0.076923 0.100962
25 0.267399 0.223558 0.351648 0.052885
18 0.120879 0.358173 0.058608 0.072115
17 0.122711 0.480769 0.062271 0.067308
28 0.115385 0.572115 0.047619 0.067308
30 0.122711 0.728365 0.062271 0.081731
26 0.483516 0.064904 0.051282 0.072115
9 0.496337 0.209135 0.076923 0.100962
24 0.479853 0.322115 0.043956 0.057692
20 0.489011 0.413462 0.062271 0.067308
13 0.496337 0.579327 0.076923 0.100962
31 0.509158 0.709135 0.102564 0.043269
32 0.688645 0.084135 0.227106 0.043269
11 0.613553 0.223558 0.076923 0.100962
5 0.613553 0.362981 0.076923 0.100962
33 0.600733 0.502404 0.051282 0.072115
35 0.602564 0.649038 0.054945 0.057692
21 0.597070 0.754808 0.043956 0.057692
10 0.855311 0.112981 0.076923 0.100962
8 0.855311 0.237981 0.076923 0.100962
29 0.842491 0.423077 0.051282 0.076923
12 0.855311 0.598558 0.076923 0.100962
15 0.851648 0.735577 0.069597 0.067308
2 0.855311 0.891827 0.076923 0.100962
22 0.932234 0.055288 0.047619 0.052885
14 0.946886 0.161058 0.076923 0.100962
34 0.930403 0.341346 0.043956 0.067308
19 0.937729 0.447115 0.058608 0.057692
3 0.946886 0.588942 0.076923 0.100962
0 0.946886 0.766827 0.076923 0.100962