16 0.024436 0.099010 0.048872 0.059406
28 0.024436 0.202970 0.048872 0.069307
30 0.031955 0.304455 0.063910 0.084158
11 0.039474 0.433168 0.078947 0.103960
15 0.035714 0.584158 0.071429 0.069307
5 0.039474 0.759901 0.078947 0.103960
3 0.133459 0.111386 0.078947 0.103960
1 0.133459 0.279703 0.078947 0.103960
26 0.120301 0.408416 0.052632 0.074257
9 0.133459 0.591584 0.078947 0.103960
13 0.133459 0.754950 0.078947 0.103960
12 0.133459 0.923267 0.078947 0.103960
8 0.227444 0.081683 0.078947 0.103960
35 0.216165 0.252475 0.056391 0.059406
24 0.210526 0.361386 0.045113 0.059406
23 0.216165 0.472772 0.056391 0.064356
25 0.368421 0.596535 0.360902 0.054455
18 0.218045 0.759901 0.060150 0.074257
10 0.603383 0.091584 0.078947 0.103960
22 0.588346 0.220297 0.048872 0.054455
17 0.595865 0.366337 0.063910 0.069307
4 0.603383 0.507426 0.078947 0.103960
0 0.603383 0.665842 0.078947 0.103960
21 0.586466 0.816832 0.045113 0.059406
32 0.774436 0.081683 0.233083 0.044554
29 0.684211 0.193069 0.052632 0.079208
31 0.710526 0.339109 0.105263 0.044554
7 0.697368 0.512376 0.078947 0.103960
33 0.684211 0.665842 0.052632 0.074257
27 0.680451 0.826733 0.045113 0.059406
6 0.945489 0.126238 0.078947 0.103960
34 0.928571 0.272277 0.045113 0.069307
14 0.945489 0.403465 0.078947 0.103960
19 0.936090 0.554455 0.060150 0.059406
2 0.945489 0.675743 0.078947 0.103960
20 0.937970 0.831683 0.063910 0.069307