32 0.113553 0.086387 0.227106 0.047120
2 0.038462 0.259162 0.076923 0.109948
7 0.038462 0.405759 0.076923 0.109948
19 0.029304 0.570681 0.058608 0.062827
12 0.038462 0.704188 0.076923 0.109948
29 0.025641 0.853403 0.051282 0.083770
9 0.280220 0.107330 0.076923 0.109948
1 0.280220 0.295812 0.076923 0.109948
25 0.417582 0.442408 0.351648 0.057592
8 0.280220 0.594241 0.076923 0.109948
6 0.280220 0.751309 0.076923 0.109948
35 0.269231 0.916230 0.054945 0.062827
4 0.646520 0.107330 0.076923 0.109948
30 0.639194 0.285340 0.062271 0.089005
0 0.646520 0.416230 0.076923 0.109948
11 0.646520 0.552356 0.076923 0.109948
15 0.642857 0.717277 0.069597 0.073298
28 0.631868 0.821990 0.047619 0.073298
23 0.727106 0.107330 0.054945 0.068063
24 0.721612 0.277487 0.043956 0.062827
5 0.738095 0.426702 0.076923 0.109948
34 0.721612 0.575916 0.043956 0.073298
22 0.723443 0.714660 0.047619 0.057592
3 0.738095 0.887435 0.076923 0.109948
31 0.842491 0.049738 0.102564 0.047120
16 0.815018 0.157068 0.047619 0.062827
20 0.822344 0.319372 0.062271 0.073298
13 0.829670 0.479058 0.076923 0.109948
17 0.822344 0.612565 0.062271 0.073298
33 0.816850 0.756545 0.051282 0.078534
14 0.946886 0.123037 0.076923 0.109948
27 0.930403 0.272251 0.043956 0.062827
18 0.937729 0.369110 0.058608 0.078534
21 0.930403 0.486911 0.043956 0.062827
26 0.934066 0.615183 0.051282 0.078534
10 0.946886 0.735602 0.076923 0.109948