15 0.040948 0.095960 0.081897 0.070707
21 0.025862 0.242424 0.051724 0.060606
20 0.036638 0.333333 0.073276 0.070707
28 0.028017 0.459596 0.056034 0.070707
31 0.060345 0.547980 0.120690 0.045455
13 0.045259 0.724747 0.090517 0.106061
12 0.183190 0.123737 0.090517 0.106061
0 0.183190 0.275253 0.090517 0.106061
22 0.165948 0.396465 0.056034 0.055556
7 0.183190 0.563131 0.090517 0.106061
24 0.163793 0.702020 0.051724 0.060606
23 0.170259 0.800505 0.064655 0.065657
9 0.290948 0.128788 0.090517 0.106061
11 0.290948 0.280303 0.090517 0.106061
19 0.280172 0.404040 0.068966 0.060606
10 0.290948 0.563131 0.090517 0.106061
26 0.275862 0.704545 0.060345 0.075758
34 0.271552 0.878788 0.051724 0.070707
2 0.398707 0.103535 0.090517 0.106061
35 0.385776 0.252525 0.064655 0.060606
30 0.390086 0.351010 0.073276 0.085859
5 0.398707 0.502525 0.090517 0.106061
6 0.398707 0.669192 0.090517 0.106061
3 0.398707 0.825758 0.090517 0.106061
27 0.487069 0.085859 0.051724 0.060606
8 0.506466 0.260101 0.090517 0.106061
18 0.495690 0.436869 0.068966 0.075758
32 0.594828 0.558081 0.267241 0.045455
29 0.491379 0.702020 0.060345 0.080808
25 0.668103 0.810606 0.413793 0.055556
33 0.922414 0.068182 0.060345 0.075758
17 0.928879 0.171717 0.073276 0.070707
16 0.920259 0.303030 0.056034 0.060606
14 0.937500 0.421717 0.090517 0.106061
1 0.937500 0.583333 0.090517 0.106061
4 0.937500 0.719697 0.090517 0.106061