3 0.038462 0.088832 0.076923 0.106599
20 0.031136 0.218274 0.062271 0.071066
27 0.021978 0.345178 0.043956 0.060914
32 0.113553 0.428934 0.227106 0.045685
13 0.038462 0.560914 0.076923 0.106599
26 0.025641 0.738579 0.051282 0.076142
33 0.267399 0.088832 0.051282 0.076142
16 0.265568 0.238579 0.047619 0.060914
7 0.280220 0.418782 0.076923 0.106599
11 0.280220 0.591371 0.076923 0.106599
21 0.263736 0.715736 0.043956 0.060914
30 0.272894 0.870558 0.062271 0.086294
10 0.371795 0.114213 0.076923 0.106599
17 0.364469 0.253807 0.062271 0.071066
14 0.371795 0.413706 0.076923 0.106599
15 0.368132 0.604061 0.069597 0.071066
23 0.360806 0.708122 0.054945 0.065990
6 0.371795 0.845178 0.076923 0.106599
34 0.446886 0.111675 0.043956 0.071066
1 0.463370 0.261421 0.076923 0.106599
0 0.463370 0.434010 0.076923 0.106599
19 0.454212 0.578680 0.058608 0.060914
9 0.463370 0.692893 0.076923 0.106599
24 0.446886 0.857868 0.043956 0.060914
28 0.540293 0.071066 0.047619 0.071066
31 0.567766 0.210660 0.102564 0.045685
29 0.542125 0.350254 0.051282 0.081218
35 0.543956 0.482234 0.054945 0.060914
12 0.554945 0.657360 0.076923 0.106599
2 0.554945 0.845178 0.076923 0.106599
25 0.809524 0.053299 0.351648 0.055838
22 0.657509 0.210660 0.047619 0.055838
5 0.672161 0.342640 0.076923 0.106599
4 0.672161 0.479695 0.076923 0.106599
8 0.672161 0.687817 0.076923 0.106599
18 0.663004 0.804569 0.058608 0.076142