13 0.038462 0.101415 0.076923 0.099057
35 0.027473 0.268868 0.054945 0.056604
4 0.038462 0.384434 0.076923 0.099057
5 0.038462 0.577830 0.076923 0.099057
11 0.038462 0.742925 0.076923 0.099057
2 0.038462 0.922170 0.076923 0.099057
19 0.120879 0.084906 0.058608 0.056604
34 0.113553 0.235849 0.043956 0.066038
26 0.117216 0.346698 0.051282 0.070755
31 0.142857 0.441038 0.102564 0.042453
6 0.130037 0.601415 0.076923 0.099057
29 0.117216 0.745283 0.051282 0.075472
22 0.232601 0.054245 0.047619 0.051887
16 0.232601 0.179245 0.047619 0.056604
10 0.247253 0.351415 0.076923 0.099057
14 0.247253 0.488208 0.076923 0.099057
28 0.232601 0.646226 0.047619 0.066038
12 0.247253 0.780660 0.076923 0.099057
0 0.338828 0.082547 0.076923 0.099057
3 0.338828 0.205189 0.076923 0.099057
27 0.322344 0.311321 0.043956 0.056604
7 0.338828 0.431604 0.076923 0.099057
18 0.329670 0.558962 0.058608 0.070755
30 0.331502 0.705189 0.062271 0.080189
17 0.423077 0.094340 0.062271 0.066038
32 0.505495 0.233491 0.227106 0.042453
20 0.423077 0.382075 0.062271 0.066038
21 0.413919 0.490566 0.043956 0.056604
1 0.430403 0.606132 0.076923 0.099057
8 0.430403 0.757075 0.076923 0.099057
9 0.672161 0.106132 0.076923 0.099057
25 0.809524 0.261792 0.351648 0.051887
15 0.668498 0.344340 0.069597 0.066038
23 0.661172 0.502358 0.054945 0.061321
24 0.655678 0.594340 0.043956 0.056604
33 0.659341 0.738208 0.051282 0.070755