30 0.031136 0.111386 0.062271 0.084158
5 0.038462 0.240099 0.076923 0.103960
7 0.038462 0.378713 0.076923 0.103960
19 0.029304 0.524752 0.058608 0.059406
15 0.034799 0.643564 0.069597 0.069307
2 0.038462 0.764851 0.076923 0.103960
13 0.130037 0.096535 0.076923 0.103960
0 0.130037 0.245050 0.076923 0.103960
18 0.120879 0.368812 0.058608 0.074257
26 0.117216 0.537129 0.051282 0.074257
10 0.130037 0.725248 0.076923 0.103960
11 0.130037 0.923267 0.076923 0.103960
9 0.221612 0.096535 0.076923 0.103960
28 0.206960 0.262376 0.047619 0.069307
1 0.221612 0.408416 0.076923 0.103960
29 0.208791 0.549505 0.051282 0.079208
23 0.210623 0.700495 0.054945 0.064356
16 0.206960 0.846535 0.047619 0.059406
31 0.326007 0.047030 0.102564 0.044554
17 0.305861 0.188119 0.062271 0.069307
35 0.302198 0.282178 0.054945 0.059406
24 0.296703 0.381188 0.043956 0.059406
14 0.313187 0.542079 0.076923 0.103960
8 0.313187 0.740099 0.076923 0.103960
34 0.413919 0.099010 0.043956 0.069307
27 0.413919 0.198020 0.043956 0.059406
12 0.430403 0.334158 0.076923 0.103960
32 0.505495 0.433168 0.227106 0.044554
20 0.423077 0.579208 0.062271 0.069307
21 0.413919 0.742574 0.043956 0.059406
4 0.672161 0.116337 0.076923 0.103960
25 0.809524 0.294554 0.351648 0.054455
22 0.657509 0.393564 0.047619 0.054455
3 0.672161 0.517327 0.076923 0.103960
33 0.659341 0.660891 0.051282 0.074257
6 0.672161 0.799505 0.076923 0.103960