29 0.030172 0.110526 0.060345 0.084211
5 0.045259 0.313158 0.090517 0.110526
0 0.045259 0.481579 0.090517 0.110526
30 0.036638 0.607895 0.073276 0.089474
17 0.036638 0.747368 0.073276 0.073684
9 0.045259 0.918421 0.090517 0.110526
31 0.168103 0.076316 0.120690 0.047368
18 0.142241 0.165789 0.068966 0.078947
15 0.148707 0.300000 0.081897 0.073684
19 0.142241 0.447368 0.068966 0.063158
4 0.153017 0.576316 0.090517 0.110526
11 0.153017 0.781579 0.090517 0.110526
2 0.290948 0.123684 0.090517 0.110526
20 0.282328 0.284211 0.073276 0.073684
24 0.271552 0.457895 0.051724 0.063158
10 0.290948 0.623684 0.090517 0.110526
32 0.379310 0.755263 0.267241 0.047368
25 0.452586 0.876316 0.413793 0.057895
26 0.706897 0.065789 0.060345 0.078947
35 0.709052 0.210526 0.064655 0.063158
16 0.704741 0.305263 0.056034 0.063158
21 0.702586 0.415789 0.051724 0.063158
12 0.721983 0.576316 0.090517 0.110526
6 0.721983 0.792105 0.090517 0.110526
1 0.829741 0.097368 0.090517 0.110526
23 0.816810 0.271053 0.064655 0.068421
7 0.829741 0.418421 0.090517 0.110526
22 0.812500 0.592105 0.056034 0.057895
3 0.829741 0.707895 0.090517 0.110526
34 0.810345 0.831579 0.051724 0.073684
33 0.922414 0.071053 0.060345 0.078947
28 0.920259 0.194737 0.056034 0.073684
27 0.918103 0.294737 0.051724 0.063158
13 0.937500 0.444737 0.090517 0.110526
8 0.937500 0.628947 0.090517 0.110526
14 0.937500 0.844737 0.090517 0.110526