33 0.030172 0.087940 0.060345 0.075377
20 0.036638 0.256281 0.073276 0.070352
13 0.045259 0.409548 0.090517 0.105528
11 0.045259 0.570352 0.090517 0.105528
30 0.036638 0.761307 0.073276 0.085427
19 0.034483 0.859296 0.068966 0.060302
9 0.153017 0.118090 0.090517 0.105528
0 0.153017 0.304020 0.090517 0.105528
8 0.153017 0.454774 0.090517 0.105528
28 0.135776 0.618090 0.056034 0.070352
24 0.133621 0.708543 0.051724 0.060302
12 0.153017 0.886935 0.090517 0.105528
2 0.260776 0.092965 0.090517 0.105528
14 0.260776 0.293970 0.090517 0.105528
4 0.260776 0.454774 0.090517 0.105528
18 0.250000 0.635678 0.068966 0.075377
7 0.260776 0.756281 0.090517 0.105528
31 0.275862 0.861809 0.120690 0.045226
29 0.383621 0.115578 0.060345 0.080402
15 0.394397 0.276382 0.081897 0.070352
35 0.385776 0.437186 0.064655 0.060302
5 0.398707 0.545226 0.090517 0.105528
21 0.379310 0.688442 0.051724 0.060302
34 0.379310 0.793970 0.051724 0.070352
27 0.487069 0.100503 0.051724 0.060302
17 0.497845 0.226131 0.073276 0.070352
32 0.594828 0.369347 0.267241 0.045226
25 0.668103 0.515075 0.413793 0.055276
3 0.506466 0.660804 0.090517 0.105528
1 0.506466 0.821608 0.090517 0.105528
23 0.924569 0.077889 0.064655 0.065327
6 0.937500 0.253769 0.090517 0.105528
26 0.922414 0.424623 0.060345 0.075377
10 0.937500 0.615578 0.090517 0.105528
16 0.920259 0.743719 0.056034 0.060302
22 0.920259 0.861809 0.056034 0.055276