11 0.040076 0.102500 0.080153 0.105000
5 0.040076 0.232500 0.080153 0.105000
27 0.022901 0.355000 0.045802 0.060000
7 0.040076 0.467500 0.080153 0.105000
4 0.040076 0.652500 0.080153 0.105000
0 0.040076 0.832500 0.080153 0.105000
15 0.131679 0.080000 0.072519 0.070000
2 0.135496 0.217500 0.080153 0.105000
34 0.118321 0.370000 0.045802 0.070000
28 0.120229 0.540000 0.049618 0.070000
1 0.135496 0.672500 0.080153 0.105000
21 0.118321 0.795000 0.045802 0.060000
13 0.230916 0.097500 0.080153 0.105000
26 0.217557 0.222500 0.053435 0.075000
35 0.219466 0.365000 0.057252 0.060000
3 0.230916 0.492500 0.080153 0.105000
10 0.230916 0.692500 0.080153 0.105000
9 0.230916 0.892500 0.080153 0.105000
6 0.326336 0.082500 0.080153 0.105000
29 0.312977 0.260000 0.053435 0.080000
32 0.404580 0.357500 0.236641 0.045000
8 0.326336 0.512500 0.080153 0.105000
16 0.311069 0.645000 0.049618 0.060000
14 0.326336 0.822500 0.080153 0.105000
24 0.561069 0.105000 0.045802 0.060000
23 0.566794 0.257500 0.057252 0.065000
18 0.568702 0.422500 0.061069 0.075000
17 0.570611 0.525000 0.064885 0.070000
20 0.570611 0.670000 0.064885 0.070000
30 0.570611 0.817500 0.064885 0.085000
33 0.645038 0.087500 0.053435 0.075000
25 0.801527 0.247500 0.366412 0.055000
31 0.671756 0.392500 0.106870 0.045000
19 0.648855 0.490000 0.061069 0.060000
12 0.658397 0.647500 0.080153 0.105000
22 0.643130 0.782500 0.049618 0.055000