22 0.023810 0.100515 0.047619 0.056701
9 0.038462 0.280928 0.076923 0.108247
18 0.029304 0.466495 0.058608 0.077320
27 0.021978 0.623711 0.043956 0.061856
19 0.029304 0.726804 0.058608 0.061856
34 0.021978 0.845361 0.043956 0.072165
4 0.130037 0.105670 0.076923 0.108247
17 0.122711 0.221649 0.062271 0.072165
32 0.205128 0.373711 0.227106 0.046392
12 0.130037 0.481959 0.076923 0.108247
14 0.130037 0.646907 0.076923 0.108247
8 0.130037 0.811856 0.076923 0.108247
31 0.384615 0.100515 0.102564 0.046392
13 0.371795 0.280928 0.076923 0.108247
15 0.368132 0.417526 0.069597 0.072165
33 0.358974 0.590206 0.051282 0.077320
6 0.371795 0.770619 0.076923 0.108247
11 0.371795 0.914948 0.076923 0.108247
35 0.478022 0.087629 0.054945 0.061856
25 0.626374 0.193299 0.351648 0.056701
5 0.489011 0.368557 0.076923 0.108247
10 0.489011 0.533505 0.076923 0.108247
21 0.472527 0.659794 0.043956 0.061856
29 0.476190 0.773196 0.051282 0.082474
7 0.855311 0.085052 0.076923 0.108247
28 0.840659 0.221649 0.047619 0.072165
26 0.842491 0.384021 0.051282 0.077320
20 0.847985 0.530928 0.062271 0.072165
2 0.855311 0.708763 0.076923 0.108247
0 0.855311 0.842784 0.076923 0.108247
16 0.932234 0.103093 0.047619 0.061856
3 0.946886 0.239691 0.076923 0.108247
30 0.939560 0.409794 0.062271 0.087629
24 0.930403 0.567010 0.043956 0.061856
23 0.935897 0.667526 0.054945 0.067010
1 0.946886 0.811856 0.076923 0.108247