14 0.038462 0.128788 0.076923 0.106061
16 0.023810 0.292929 0.047619 0.060606
9 0.038462 0.446970 0.076923 0.106061
22 0.023810 0.608586 0.047619 0.055556
17 0.031136 0.747475 0.062271 0.070707
32 0.113553 0.845960 0.227106 0.045455
33 0.267399 0.078283 0.051282 0.075758
18 0.271062 0.199495 0.058608 0.075758
11 0.280220 0.366162 0.076923 0.106061
4 0.280220 0.517677 0.076923 0.106061
27 0.263736 0.651515 0.043956 0.060606
6 0.280220 0.825758 0.076923 0.106061
1 0.371795 0.128788 0.076923 0.106061
8 0.371795 0.285354 0.076923 0.106061
25 0.509158 0.436869 0.351648 0.055556
13 0.371795 0.558081 0.076923 0.106061
15 0.368132 0.737374 0.069597 0.070707
20 0.364469 0.853535 0.062271 0.070707
0 0.738095 0.108586 0.076923 0.106061
34 0.721612 0.237374 0.043956 0.070707
3 0.738095 0.401515 0.076923 0.106061
19 0.728938 0.510101 0.058608 0.060606
26 0.725275 0.679293 0.051282 0.075758
31 0.750916 0.805556 0.102564 0.045455
2 0.855311 0.113636 0.076923 0.106061
28 0.840659 0.232323 0.047619 0.070707
24 0.838828 0.338384 0.043956 0.060606
7 0.855311 0.457071 0.076923 0.106061
35 0.844322 0.565657 0.054945 0.060606
12 0.855311 0.734848 0.076923 0.106061
23 0.935897 0.103535 0.054945 0.065657
21 0.930403 0.227273 0.043956 0.060606
30 0.939560 0.376263 0.062271 0.085859
5 0.946886 0.558081 0.076923 0.106061
29 0.934066 0.681818 0.051282 0.080808
10 0.946886 0.861111 0.076923 0.106061