20 0.031136 0.100000 0.062271 0.066667
8 0.038462 0.216667 0.076923 0.100000
19 0.029304 0.323810 0.058608 0.057143
30 0.031136 0.450000 0.062271 0.080952
17 0.031136 0.561905 0.062271 0.066667
24 0.021978 0.709524 0.043956 0.057143
13 0.130037 0.092857 0.076923 0.100000
34 0.113553 0.257143 0.043956 0.066667
25 0.267399 0.378571 0.351648 0.052381
3 0.130037 0.502381 0.076923 0.100000
7 0.130037 0.630952 0.076923 0.100000
22 0.115385 0.730952 0.047619 0.052381
18 0.487179 0.059524 0.058608 0.071429
15 0.492674 0.219048 0.069597 0.066667
35 0.485348 0.314286 0.054945 0.057143
14 0.496337 0.464286 0.076923 0.100000
2 0.496337 0.635714 0.076923 0.100000
21 0.479853 0.800000 0.043956 0.057143
31 0.600733 0.045238 0.102564 0.042857
33 0.575092 0.154762 0.051282 0.071429
5 0.587912 0.307143 0.076923 0.100000
6 0.587912 0.483333 0.076923 0.100000
10 0.587912 0.645238 0.076923 0.100000
23 0.576923 0.797619 0.054945 0.061905
0 0.705128 0.111905 0.076923 0.100000
4 0.705128 0.254762 0.076923 0.100000
32 0.780220 0.402381 0.227106 0.042857
27 0.688645 0.514286 0.043956 0.057143
12 0.705128 0.640476 0.076923 0.100000
28 0.690476 0.761905 0.047619 0.066667
29 0.934066 0.085714 0.051282 0.076190
9 0.946886 0.240476 0.076923 0.100000
26 0.934066 0.407143 0.051282 0.071429
11 0.946886 0.569048 0.076923 0.100000
16 0.932234 0.738095 0.047619 0.057143
1 0.946886 0.854762 0.076923 0.100000