4 0.038462 0.087264 0.076923 0.099057
27 0.021978 0.207547 0.043956 0.056604
28 0.023810 0.353774 0.047619 0.066038
14 0.038462 0.483491 0.076923 0.099057
29 0.025641 0.622642 0.051282 0.075472
5 0.038462 0.733491 0.076923 0.099057
33 0.117216 0.087264 0.051282 0.070755
13 0.130037 0.247642 0.076923 0.099057
3 0.130037 0.412736 0.076923 0.099057
15 0.126374 0.584906 0.069597 0.066038
2 0.130037 0.714623 0.076923 0.099057
8 0.130037 0.860849 0.076923 0.099057
0 0.221612 0.120283 0.076923 0.099057
9 0.221612 0.299528 0.076923 0.099057
31 0.234432 0.436321 0.102564 0.042453
6 0.221612 0.573113 0.076923 0.099057
18 0.212454 0.733491 0.058608 0.070755
30 0.214286 0.903302 0.062271 0.080189
21 0.322344 0.066038 0.043956 0.056604
1 0.338828 0.224057 0.076923 0.099057
12 0.338828 0.393868 0.076923 0.099057
10 0.338828 0.535377 0.076923 0.099057
32 0.413919 0.700472 0.227106 0.042453
24 0.322344 0.811321 0.043956 0.056604
22 0.565934 0.096698 0.047619 0.051887
16 0.565934 0.226415 0.047619 0.056604
23 0.569597 0.337264 0.054945 0.061321
7 0.580586 0.507075 0.076923 0.099057
34 0.564103 0.660377 0.043956 0.066038
20 0.573260 0.801887 0.062271 0.066038
19 0.663004 0.070755 0.058608 0.056604
17 0.664835 0.179245 0.062271 0.066038
25 0.809524 0.308962 0.351648 0.051887
35 0.661172 0.400943 0.054945 0.056604
26 0.659341 0.511792 0.051282 0.070755
11 0.672161 0.681604 0.076923 0.099057