26 0.025641 0.087065 0.051282 0.074627
23 0.027473 0.216418 0.054945 0.064677
21 0.021978 0.303483 0.043956 0.059701
17 0.031136 0.393035 0.062271 0.069652
3 0.038462 0.549751 0.076923 0.104478
29 0.025641 0.671642 0.051282 0.079602
7 0.130037 0.087065 0.076923 0.104478
2 0.130037 0.236318 0.076923 0.104478
10 0.130037 0.400498 0.076923 0.104478
8 0.130037 0.564677 0.076923 0.104478
19 0.120879 0.721393 0.058608 0.059701
25 0.267399 0.853234 0.351648 0.054726
16 0.481685 0.104478 0.047619 0.059701
11 0.496337 0.261194 0.076923 0.104478
31 0.509158 0.360697 0.102564 0.044776
28 0.481685 0.447761 0.047619 0.069652
15 0.492674 0.592040 0.069597 0.069652
4 0.496337 0.738806 0.076923 0.104478
22 0.598901 0.072139 0.047619 0.054726
35 0.602564 0.218905 0.054945 0.059701
9 0.613553 0.355721 0.076923 0.104478
6 0.613553 0.559701 0.076923 0.104478
30 0.606227 0.743781 0.062271 0.084577
27 0.597070 0.875622 0.043956 0.059701
0 0.705128 0.077114 0.076923 0.104478
34 0.688645 0.258706 0.043956 0.069652
5 0.705128 0.370647 0.076923 0.104478
1 0.705128 0.500000 0.076923 0.104478
13 0.705128 0.634328 0.076923 0.104478
32 0.780220 0.748756 0.227106 0.044776
12 0.946886 0.077114 0.076923 0.104478
20 0.939560 0.213930 0.062271 0.069652
33 0.934066 0.330846 0.051282 0.074627
18 0.937729 0.430348 0.058608 0.074627
14 0.946886 0.594527 0.076923 0.104478
24 0.930403 0.741294 0.043956 0.059701