3 0.038462 0.114634 0.076923 0.102439
9 0.038462 0.265854 0.076923 0.102439
13 0.038462 0.412195 0.076923 0.102439
26 0.025641 0.573171 0.051282 0.073171
1 0.038462 0.700000 0.076923 0.102439
21 0.021978 0.858537 0.043956 0.058537
12 0.130037 0.090244 0.076923 0.102439
5 0.130037 0.265854 0.076923 0.102439
32 0.205128 0.436585 0.227106 0.043902
24 0.113553 0.541463 0.043956 0.058537
34 0.113553 0.658537 0.043956 0.068293
19 0.120879 0.819512 0.058608 0.058537
29 0.358974 0.087805 0.051282 0.078049
27 0.355311 0.180488 0.043956 0.058537
0 0.371795 0.304878 0.076923 0.102439
10 0.371795 0.504878 0.076923 0.102439
33 0.358974 0.685366 0.051282 0.073171
17 0.364469 0.790244 0.062271 0.068293
15 0.459707 0.073171 0.069597 0.068293
20 0.456044 0.204878 0.062271 0.068293
22 0.448718 0.334146 0.047619 0.053659
6 0.463370 0.436585 0.076923 0.102439
25 0.600733 0.578049 0.351648 0.053659
18 0.454212 0.690244 0.058608 0.073171
2 0.829670 0.124390 0.076923 0.102439
31 0.842491 0.241463 0.102564 0.043902
14 0.829670 0.339024 0.076923 0.102439
16 0.815018 0.458537 0.047619 0.058537
35 0.818681 0.604878 0.054945 0.058537
11 0.829670 0.739024 0.076923 0.102439
7 0.946886 0.075610 0.076923 0.102439
28 0.932234 0.195122 0.047619 0.068293
30 0.939560 0.348780 0.062271 0.082927
8 0.946886 0.519512 0.076923 0.102439
4 0.946886 0.714634 0.076923 0.102439
23 0.935897 0.870732 0.054945 0.063415