22 0.024436 0.059524 0.048872 0.052381
26 0.026316 0.183333 0.052632 0.071429
33 0.026316 0.350000 0.052632 0.071429
28 0.024436 0.461905 0.048872 0.066667
15 0.035714 0.619048 0.071429 0.066667
8 0.039474 0.773810 0.078947 0.100000
24 0.116541 0.076190 0.045113 0.057143
32 0.210526 0.169048 0.233083 0.042857
31 0.146617 0.302381 0.105263 0.042857
16 0.118421 0.385714 0.048872 0.057143
34 0.116541 0.528571 0.045113 0.066667
35 0.122180 0.657143 0.056391 0.057143
20 0.374060 0.076190 0.063910 0.066667
17 0.374060 0.219048 0.063910 0.066667
13 0.381579 0.373810 0.078947 0.100000
14 0.381579 0.540476 0.078947 0.100000
27 0.364662 0.704762 0.045113 0.057143
1 0.381579 0.864286 0.078947 0.100000
10 0.475564 0.102381 0.078947 0.100000
21 0.458647 0.242857 0.045113 0.057143
6 0.475564 0.369048 0.078947 0.100000
5 0.475564 0.497619 0.078947 0.100000
30 0.468045 0.630952 0.063910 0.080952
25 0.616541 0.721429 0.360902 0.052381
11 0.851504 0.111905 0.078947 0.100000
0 0.851504 0.245238 0.078947 0.100000
7 0.851504 0.402381 0.078947 0.100000
2 0.851504 0.592857 0.078947 0.100000
3 0.851504 0.716667 0.078947 0.100000
4 0.851504 0.878571 0.078947 0.100000
19 0.936090 0.095238 0.060150 0.057143
9 0.945489 0.240476 0.078947 0.100000
23 0.934211 0.392857 0.056391 0.061905
12 0.945489 0.516667 0.078947 0.100000
29 0.932331 0.690476 0.052632 0.076190
18 0.936090 0.797619 0.060150 0.071429