15 0.035985 0.110553 0.071970 0.070352
18 0.030303 0.248744 0.060606 0.075377
30 0.032197 0.379397 0.064394 0.085427
19 0.030303 0.497487 0.060606 0.060302
29 0.026515 0.618090 0.053030 0.080402
34 0.022727 0.788945 0.045455 0.070352
5 0.126894 0.087940 0.079545 0.105528
16 0.111742 0.201005 0.049242 0.060302
0 0.126894 0.374372 0.079545 0.105528
17 0.119318 0.497487 0.064394 0.070352
27 0.109848 0.643216 0.045455 0.060302
3 0.126894 0.791457 0.079545 0.105528
4 0.221591 0.077889 0.079545 0.105528
24 0.204545 0.241206 0.045455 0.060302
13 0.221591 0.394472 0.079545 0.105528
11 0.221591 0.555276 0.079545 0.105528
25 0.363636 0.701005 0.363636 0.055276
8 0.221591 0.846734 0.079545 0.105528
6 0.600379 0.077889 0.079545 0.105528
32 0.678030 0.203518 0.234848 0.045226
28 0.585227 0.301508 0.049242 0.070352
21 0.583333 0.442211 0.045455 0.060302
31 0.613636 0.590452 0.106061 0.045226
14 0.600379 0.695980 0.079545 0.105528
1 0.850379 0.097990 0.079545 0.105528
10 0.850379 0.288945 0.079545 0.105528
23 0.839015 0.399497 0.056818 0.065327
2 0.850379 0.580402 0.079545 0.105528
26 0.837121 0.726131 0.053030 0.075377
33 0.837121 0.861809 0.053030 0.075377
9 0.945076 0.113065 0.079545 0.105528
7 0.945076 0.293970 0.079545 0.105528
22 0.929924 0.414573 0.049242 0.055276
12 0.945076 0.520101 0.079545 0.105528
20 0.937500 0.648241 0.064394 0.070352
35 0.933712 0.804020 0.056818 0.060302