29 0.025641 0.083770 0.051282 0.083770
11 0.038462 0.248691 0.076923 0.109948
18 0.029304 0.390052 0.058608 0.078534
20 0.031136 0.492147 0.062271 0.073298
25 0.175824 0.662304 0.351648 0.057592
28 0.023810 0.811518 0.047619 0.073298
21 0.388278 0.073298 0.043956 0.062827
31 0.417582 0.175393 0.102564 0.047120
5 0.404762 0.280105 0.076923 0.109948
33 0.391941 0.463351 0.051282 0.078534
15 0.401099 0.633508 0.069597 0.073298
16 0.390110 0.795812 0.047619 0.062827
2 0.521978 0.128272 0.076923 0.109948
1 0.521978 0.337696 0.076923 0.109948
3 0.521978 0.510471 0.076923 0.109948
30 0.514652 0.657068 0.062271 0.089005
19 0.512821 0.811518 0.058608 0.062827
22 0.507326 0.939791 0.047619 0.057592
6 0.613553 0.112565 0.076923 0.109948
34 0.597070 0.308901 0.043956 0.073298
8 0.613553 0.426702 0.076923 0.109948
4 0.613553 0.562827 0.076923 0.109948
35 0.602564 0.712042 0.054945 0.062827
7 0.613553 0.829843 0.076923 0.109948
9 0.705128 0.107330 0.076923 0.109948
27 0.688645 0.235602 0.043956 0.062827
32 0.780220 0.353403 0.227106 0.047120
24 0.688645 0.497382 0.043956 0.062827
14 0.705128 0.667539 0.076923 0.109948
0 0.705128 0.829843 0.076923 0.109948
13 0.946886 0.112565 0.076923 0.109948
23 0.935897 0.243455 0.054945 0.068063
26 0.934066 0.421466 0.051282 0.078534
17 0.939560 0.575916 0.062271 0.073298
10 0.946886 0.709424 0.076923 0.109948
12 0.946886 0.866492 0.076923 0.109948