13 0.038462 0.080729 0.076923 0.109375
27 0.021978 0.229167 0.043956 0.062500
11 0.038462 0.419271 0.076923 0.109375
15 0.034799 0.588542 0.069597 0.072917
0 0.038462 0.721354 0.076923 0.109375
21 0.021978 0.885417 0.043956 0.062500
2 0.130037 0.122396 0.076923 0.109375
18 0.120879 0.283854 0.058608 0.078125
8 0.130037 0.440104 0.076923 0.109375
28 0.115385 0.578125 0.047619 0.072917
35 0.119048 0.718750 0.054945 0.062500
5 0.130037 0.867188 0.076923 0.109375
3 0.221612 0.111979 0.076923 0.109375
16 0.206960 0.260417 0.047619 0.062500
9 0.221612 0.403646 0.076923 0.109375
17 0.214286 0.588542 0.062271 0.072917
29 0.208791 0.697917 0.051282 0.083333
4 0.221612 0.872396 0.076923 0.109375
19 0.304029 0.067708 0.058608 0.062500
10 0.313187 0.257812 0.076923 0.109375
12 0.313187 0.471354 0.076923 0.109375
7 0.313187 0.684896 0.076923 0.109375
32 0.388278 0.804688 0.227106 0.046875
33 0.300366 0.924479 0.051282 0.078125
6 0.554945 0.096354 0.076923 0.109375
25 0.692308 0.210938 0.351648 0.057292
22 0.540293 0.294271 0.047619 0.057292
20 0.547619 0.427083 0.062271 0.072917
30 0.547619 0.575521 0.062271 0.088542
24 0.538462 0.687500 0.043956 0.062500
1 0.921245 0.127604 0.076923 0.109375
31 0.934066 0.283854 0.102564 0.046875
26 0.908425 0.382812 0.051282 0.078125
23 0.910256 0.544271 0.054945 0.067708
14 0.921245 0.679688 0.076923 0.109375
34 0.904762 0.859375 0.043956 0.072917