4 0.046667 0.134211 0.093333 0.110526
34 0.026667 0.273684 0.053333 0.073684
32 0.137778 0.402632 0.275556 0.047368
8 0.046667 0.550000 0.093333 0.110526
25 0.213333 0.702632 0.426667 0.057895
31 0.062222 0.786842 0.124444 0.047368
27 0.471111 0.094737 0.053333 0.063158
7 0.491111 0.250000 0.093333 0.110526
28 0.473333 0.426316 0.057778 0.073684
24 0.471111 0.584211 0.053333 0.063158
1 0.491111 0.702632 0.093333 0.110526
21 0.471111 0.857895 0.053333 0.063158
14 0.602222 0.102632 0.093333 0.110526
18 0.591111 0.292105 0.071111 0.078947
5 0.602222 0.444737 0.093333 0.110526
0 0.602222 0.607895 0.093333 0.110526
10 0.602222 0.755263 0.093333 0.110526
16 0.584444 0.894737 0.057778 0.063158
2 0.713333 0.086842 0.093333 0.110526
20 0.704444 0.257895 0.075556 0.073684
11 0.713333 0.413158 0.093333 0.110526
6 0.713333 0.550000 0.093333 0.110526
26 0.697778 0.723684 0.062222 0.078947
19 0.702222 0.826316 0.071111 0.063158
30 0.815556 0.092105 0.075556 0.089474
29 0.808889 0.252632 0.062222 0.084211
15 0.820000 0.405263 0.084444 0.073684
3 0.824444 0.550000 0.093333 0.110526
13 0.824444 0.697368 0.093333 0.110526
23 0.811111 0.850000 0.066667 0.068421
22 0.917778 0.065789 0.057778 0.057895
33 0.920000 0.171053 0.062222 0.078947
12 0.935556 0.360526 0.093333 0.110526
35 0.922222 0.473684 0.066667 0.063158
9 0.935556 0.639474 0.093333 0.110526
17 0.926667 0.836842 0.075556 0.073684