13 0.038462 0.093750 0.076923 0.100962
29 0.025641 0.240385 0.051282 0.076923
7 0.038462 0.362981 0.076923 0.100962
15 0.034799 0.533654 0.069597 0.067308
9 0.038462 0.646635 0.076923 0.100962
14 0.038462 0.834135 0.076923 0.100962
22 0.115385 0.050481 0.047619 0.052885
32 0.205128 0.165865 0.227106 0.043269
19 0.120879 0.302885 0.058608 0.057692
28 0.115385 0.451923 0.047619 0.067308
5 0.130037 0.622596 0.076923 0.100962
26 0.117216 0.781250 0.051282 0.072115
31 0.384615 0.045673 0.102564 0.043269
12 0.371795 0.185096 0.076923 0.100962
4 0.371795 0.377404 0.076923 0.100962
8 0.371795 0.555288 0.076923 0.100962
35 0.360806 0.730769 0.054945 0.057692
3 0.371795 0.896635 0.076923 0.100962
24 0.472527 0.057692 0.043956 0.057692
23 0.478022 0.209135 0.054945 0.062500
34 0.472527 0.302885 0.043956 0.067308
30 0.481685 0.430288 0.062271 0.081731
21 0.472527 0.572115 0.043956 0.057692
11 0.489011 0.689904 0.076923 0.100962
10 0.580586 0.079327 0.076923 0.100962
33 0.567766 0.262019 0.051282 0.072115
0 0.580586 0.420673 0.076923 0.100962
2 0.580586 0.612981 0.076923 0.100962
27 0.564103 0.735577 0.043956 0.057692
6 0.580586 0.901442 0.076923 0.100962
25 0.809524 0.074519 0.351648 0.052885
16 0.657509 0.158654 0.047619 0.057692
1 0.672161 0.314904 0.076923 0.100962
17 0.664835 0.495192 0.062271 0.067308
20 0.664835 0.644231 0.062271 0.067308
18 0.663004 0.737981 0.058608 0.072115