7 0.038462 0.114213 0.076923 0.106599
8 0.038462 0.322335 0.076923 0.106599
1 0.038462 0.494924 0.076923 0.106599
35 0.027473 0.629442 0.054945 0.060914
17 0.031136 0.725888 0.062271 0.071066
15 0.034799 0.862944 0.069597 0.071066
10 0.130037 0.083756 0.076923 0.106599
2 0.130037 0.291878 0.076923 0.106599
13 0.130037 0.423858 0.076923 0.106599
23 0.119048 0.581218 0.054945 0.065990
4 0.130037 0.692893 0.076923 0.106599
31 0.142857 0.814721 0.102564 0.045685
3 0.247253 0.119289 0.076923 0.106599
6 0.247253 0.296954 0.076923 0.106599
33 0.234432 0.439086 0.051282 0.076142
16 0.232601 0.558376 0.047619 0.060914
26 0.234432 0.667513 0.051282 0.076142
12 0.247253 0.804569 0.076923 0.106599
28 0.324176 0.065990 0.047619 0.071066
21 0.322344 0.213198 0.043956 0.060914
14 0.338828 0.332487 0.076923 0.106599
29 0.326007 0.467005 0.051282 0.081218
22 0.324176 0.565990 0.047619 0.055838
18 0.329670 0.687817 0.058608 0.076142
34 0.413919 0.065990 0.043956 0.071066
0 0.430403 0.210660 0.076923 0.106599
25 0.567766 0.378173 0.351648 0.055838
5 0.430403 0.489848 0.076923 0.106599
19 0.421245 0.644670 0.058608 0.060914
24 0.413919 0.766497 0.043956 0.060914
9 0.796703 0.083756 0.076923 0.106599
30 0.789377 0.220812 0.062271 0.086294
20 0.789377 0.380711 0.062271 0.071066
27 0.780220 0.538071 0.043956 0.060914
11 0.796703 0.677665 0.076923 0.106599
32 0.871795 0.794416 0.227106 0.045685