31 0.060870 0.045894 0.121739 0.043478
30 0.036957 0.142512 0.073913 0.082126
22 0.028261 0.272947 0.056522 0.053140
34 0.026087 0.425121 0.052174 0.067633
19 0.034783 0.550725 0.069565 0.057971
3 0.045652 0.688406 0.091304 0.101449
18 0.173913 0.094203 0.069565 0.072464
28 0.167391 0.241546 0.056522 0.067633
20 0.176087 0.352657 0.073913 0.067633
8 0.184783 0.480676 0.091304 0.101449
33 0.169565 0.591787 0.060870 0.072464
1 0.184783 0.751208 0.091304 0.101449
17 0.284783 0.091787 0.073913 0.067633
9 0.293478 0.210145 0.091304 0.101449
6 0.293478 0.408213 0.091304 0.101449
4 0.293478 0.533816 0.091304 0.101449
23 0.280435 0.678744 0.065217 0.062802
16 0.276087 0.777778 0.056522 0.057971
25 0.565217 0.070048 0.417391 0.053140
24 0.382609 0.198068 0.052174 0.057971
32 0.491304 0.301932 0.269565 0.043478
14 0.402174 0.432367 0.091304 0.101449
0 0.402174 0.567633 0.091304 0.101449
5 0.402174 0.731884 0.091304 0.101449
2 0.836957 0.099034 0.091304 0.101449
11 0.836957 0.239130 0.091304 0.101449
12 0.836957 0.403382 0.091304 0.101449
7 0.836957 0.528986 0.091304 0.101449
13 0.836957 0.712560 0.091304 0.101449
10 0.836957 0.910628 0.091304 0.101449
21 0.926087 0.072464 0.052174 0.057971
27 0.926087 0.164251 0.052174 0.057971
26 0.930435 0.263285 0.060870 0.072464
15 0.941304 0.420290 0.082609 0.067633
29 0.930435 0.516908 0.060870 0.077295
35 0.932609 0.676329 0.065217 0.057971