15 0.034799 0.078947 0.069597 0.073684
34 0.021978 0.257895 0.043956 0.073684
8 0.038462 0.423684 0.076923 0.110526
35 0.027473 0.584211 0.054945 0.063158
14 0.038462 0.755263 0.076923 0.110526
7 0.038462 0.897368 0.076923 0.110526
12 0.130037 0.102632 0.076923 0.110526
28 0.115385 0.263158 0.047619 0.073684
20 0.122711 0.415789 0.062271 0.073684
22 0.115385 0.581579 0.047619 0.057895
30 0.122711 0.755263 0.062271 0.089474
27 0.113553 0.873684 0.043956 0.063158
24 0.205128 0.089474 0.043956 0.063158
17 0.214286 0.194737 0.062271 0.073684
4 0.221612 0.365789 0.076923 0.110526
9 0.221612 0.523684 0.076923 0.110526
11 0.221612 0.660526 0.076923 0.110526
13 0.221612 0.871053 0.076923 0.110526
1 0.313187 0.123684 0.076923 0.110526
29 0.300366 0.310526 0.051282 0.084211
3 0.313187 0.486842 0.076923 0.110526
18 0.304029 0.644737 0.058608 0.078947
32 0.388278 0.765789 0.227106 0.047368
21 0.296703 0.915789 0.043956 0.063158
2 0.554945 0.081579 0.076923 0.110526
0 0.554945 0.239474 0.076923 0.110526
16 0.540293 0.378947 0.047619 0.063158
33 0.542125 0.481579 0.051282 0.078947
25 0.692308 0.628947 0.351648 0.057895
19 0.545788 0.742105 0.058608 0.063158
6 0.921245 0.107895 0.076923 0.110526
31 0.934066 0.239474 0.102564 0.047368
23 0.910256 0.328947 0.054945 0.068421
26 0.908425 0.465789 0.051282 0.078947
5 0.921245 0.613158 0.076923 0.110526
10 0.921245 0.755263 0.076923 0.110526