4 0.038462 0.102871 0.076923 0.100478
25 0.175824 0.246411 0.351648 0.052632
3 0.038462 0.389952 0.076923 0.100478
28 0.023810 0.516746 0.047619 0.066986
20 0.031136 0.674641 0.062271 0.066986
1 0.038462 0.830144 0.076923 0.100478
11 0.404762 0.078947 0.076923 0.100478
7 0.404762 0.246411 0.076923 0.100478
8 0.404762 0.442584 0.076923 0.100478
9 0.404762 0.590909 0.076923 0.100478
24 0.388278 0.755981 0.043956 0.057416
34 0.388278 0.909091 0.043956 0.066986
2 0.496337 0.093301 0.076923 0.100478
30 0.489011 0.241627 0.062271 0.081340
27 0.479853 0.354067 0.043956 0.057416
17 0.489011 0.478469 0.062271 0.066986
18 0.487179 0.595694 0.058608 0.071770
16 0.481685 0.727273 0.047619 0.057416
5 0.587912 0.107656 0.076923 0.100478
15 0.584249 0.253589 0.069597 0.066986
0 0.587912 0.380383 0.076923 0.100478
33 0.575092 0.528708 0.051282 0.071770
21 0.571429 0.622010 0.043956 0.057416
32 0.663004 0.748804 0.227106 0.043062
13 0.829670 0.088517 0.076923 0.100478
14 0.829670 0.217703 0.076923 0.100478
35 0.818681 0.368421 0.054945 0.057416
12 0.829670 0.528708 0.076923 0.100478
6 0.829670 0.672249 0.076923 0.100478
10 0.829670 0.868421 0.076923 0.100478
22 0.906593 0.083732 0.047619 0.052632
29 0.908425 0.172249 0.051282 0.076555
19 0.912088 0.272727 0.058608 0.057416
23 0.910256 0.404306 0.054945 0.062201
31 0.934066 0.509569 0.102564 0.043062
26 0.908425 0.662679 0.051282 0.071770