27 0.021978 0.072539 0.043956 0.062176
13 0.038462 0.199482 0.076923 0.108808
28 0.023810 0.347150 0.047619 0.072539
33 0.025641 0.463731 0.051282 0.077720
31 0.051282 0.613990 0.102564 0.046632
8 0.038462 0.769430 0.076923 0.108808
35 0.144689 0.062176 0.054945 0.062176
6 0.155678 0.199482 0.076923 0.108808
26 0.142857 0.334197 0.051282 0.077720
3 0.155678 0.489637 0.076923 0.108808
29 0.142857 0.668394 0.051282 0.082902
2 0.155678 0.836788 0.076923 0.108808
1 0.247253 0.085492 0.076923 0.108808
19 0.238095 0.274611 0.058608 0.062176
12 0.247253 0.432642 0.076923 0.108808
24 0.230769 0.569948 0.043956 0.062176
16 0.232601 0.673575 0.047619 0.062176
30 0.239927 0.852332 0.062271 0.088083
0 0.338828 0.132124 0.076923 0.108808
14 0.338828 0.323834 0.076923 0.108808
9 0.338828 0.484456 0.076923 0.108808
15 0.335165 0.621762 0.069597 0.072539
21 0.322344 0.720207 0.043956 0.062176
5 0.338828 0.873057 0.076923 0.108808
23 0.419414 0.069948 0.054945 0.067358
4 0.430403 0.199482 0.076923 0.108808
17 0.423077 0.367876 0.062271 0.072539
32 0.505495 0.474093 0.227106 0.046632
34 0.413919 0.632124 0.043956 0.072539
11 0.430403 0.759067 0.076923 0.108808
22 0.657509 0.075130 0.047619 0.056995
10 0.672161 0.209845 0.076923 0.108808
7 0.672161 0.401554 0.076923 0.108808
18 0.663004 0.531088 0.058608 0.077720
25 0.809524 0.624352 0.351648 0.056995
20 0.664835 0.777202 0.062271 0.072539