10 0.039474 0.098558 0.078947 0.100962
21 0.022556 0.269231 0.045113 0.057692
35 0.028195 0.384615 0.056391 0.057692
0 0.039474 0.521635 0.078947 0.100962
34 0.022556 0.701923 0.045113 0.067308
33 0.026316 0.858173 0.052632 0.072115
15 0.129699 0.086538 0.071429 0.067308
22 0.118421 0.218750 0.048872 0.052885
18 0.124060 0.362981 0.060150 0.072115
1 0.133459 0.483173 0.078947 0.100962
16 0.118421 0.625000 0.048872 0.057692
17 0.125940 0.764423 0.063910 0.067308
14 0.227444 0.074519 0.078947 0.100962
19 0.218045 0.211538 0.060150 0.057692
29 0.214286 0.350962 0.052632 0.076923
3 0.227444 0.468750 0.078947 0.100962
4 0.227444 0.651442 0.078947 0.100962
7 0.227444 0.848558 0.078947 0.100962
12 0.321429 0.112981 0.078947 0.100962
32 0.398496 0.276442 0.233083 0.043269
5 0.321429 0.425481 0.078947 0.100962
28 0.306391 0.576923 0.048872 0.067308
13 0.321429 0.723558 0.078947 0.100962
2 0.321429 0.896635 0.078947 0.100962
8 0.569549 0.117788 0.078947 0.100962
24 0.552632 0.240385 0.045113 0.057692
26 0.556391 0.338942 0.052632 0.072115
20 0.562030 0.480769 0.063910 0.067308
9 0.569549 0.651442 0.078947 0.100962
30 0.562030 0.824519 0.063910 0.081731
6 0.663534 0.079327 0.078947 0.100962
31 0.676692 0.189904 0.105263 0.043269
25 0.804511 0.324519 0.360902 0.052885
27 0.646617 0.437500 0.045113 0.057692
11 0.663534 0.579327 0.078947 0.100962
23 0.652256 0.685096 0.056391 0.062500