21 0.022556 0.102941 0.045113 0.058824
5 0.039474 0.281863 0.078947 0.102941
18 0.030075 0.394608 0.060150 0.073529
16 0.024436 0.534314 0.048872 0.058824
6 0.039474 0.713235 0.078947 0.102941
25 0.180451 0.821078 0.360902 0.053922
11 0.415414 0.075980 0.078947 0.102941
1 0.415414 0.232843 0.078947 0.102941
24 0.398496 0.387255 0.045113 0.058824
9 0.415414 0.541667 0.078947 0.102941
26 0.402256 0.698529 0.052632 0.073529
15 0.411654 0.813725 0.071429 0.068627
4 0.509398 0.105392 0.078947 0.102941
0 0.509398 0.306373 0.078947 0.102941
10 0.509398 0.502451 0.078947 0.102941
23 0.498120 0.659314 0.056391 0.063725
17 0.501880 0.779412 0.063910 0.068627
35 0.498120 0.887255 0.056391 0.058824
28 0.588346 0.078431 0.048872 0.068627
19 0.593985 0.166667 0.060150 0.058824
22 0.588346 0.296569 0.048872 0.053922
27 0.586466 0.426471 0.045113 0.058824
8 0.603383 0.585784 0.078947 0.102941
30 0.595865 0.703431 0.063910 0.083333
7 0.697368 0.100490 0.078947 0.102941
33 0.684211 0.267157 0.052632 0.073529
20 0.689850 0.387255 0.063910 0.068627
12 0.697368 0.541667 0.078947 0.102941
3 0.697368 0.688725 0.078947 0.102941
13 0.697368 0.860294 0.078947 0.102941
29 0.778195 0.083333 0.052632 0.078431
14 0.791353 0.272059 0.078947 0.102941
31 0.804511 0.424020 0.105263 0.044118
32 0.868421 0.522059 0.233083 0.044118
2 0.791353 0.688725 0.078947 0.102941
34 0.774436 0.823529 0.045113 0.068627