16 0.023810 0.050926 0.047619 0.055556
20 0.031136 0.171296 0.062271 0.064815
28 0.023810 0.300926 0.047619 0.064815
33 0.025641 0.446759 0.051282 0.069444
25 0.175824 0.576389 0.351648 0.050926
0 0.038462 0.724537 0.076923 0.097222
13 0.404762 0.081019 0.076923 0.097222
34 0.388278 0.236111 0.043956 0.064815
14 0.404762 0.340278 0.076923 0.097222
5 0.404762 0.497685 0.076923 0.097222
3 0.404762 0.659722 0.076923 0.097222
31 0.417582 0.775463 0.102564 0.041667
32 0.597070 0.053241 0.227106 0.041667
30 0.514652 0.173611 0.062271 0.078704
18 0.512821 0.331019 0.058608 0.069444
12 0.521978 0.488426 0.076923 0.097222
27 0.505495 0.625000 0.043956 0.055556
10 0.521978 0.770833 0.076923 0.097222
2 0.763736 0.099537 0.076923 0.097222
35 0.752747 0.208333 0.054945 0.055556
6 0.763736 0.358796 0.076923 0.097222
9 0.763736 0.548611 0.076923 0.097222
11 0.763736 0.738426 0.076923 0.097222
19 0.754579 0.879630 0.058608 0.055556
24 0.838828 0.078704 0.043956 0.055556
1 0.855311 0.210648 0.076923 0.097222
4 0.855311 0.335648 0.076923 0.097222
8 0.855311 0.516204 0.076923 0.097222
22 0.840659 0.659722 0.047619 0.050926
26 0.842491 0.770833 0.051282 0.069444
23 0.935897 0.062500 0.054945 0.060185
29 0.934066 0.180556 0.051282 0.074074
7 0.946886 0.354167 0.076923 0.097222
21 0.930403 0.500000 0.043956 0.055556
15 0.943223 0.583333 0.069597 0.064815
17 0.939560 0.740741 0.062271 0.064815