11 0.038462 0.115385 0.076923 0.095023
26 0.025641 0.260181 0.051282 0.067873
8 0.038462 0.427602 0.076923 0.095023
19 0.029304 0.538462 0.058608 0.054299
9 0.038462 0.671946 0.076923 0.095023
23 0.027473 0.789593 0.054945 0.058824
10 0.130037 0.097285 0.076923 0.095023
30 0.122711 0.219457 0.062271 0.076923
35 0.119048 0.316742 0.054945 0.054299
20 0.122711 0.429864 0.062271 0.063348
28 0.115385 0.529412 0.047619 0.063348
5 0.130037 0.640271 0.076923 0.095023
18 0.212454 0.101810 0.058608 0.067873
13 0.221612 0.246606 0.076923 0.095023
31 0.234432 0.391403 0.102564 0.040724
34 0.205128 0.466063 0.043956 0.063348
24 0.205128 0.570136 0.043956 0.054299
29 0.208791 0.665158 0.051282 0.072398
25 0.476190 0.070136 0.351648 0.049774
2 0.338828 0.183258 0.076923 0.095023
22 0.324176 0.337104 0.047619 0.049774
21 0.322344 0.461538 0.043956 0.054299
0 0.338828 0.622172 0.076923 0.095023
12 0.338828 0.803167 0.076923 0.095023
33 0.692308 0.101810 0.051282 0.067873
1 0.705128 0.255656 0.076923 0.095023
6 0.705128 0.395928 0.076923 0.095023
16 0.690476 0.556561 0.047619 0.054299
4 0.705128 0.708145 0.076923 0.095023
14 0.705128 0.889140 0.076923 0.095023
32 0.871795 0.074661 0.227106 0.040724
3 0.796703 0.233032 0.076923 0.095023
15 0.793040 0.380090 0.069597 0.063348
7 0.796703 0.500000 0.076923 0.095023
17 0.789377 0.665158 0.062271 0.063348
27 0.780220 0.778281 0.043956 0.054299