10 0.039474 0.093750 0.078947 0.100962
30 0.031955 0.213942 0.063910 0.081731
17 0.031955 0.379808 0.063910 0.067308
9 0.039474 0.550481 0.078947 0.100962
29 0.026316 0.701923 0.052632 0.076923
28 0.024436 0.802885 0.048872 0.067308
12 0.133459 0.117788 0.078947 0.100962
6 0.133459 0.271635 0.078947 0.100962
7 0.133459 0.463942 0.078947 0.100962
1 0.133459 0.593750 0.078947 0.100962
11 0.133459 0.742788 0.078947 0.100962
33 0.120301 0.925481 0.052632 0.072115
34 0.210526 0.057692 0.045113 0.067308
8 0.227444 0.185096 0.078947 0.100962
25 0.368421 0.319712 0.360902 0.052885
31 0.240602 0.415865 0.105263 0.043269
5 0.227444 0.560096 0.078947 0.100962
14 0.227444 0.752404 0.078947 0.100962
26 0.590226 0.098558 0.052632 0.072115
15 0.599624 0.201923 0.071429 0.067308
4 0.603383 0.338942 0.078947 0.100962
18 0.593985 0.478365 0.060150 0.072115
32 0.680451 0.598558 0.233083 0.043269
2 0.603383 0.737981 0.078947 0.100962
0 0.851504 0.088942 0.078947 0.100962
13 0.851504 0.281250 0.078947 0.100962
23 0.840226 0.391827 0.056391 0.062500
21 0.834586 0.524038 0.045113 0.057692
20 0.843985 0.634615 0.063910 0.067308
35 0.840226 0.725962 0.056391 0.057692
16 0.930451 0.072115 0.048872 0.057692
19 0.936090 0.153846 0.060150 0.057692
27 0.928571 0.240385 0.045113 0.057692
24 0.928571 0.360577 0.045113 0.057692
22 0.930451 0.483173 0.048872 0.052885
3 0.945489 0.627404 0.078947 0.100962