10 0.038462 0.103535 0.076923 0.106061
35 0.027473 0.287879 0.054945 0.060606
34 0.021978 0.424242 0.043956 0.070707
16 0.023810 0.565657 0.047619 0.060606
4 0.038462 0.684343 0.076923 0.106061
20 0.031136 0.813131 0.062271 0.070707
23 0.119048 0.078283 0.054945 0.065657
31 0.142857 0.229798 0.102564 0.045455
3 0.130037 0.371212 0.076923 0.106061
0 0.130037 0.517677 0.076923 0.106061
30 0.122711 0.704545 0.062271 0.085859
22 0.115385 0.871212 0.047619 0.055556
33 0.234432 0.068182 0.051282 0.075758
6 0.247253 0.219697 0.076923 0.106061
11 0.247253 0.411616 0.076923 0.106061
12 0.247253 0.568182 0.076923 0.106061
8 0.247253 0.729798 0.076923 0.106061
21 0.230769 0.904040 0.043956 0.060606
27 0.322344 0.106061 0.043956 0.060606
28 0.324176 0.217172 0.047619 0.070707
24 0.322344 0.338384 0.043956 0.060606
15 0.335165 0.500000 0.069597 0.070707
1 0.338828 0.628788 0.076923 0.106061
13 0.338828 0.785354 0.076923 0.106061
29 0.417582 0.111111 0.051282 0.080808
14 0.430403 0.275253 0.076923 0.106061
5 0.430403 0.436869 0.076923 0.106061
7 0.430403 0.588384 0.076923 0.106061
32 0.505495 0.714646 0.227106 0.045455
17 0.423077 0.833333 0.062271 0.070707
9 0.672161 0.123737 0.076923 0.106061
25 0.809524 0.239899 0.351648 0.055556
2 0.672161 0.366162 0.076923 0.106061
19 0.663004 0.500000 0.058608 0.060606
18 0.663004 0.603535 0.058608 0.075758
26 0.659341 0.724747 0.051282 0.075758