21 0.025862 0.068627 0.051724 0.058824
23 0.032328 0.223039 0.064655 0.063725
22 0.028017 0.335784 0.056034 0.053922
27 0.025862 0.485294 0.051724 0.058824
5 0.045259 0.595588 0.090517 0.102941
3 0.045259 0.796569 0.090517 0.102941
29 0.137931 0.083333 0.060345 0.078431
31 0.168103 0.203431 0.120690 0.044118
34 0.133621 0.323529 0.051724 0.068627
2 0.153017 0.458333 0.090517 0.102941
10 0.153017 0.629902 0.090517 0.102941
7 0.153017 0.762255 0.090517 0.102941
9 0.290948 0.110294 0.090517 0.102941
11 0.290948 0.296569 0.090517 0.102941
32 0.379310 0.399510 0.267241 0.044118
28 0.273707 0.495098 0.056034 0.068627
25 0.452586 0.649510 0.413793 0.053922
12 0.290948 0.796569 0.090517 0.102941
16 0.704741 0.093137 0.056034 0.058824
26 0.706897 0.227941 0.060345 0.073529
30 0.713362 0.389706 0.073276 0.083333
18 0.711207 0.502451 0.068966 0.073529
6 0.721983 0.654412 0.090517 0.102941
20 0.713362 0.823529 0.073276 0.068627
4 0.829741 0.090686 0.090517 0.102941
0 0.829741 0.218137 0.090517 0.102941
13 0.829741 0.365196 0.090517 0.102941
8 0.829741 0.536765 0.090517 0.102941
14 0.829741 0.713235 0.090517 0.102941
15 0.825431 0.887255 0.081897 0.068627
35 0.924569 0.058824 0.064655 0.058824
17 0.928879 0.205882 0.073276 0.068627
24 0.918103 0.318627 0.051724 0.058824
1 0.937500 0.477941 0.090517 0.102941
33 0.922414 0.654412 0.060345 0.073529
19 0.926724 0.794118 0.068966 0.058824