23 0.028195 0.071782 0.056391 0.064356
6 0.039474 0.254950 0.078947 0.103960
24 0.022556 0.396040 0.045113 0.059406
14 0.039474 0.556931 0.078947 0.103960
11 0.039474 0.745050 0.078947 0.103960
29 0.026316 0.891089 0.052632 0.079208
1 0.133459 0.121287 0.078947 0.103960
2 0.133459 0.264851 0.078947 0.103960
17 0.125940 0.425743 0.063910 0.069307
4 0.133459 0.576733 0.078947 0.103960
21 0.116541 0.693069 0.045113 0.059406
30 0.125940 0.863861 0.063910 0.084158
33 0.214286 0.091584 0.052632 0.074257
26 0.214286 0.225248 0.052632 0.074257
9 0.227444 0.398515 0.078947 0.103960
32 0.304511 0.522277 0.233083 0.044554
31 0.240602 0.626238 0.105263 0.044554
19 0.218045 0.757426 0.060150 0.059406
8 0.475564 0.081683 0.078947 0.103960
20 0.468045 0.257426 0.063910 0.069307
35 0.464286 0.386139 0.056391 0.059406
5 0.475564 0.512376 0.078947 0.103960
28 0.460526 0.638614 0.048872 0.069307
3 0.475564 0.809406 0.078947 0.103960
15 0.565789 0.069307 0.071429 0.069307
13 0.569549 0.250000 0.078947 0.103960
22 0.554511 0.373762 0.048872 0.054455
0 0.569549 0.542079 0.078947 0.103960
34 0.552632 0.707921 0.045113 0.069307
12 0.569549 0.829208 0.078947 0.103960
7 0.663534 0.081683 0.078947 0.103960
10 0.663534 0.210396 0.078947 0.103960
18 0.654135 0.363861 0.060150 0.074257
27 0.646617 0.490099 0.045113 0.059406
25 0.804511 0.646040 0.360902 0.054455
16 0.648496 0.732673 0.048872 0.059406