12 0.045259 0.094203 0.090517 0.101449
10 0.045259 0.277778 0.090517 0.101449
0 0.045259 0.437198 0.090517 0.101449
17 0.036638 0.560386 0.073276 0.067633
24 0.025862 0.661836 0.051724 0.057971
33 0.030172 0.760870 0.060345 0.072464
16 0.135776 0.101449 0.056034 0.057971
11 0.153017 0.234300 0.090517 0.101449
21 0.133621 0.410628 0.051724 0.057971
20 0.144397 0.521739 0.073276 0.067633
8 0.153017 0.640097 0.090517 0.101449
5 0.153017 0.799517 0.090517 0.101449
14 0.260776 0.094203 0.090517 0.101449
6 0.260776 0.263285 0.090517 0.101449
7 0.260776 0.461353 0.090517 0.101449
31 0.275862 0.606280 0.120690 0.043478
19 0.250000 0.705314 0.068966 0.057971
18 0.250000 0.833333 0.068966 0.072464
13 0.398707 0.079710 0.090517 0.101449
32 0.487069 0.176329 0.267241 0.043478
15 0.394397 0.260870 0.081897 0.067633
2 0.398707 0.427536 0.090517 0.101449
25 0.560345 0.528986 0.413793 0.053140
34 0.379310 0.637681 0.051724 0.067633
22 0.812500 0.050725 0.056034 0.053140
4 0.829741 0.195652 0.090517 0.101449
28 0.812500 0.371981 0.056034 0.067633
26 0.814655 0.519324 0.060345 0.072464
30 0.821121 0.620773 0.073276 0.082126
35 0.816810 0.787440 0.064655 0.057971
9 0.937500 0.074879 0.090517 0.101449
3 0.937500 0.268116 0.090517 0.101449
23 0.924569 0.442029 0.064655 0.062802
27 0.918103 0.574879 0.051724 0.057971
1 0.937500 0.717391 0.090517 0.101449
29 0.922414 0.898551 0.060345 0.077295