29 0.025641 0.098522 0.051282 0.078818
11 0.038462 0.273399 0.076923 0.103448
30 0.031136 0.440887 0.062271 0.083744
5 0.038462 0.623153 0.076923 0.103448
23 0.027473 0.741379 0.054945 0.064039
6 0.038462 0.854680 0.076923 0.103448
1 0.130037 0.096059 0.076923 0.103448
34 0.113553 0.241379 0.043956 0.068966
16 0.115385 0.349754 0.047619 0.059113
9 0.130037 0.529557 0.076923 0.103448
0 0.130037 0.711823 0.076923 0.103448
14 0.130037 0.864532 0.076923 0.103448
17 0.214286 0.064039 0.062271 0.068966
25 0.358974 0.204433 0.351648 0.054187
7 0.221612 0.322660 0.076923 0.103448
24 0.205128 0.458128 0.043956 0.059113
19 0.212454 0.551724 0.058608 0.059113
33 0.208791 0.706897 0.051282 0.073892
2 0.587912 0.081281 0.076923 0.103448
20 0.580586 0.261084 0.062271 0.068966
13 0.587912 0.386700 0.076923 0.103448
3 0.587912 0.544335 0.076923 0.103448
26 0.575092 0.726601 0.051282 0.073892
28 0.573260 0.857143 0.047619 0.068966
15 0.675824 0.098522 0.069597 0.068966
18 0.670330 0.204433 0.058608 0.073892
10 0.679487 0.386700 0.076923 0.103448
32 0.754579 0.514778 0.227106 0.044335
35 0.668498 0.635468 0.054945 0.059113
4 0.679487 0.800493 0.076923 0.103448
21 0.904762 0.059113 0.043956 0.059113
22 0.906593 0.155172 0.047619 0.054187
31 0.934066 0.293103 0.102564 0.044335
12 0.921245 0.411330 0.076923 0.103448
8 0.921245 0.573892 0.076923 0.103448
27 0.904762 0.753695 0.043956 0.059113