10 0.038462 0.123116 0.076923 0.105528
17 0.031136 0.266332 0.062271 0.070352
12 0.038462 0.384422 0.076923 0.105528
31 0.051282 0.494975 0.102564 0.045226
16 0.023810 0.643216 0.047619 0.060302
20 0.031136 0.773869 0.062271 0.070352
29 0.142857 0.100503 0.051282 0.080402
21 0.139194 0.216080 0.043956 0.060302
13 0.155678 0.374372 0.076923 0.105528
14 0.155678 0.520101 0.076923 0.105528
33 0.142857 0.670854 0.051282 0.075377
0 0.155678 0.836683 0.076923 0.105528
3 0.247253 0.128141 0.076923 0.105528
25 0.384615 0.298995 0.351648 0.055276
28 0.232601 0.452261 0.047619 0.070352
2 0.247253 0.610553 0.076923 0.105528
9 0.247253 0.751256 0.076923 0.105528
23 0.236264 0.891960 0.054945 0.065327
15 0.609890 0.085427 0.069597 0.070352
26 0.600733 0.253769 0.051282 0.075377
19 0.604396 0.402010 0.058608 0.060302
32 0.688645 0.545226 0.227106 0.045226
6 0.613553 0.685930 0.076923 0.105528
18 0.604396 0.811558 0.058608 0.075377
4 0.855311 0.128141 0.076923 0.105528
24 0.838828 0.236181 0.043956 0.060302
30 0.847985 0.369347 0.062271 0.085427
34 0.838828 0.492462 0.043956 0.070352
27 0.838828 0.613065 0.043956 0.060302
7 0.855311 0.726131 0.076923 0.105528
22 0.932234 0.057789 0.047619 0.055276
11 0.946886 0.198492 0.076923 0.105528
35 0.935897 0.341709 0.054945 0.060302
5 0.946886 0.515075 0.076923 0.105528
8 0.946886 0.660804 0.076923 0.105528
1 0.946886 0.816583 0.076923 0.105528