5 0.038462 0.092965 0.076923 0.105528
19 0.029304 0.221106 0.058608 0.060302
35 0.027473 0.371859 0.054945 0.060302
18 0.029304 0.500000 0.058608 0.075377
15 0.034799 0.633166 0.069597 0.070352
11 0.038462 0.781407 0.076923 0.105528
17 0.122711 0.070352 0.062271 0.070352
10 0.130037 0.193467 0.076923 0.105528
24 0.113553 0.361809 0.043956 0.060302
3 0.130037 0.474874 0.076923 0.105528
23 0.119048 0.615578 0.054945 0.065327
9 0.130037 0.731156 0.076923 0.105528
13 0.221612 0.118090 0.076923 0.105528
31 0.234432 0.253769 0.102564 0.045226
28 0.206960 0.341709 0.047619 0.070352
14 0.221612 0.474874 0.076923 0.105528
20 0.214286 0.587940 0.062271 0.070352
8 0.221612 0.741206 0.076923 0.105528
33 0.326007 0.108040 0.051282 0.075377
26 0.326007 0.233668 0.051282 0.075377
25 0.476190 0.384422 0.351648 0.055276
30 0.331502 0.520101 0.062271 0.085427
27 0.322344 0.683417 0.043956 0.060302
4 0.338828 0.806533 0.076923 0.105528
34 0.688645 0.060302 0.043956 0.070352
32 0.780220 0.173367 0.227106 0.045226
12 0.705128 0.314070 0.076923 0.105528
22 0.690476 0.479899 0.047619 0.055276
29 0.692308 0.648241 0.051282 0.080402
6 0.705128 0.811558 0.076923 0.105528
7 0.946886 0.092965 0.076923 0.105528
0 0.946886 0.273869 0.076923 0.105528
2 0.946886 0.424623 0.076923 0.105528
16 0.932234 0.592965 0.047619 0.060302
21 0.930403 0.733668 0.043956 0.060302
1 0.946886 0.886935 0.076923 0.105528