29 0.025641 0.101942 0.051282 0.077670
7 0.038462 0.269417 0.076923 0.101942
4 0.038462 0.468447 0.076923 0.101942
17 0.031136 0.616505 0.062271 0.067961
3 0.038462 0.769417 0.076923 0.101942
23 0.027473 0.915049 0.054945 0.063107
26 0.117216 0.070388 0.051282 0.072816
24 0.113553 0.228155 0.043956 0.058252
27 0.113553 0.373786 0.043956 0.058252
0 0.130037 0.492718 0.076923 0.101942
30 0.122711 0.662621 0.062271 0.082524
34 0.113553 0.815534 0.043956 0.067961
31 0.234432 0.075243 0.102564 0.043689
35 0.210623 0.174757 0.054945 0.058252
1 0.221612 0.298544 0.076923 0.101942
20 0.214286 0.432039 0.062271 0.067961
6 0.221612 0.570388 0.076923 0.101942
21 0.205128 0.694175 0.043956 0.058252
32 0.413919 0.070388 0.227106 0.043689
14 0.338828 0.216019 0.076923 0.101942
19 0.329670 0.330097 0.058608 0.058252
13 0.338828 0.463592 0.076923 0.101942
8 0.338828 0.623786 0.076923 0.101942
5 0.338828 0.788835 0.076923 0.101942
22 0.565934 0.075243 0.047619 0.053398
15 0.576923 0.218447 0.069597 0.067961
12 0.580586 0.385922 0.076923 0.101942
9 0.580586 0.560680 0.076923 0.101942
16 0.565934 0.689320 0.047619 0.058252
28 0.565934 0.815534 0.047619 0.067961
10 0.672161 0.084951 0.076923 0.101942
25 0.809524 0.240291 0.351648 0.053398
2 0.672161 0.347087 0.076923 0.101942
18 0.663004 0.516990 0.058608 0.072816
11 0.672161 0.672330 0.076923 0.101942
33 0.659341 0.783981 0.051282 0.072816