27 0.025862 0.067358 0.051724 0.062176
20 0.036638 0.160622 0.073276 0.072539
14 0.045259 0.287565 0.090517 0.108808
3 0.045259 0.463731 0.090517 0.108808
2 0.045259 0.660622 0.090517 0.108808
15 0.040948 0.808290 0.081897 0.072539
26 0.137931 0.101036 0.060345 0.077720
33 0.137931 0.209845 0.060345 0.077720
17 0.144397 0.310881 0.073276 0.072539
12 0.153017 0.484456 0.090517 0.108808
11 0.153017 0.665803 0.090517 0.108808
29 0.137931 0.839378 0.060345 0.082902
31 0.275862 0.090674 0.120690 0.046632
19 0.250000 0.170984 0.068966 0.062176
16 0.243534 0.269430 0.056034 0.062176
22 0.243534 0.386010 0.056034 0.056995
10 0.260776 0.494819 0.090517 0.108808
30 0.252155 0.619171 0.073276 0.088083
25 0.560345 0.080311 0.413793 0.056995
13 0.398707 0.204663 0.090517 0.108808
9 0.398707 0.349741 0.090517 0.108808
4 0.398707 0.536269 0.090517 0.108808
18 0.387931 0.660622 0.068966 0.077720
32 0.487069 0.774611 0.267241 0.046632
24 0.810345 0.072539 0.051724 0.062176
1 0.829741 0.199482 0.090517 0.108808
23 0.816810 0.334197 0.064655 0.067358
35 0.816810 0.461140 0.064655 0.062176
6 0.829741 0.582902 0.090517 0.108808
8 0.829741 0.774611 0.090517 0.108808
5 0.937500 0.111399 0.090517 0.108808
0 0.937500 0.256477 0.090517 0.108808
34 0.918103 0.404145 0.051724 0.072539
7 0.937500 0.572539 0.090517 0.108808
21 0.918103 0.761658 0.051724 0.062176
28 0.920259 0.880829 0.056034 0.072539