30 0.031136 0.118421 0.062271 0.089474
0 0.038462 0.260526 0.076923 0.110526
13 0.038462 0.476316 0.076923 0.110526
12 0.038462 0.660526 0.076923 0.110526
32 0.113553 0.771053 0.227106 0.047368
5 0.038462 0.886842 0.076923 0.110526
9 0.280220 0.118421 0.076923 0.110526
26 0.267399 0.286842 0.051282 0.078947
31 0.293040 0.402632 0.102564 0.047368
28 0.265568 0.563158 0.047619 0.073684
35 0.269231 0.736842 0.054945 0.063158
17 0.272894 0.831579 0.062271 0.073684
22 0.382784 0.055263 0.047619 0.057895
27 0.380952 0.163158 0.043956 0.063158
23 0.386447 0.318421 0.054945 0.068421
4 0.397436 0.502632 0.076923 0.110526
11 0.397436 0.639474 0.076923 0.110526
3 0.397436 0.781579 0.076923 0.110526
2 0.489011 0.134211 0.076923 0.110526
33 0.476190 0.323684 0.051282 0.078947
34 0.472527 0.426316 0.043956 0.073684
15 0.485348 0.552632 0.069597 0.073684
8 0.489011 0.739474 0.076923 0.110526
16 0.474359 0.884211 0.047619 0.063158
29 0.567766 0.089474 0.051282 0.084211
18 0.571429 0.250000 0.058608 0.078947
25 0.717949 0.376316 0.351648 0.057895
24 0.564103 0.510526 0.043956 0.063158
19 0.571429 0.621053 0.058608 0.063158
1 0.580586 0.739474 0.076923 0.110526
7 0.946886 0.097368 0.076923 0.110526
21 0.930403 0.231579 0.043956 0.063158
20 0.939560 0.373684 0.062271 0.073684
6 0.946886 0.507895 0.076923 0.110526
14 0.946886 0.702632 0.076923 0.110526
10 0.946886 0.881579 0.076923 0.110526