6 0.038462 0.118132 0.076923 0.115385
17 0.031136 0.241758 0.062271 0.076923
32 0.113553 0.348901 0.227106 0.049451
5 0.038462 0.480769 0.076923 0.115385
4 0.038462 0.700549 0.076923 0.115385
16 0.023810 0.840659 0.047619 0.065934
0 0.280220 0.107143 0.076923 0.115385
7 0.280220 0.288462 0.076923 0.115385
26 0.267399 0.464286 0.051282 0.082418
14 0.280220 0.634615 0.076923 0.115385
27 0.263736 0.758242 0.043956 0.065934
34 0.263736 0.879121 0.043956 0.076923
13 0.371795 0.134615 0.076923 0.115385
3 0.371795 0.288462 0.076923 0.115385
21 0.355311 0.445055 0.043956 0.065934
22 0.357143 0.601648 0.047619 0.060440
30 0.364469 0.722527 0.062271 0.093407
33 0.358974 0.881868 0.051282 0.082418
9 0.463370 0.118132 0.076923 0.115385
15 0.459707 0.252747 0.069597 0.076923
11 0.463370 0.458791 0.076923 0.115385
35 0.452381 0.653846 0.054945 0.065934
18 0.454212 0.771978 0.058608 0.082418
31 0.476190 0.942308 0.102564 0.049451
20 0.573260 0.109890 0.062271 0.076923
28 0.565934 0.214286 0.047619 0.076923
19 0.571429 0.346154 0.058608 0.065934
25 0.717949 0.486264 0.351648 0.060440
2 0.580586 0.618132 0.076923 0.115385
8 0.580586 0.793956 0.076923 0.115385
10 0.946886 0.085165 0.076923 0.115385
29 0.934066 0.225275 0.051282 0.087912
12 0.946886 0.392857 0.076923 0.115385
1 0.946886 0.607143 0.076923 0.115385
24 0.930403 0.747253 0.043956 0.065934
23 0.935897 0.881868 0.054945 0.071429