32 0.116541 0.080311 0.233083 0.046632
34 0.022556 0.176166 0.045113 0.072539
0 0.039474 0.344560 0.078947 0.108808
2 0.039474 0.515544 0.078947 0.108808
12 0.039474 0.655440 0.078947 0.108808
6 0.039474 0.852332 0.078947 0.108808
27 0.270677 0.072539 0.045113 0.062176
18 0.278195 0.199482 0.060150 0.077720
17 0.280075 0.331606 0.063910 0.072539
30 0.280075 0.505181 0.063910 0.088083
14 0.287594 0.691710 0.078947 0.108808
28 0.272556 0.854922 0.048872 0.072539
11 0.381579 0.116580 0.078947 0.108808
23 0.370301 0.230570 0.056391 0.067358
24 0.364662 0.341969 0.045113 0.062176
25 0.522556 0.448187 0.360902 0.056995
31 0.394737 0.562176 0.105263 0.046632
26 0.368421 0.670984 0.052632 0.077720
10 0.757519 0.085492 0.078947 0.108808
1 0.757519 0.277202 0.078947 0.108808
33 0.744361 0.474093 0.052632 0.077720
21 0.740602 0.626943 0.045113 0.062176
19 0.748120 0.730570 0.060150 0.062176
5 0.757519 0.847150 0.078947 0.108808
13 0.851504 0.101036 0.078947 0.108808
4 0.851504 0.235751 0.078947 0.108808
20 0.843985 0.362694 0.063910 0.072539
15 0.847744 0.466321 0.071429 0.072539
3 0.851504 0.639896 0.078947 0.108808
35 0.840226 0.782383 0.056391 0.062176
9 0.945489 0.106218 0.078947 0.108808
16 0.930451 0.264249 0.048872 0.062176
7 0.945489 0.375648 0.078947 0.108808
8 0.945489 0.525907 0.078947 0.108808
29 0.932331 0.647668 0.052632 0.082902
22 0.930451 0.800518 0.048872 0.056995