9 0.039033 0.080729 0.078067 0.109375
10 0.039033 0.226562 0.078067 0.109375
8 0.039033 0.388021 0.078067 0.109375
2 0.039033 0.539062 0.078067 0.109375
14 0.039033 0.742188 0.078067 0.109375
31 0.052045 0.872396 0.104089 0.046875
5 0.157993 0.080729 0.078067 0.109375
22 0.143123 0.247396 0.048327 0.057292
27 0.141264 0.354167 0.044610 0.062500
7 0.157993 0.533854 0.078067 0.109375
0 0.157993 0.690104 0.078067 0.109375
11 0.157993 0.830729 0.078067 0.109375
16 0.236059 0.067708 0.048327 0.062500
19 0.241636 0.229167 0.059480 0.062500
33 0.237918 0.325521 0.052045 0.078125
30 0.243494 0.455729 0.063197 0.088542
20 0.243494 0.614583 0.063197 0.072917
18 0.241636 0.726562 0.059480 0.078125
6 0.328996 0.132812 0.078067 0.109375
32 0.405204 0.263021 0.230483 0.046875
34 0.312268 0.359375 0.044610 0.072917
3 0.328996 0.492188 0.078067 0.109375
15 0.325279 0.682292 0.070632 0.072917
35 0.317844 0.776042 0.055762 0.062500
13 0.574349 0.091146 0.078067 0.109375
1 0.574349 0.268229 0.078067 0.109375
4 0.574349 0.414062 0.078067 0.109375
28 0.559480 0.609375 0.048327 0.072917
17 0.566914 0.708333 0.063197 0.072917
12 0.574349 0.835938 0.078067 0.109375
29 0.654275 0.109375 0.052045 0.083333
23 0.656134 0.268229 0.055762 0.067708
21 0.650558 0.395833 0.044610 0.062500
25 0.806691 0.539062 0.356877 0.057292
24 0.650558 0.625000 0.044610 0.062500
26 0.654275 0.768229 0.052045 0.078125