34 0.021978 0.109453 0.043956 0.069652
32 0.113553 0.246269 0.227106 0.044776
5 0.038462 0.390547 0.076923 0.104478
29 0.025641 0.512438 0.051282 0.079602
21 0.021978 0.676617 0.043956 0.059701
22 0.023810 0.803483 0.047619 0.054726
1 0.280220 0.101990 0.076923 0.104478
4 0.280220 0.276119 0.076923 0.104478
12 0.280220 0.440299 0.076923 0.104478
23 0.269231 0.599502 0.054945 0.064677
7 0.280220 0.713930 0.076923 0.104478
11 0.280220 0.883085 0.076923 0.104478
18 0.362637 0.082090 0.058608 0.074627
28 0.357143 0.238806 0.047619 0.069652
14 0.371795 0.410448 0.076923 0.104478
19 0.362637 0.562189 0.058608 0.059701
13 0.371795 0.684080 0.076923 0.104478
20 0.364469 0.810945 0.062271 0.069652
10 0.463370 0.087065 0.076923 0.104478
26 0.450549 0.246269 0.051282 0.074627
2 0.463370 0.425373 0.076923 0.104478
25 0.600733 0.539801 0.351648 0.054726
3 0.463370 0.654229 0.076923 0.104478
27 0.446886 0.771144 0.043956 0.059701
17 0.822344 0.079602 0.062271 0.069652
35 0.818681 0.169154 0.054945 0.059701
30 0.822344 0.330846 0.062271 0.084577
8 0.829670 0.475124 0.076923 0.104478
31 0.842491 0.574627 0.102564 0.044776
16 0.815018 0.651741 0.047619 0.059701
9 0.946886 0.077114 0.076923 0.104478
0 0.946886 0.211443 0.076923 0.104478
6 0.946886 0.415423 0.076923 0.104478
15 0.943223 0.601990 0.069597 0.069652
33 0.934066 0.699005 0.051282 0.074627
24 0.930403 0.850746 0.043956 0.059701