27 0.022556 0.062176 0.045113 0.062176
4 0.039474 0.225389 0.078947 0.108808
33 0.026316 0.422280 0.052632 0.077720
11 0.039474 0.613990 0.078947 0.108808
22 0.024436 0.722798 0.048872 0.056995
30 0.031955 0.862694 0.063910 0.088083
19 0.124060 0.072539 0.060150 0.062176
2 0.133459 0.256477 0.078947 0.108808
12 0.133459 0.427461 0.078947 0.108808
10 0.133459 0.567358 0.078947 0.108808
18 0.124060 0.722798 0.060150 0.077720
9 0.133459 0.852332 0.078947 0.108808
3 0.227444 0.080311 0.078947 0.108808
28 0.212406 0.269430 0.048872 0.072539
14 0.227444 0.417098 0.078947 0.108808
20 0.219925 0.569948 0.063910 0.072539
25 0.368421 0.670984 0.360902 0.056995
13 0.227444 0.795337 0.078947 0.108808
0 0.603383 0.080311 0.078947 0.108808
21 0.586466 0.207254 0.045113 0.062176
8 0.603383 0.344560 0.078947 0.108808
23 0.592105 0.458549 0.056391 0.067358
16 0.588346 0.585492 0.048872 0.062176
26 0.590226 0.748705 0.052632 0.077720
31 0.710526 0.080311 0.105263 0.046632
15 0.693609 0.202073 0.071429 0.072539
24 0.680451 0.321244 0.045113 0.062176
32 0.774436 0.443005 0.233083 0.046632
17 0.689850 0.554404 0.063910 0.072539
34 0.680451 0.663212 0.045113 0.072539
6 0.945489 0.106218 0.078947 0.108808
35 0.934211 0.233161 0.056391 0.062176
7 0.945489 0.411917 0.078947 0.108808
29 0.932331 0.580311 0.052632 0.082902
1 0.945489 0.743523 0.078947 0.108808
5 0.945489 0.904145 0.078947 0.108808