3 0.038462 0.087940 0.076923 0.105528
12 0.038462 0.253769 0.076923 0.105528
1 0.038462 0.434673 0.076923 0.105528
26 0.025641 0.555276 0.051282 0.075377
18 0.029304 0.665829 0.058608 0.075377
29 0.025641 0.804020 0.051282 0.080402
25 0.267399 0.062814 0.351648 0.055276
14 0.130037 0.238693 0.076923 0.105528
30 0.122711 0.364322 0.062271 0.085427
0 0.130037 0.560302 0.076923 0.105528
20 0.122711 0.748744 0.062271 0.070352
8 0.130037 0.886935 0.076923 0.105528
21 0.479853 0.065327 0.043956 0.060302
34 0.479853 0.231156 0.043956 0.070352
13 0.496337 0.399497 0.076923 0.105528
31 0.509158 0.505025 0.102564 0.045226
28 0.481685 0.587940 0.047619 0.070352
11 0.496337 0.736181 0.076923 0.105528
10 0.613553 0.108040 0.076923 0.105528
23 0.602564 0.278894 0.054945 0.065327
16 0.598901 0.417085 0.047619 0.060302
6 0.613553 0.600503 0.076923 0.105528
19 0.604396 0.753769 0.058608 0.060302
35 0.602564 0.899497 0.054945 0.060302
5 0.705128 0.082915 0.076923 0.105528
27 0.688645 0.211055 0.043956 0.060302
33 0.692308 0.364322 0.051282 0.075377
15 0.701465 0.477387 0.069597 0.070352
17 0.697802 0.582915 0.062271 0.070352
22 0.690476 0.670854 0.047619 0.055276
4 0.796703 0.092965 0.076923 0.105528
32 0.871795 0.253769 0.227106 0.045226
2 0.796703 0.359296 0.076923 0.105528
24 0.780220 0.512563 0.043956 0.060302
7 0.796703 0.690955 0.076923 0.105528
9 0.796703 0.851759 0.076923 0.105528