27 0.021978 0.056122 0.043956 0.061224
10 0.038462 0.221939 0.076923 0.107143
28 0.023810 0.392857 0.047619 0.071429
11 0.038462 0.517857 0.076923 0.107143
12 0.038462 0.721939 0.076923 0.107143
32 0.113553 0.839286 0.227106 0.045918
22 0.265568 0.104592 0.047619 0.056122
4 0.280220 0.262755 0.076923 0.107143
2 0.280220 0.405612 0.076923 0.107143
20 0.272894 0.540816 0.062271 0.071429
9 0.280220 0.691327 0.076923 0.107143
1 0.280220 0.869898 0.076923 0.107143
7 0.371795 0.089286 0.076923 0.107143
18 0.362637 0.211735 0.058608 0.076531
23 0.360806 0.334184 0.054945 0.066327
30 0.364469 0.436224 0.062271 0.086735
14 0.371795 0.604592 0.076923 0.107143
8 0.371795 0.752551 0.076923 0.107143
0 0.463370 0.114796 0.076923 0.107143
17 0.456044 0.255102 0.062271 0.071429
21 0.446886 0.387755 0.043956 0.061224
13 0.463370 0.563776 0.076923 0.107143
31 0.476190 0.665816 0.102564 0.045918
16 0.448718 0.765306 0.047619 0.061224
24 0.564103 0.091837 0.043956 0.061224
35 0.569597 0.229592 0.054945 0.061224
15 0.576923 0.392857 0.069597 0.071429
19 0.571429 0.540816 0.058608 0.061224
6 0.580586 0.701531 0.076923 0.107143
34 0.564103 0.831633 0.043956 0.071429
3 0.672161 0.109694 0.076923 0.107143
25 0.809524 0.221939 0.351648 0.056122
29 0.659341 0.362245 0.051282 0.081633
5 0.672161 0.517857 0.076923 0.107143
26 0.659341 0.681122 0.051282 0.076531
33 0.659341 0.839286 0.051282 0.076531