7 0.038462 0.112981 0.076923 0.100962
20 0.031136 0.235577 0.062271 0.067308
14 0.038462 0.343750 0.076923 0.100962
12 0.038462 0.507212 0.076923 0.100962
35 0.027473 0.673077 0.054945 0.057692
32 0.113553 0.810096 0.227106 0.043269
26 0.267399 0.069712 0.051282 0.072115
1 0.280220 0.180288 0.076923 0.100962
0 0.280220 0.310096 0.076923 0.100962
3 0.280220 0.502404 0.076923 0.100962
29 0.267399 0.663462 0.051282 0.076923
5 0.280220 0.838942 0.076923 0.100962
2 0.371795 0.122596 0.076923 0.100962
4 0.371795 0.252404 0.076923 0.100962
25 0.509158 0.391827 0.351648 0.052885
34 0.355311 0.519231 0.043956 0.067308
13 0.371795 0.685096 0.076923 0.100962
8 0.371795 0.882212 0.076923 0.100962
27 0.721612 0.096154 0.043956 0.057692
24 0.721612 0.240385 0.043956 0.057692
22 0.723443 0.319712 0.047619 0.052885
23 0.727106 0.406250 0.054945 0.062500
15 0.734432 0.533654 0.069597 0.067308
6 0.738095 0.680288 0.076923 0.100962
28 0.815018 0.081731 0.047619 0.067308
19 0.820513 0.221154 0.058608 0.057692
17 0.822344 0.322115 0.062271 0.067308
31 0.842491 0.425481 0.102564 0.043269
9 0.829670 0.545673 0.076923 0.100962
18 0.820513 0.723558 0.058608 0.072115
30 0.939560 0.088942 0.062271 0.081731
33 0.934066 0.199519 0.051282 0.072115
16 0.932234 0.288462 0.047619 0.057692
21 0.930403 0.389423 0.043956 0.057692
10 0.946886 0.516827 0.076923 0.100962
11 0.946886 0.646635 0.076923 0.100962