9 0.045259 0.098624 0.090517 0.096330
12 0.045259 0.245413 0.090517 0.096330
22 0.028017 0.378440 0.056034 0.050459
6 0.045259 0.497706 0.090517 0.096330
3 0.045259 0.653670 0.090517 0.096330
11 0.045259 0.800459 0.090517 0.096330
21 0.133621 0.091743 0.051724 0.055046
5 0.153017 0.245413 0.090517 0.096330
0 0.153017 0.396789 0.090517 0.096330
17 0.144397 0.564220 0.073276 0.064220
29 0.137931 0.724771 0.060345 0.073394
23 0.140086 0.878440 0.064655 0.059633
19 0.250000 0.077982 0.068966 0.055046
34 0.241379 0.188073 0.051724 0.064220
2 0.260776 0.291284 0.090517 0.096330
33 0.245690 0.424312 0.060345 0.068807
10 0.260776 0.594037 0.090517 0.096330
28 0.243534 0.738532 0.056034 0.064220
30 0.359914 0.066514 0.073276 0.077982
1 0.368534 0.181193 0.090517 0.096330
4 0.368534 0.346330 0.090517 0.096330
16 0.351293 0.467890 0.056034 0.055046
15 0.364224 0.587156 0.081897 0.064220
13 0.368534 0.740826 0.090517 0.096330
26 0.461207 0.103211 0.060345 0.068807
25 0.637931 0.217890 0.413793 0.050459
24 0.456897 0.316514 0.051724 0.055046
35 0.463362 0.463303 0.064655 0.055046
32 0.564655 0.561927 0.267241 0.041284
14 0.476293 0.694954 0.090517 0.096330
27 0.887931 0.091743 0.051724 0.055046
18 0.896552 0.185780 0.068966 0.068807
20 0.898707 0.344037 0.073276 0.064220
31 0.922414 0.488532 0.120690 0.041284
8 0.907328 0.580275 0.090517 0.096330
7 0.907328 0.727064 0.090517 0.096330