25 0.175824 0.068878 0.351648 0.056122
20 0.031136 0.204082 0.062271 0.071429
21 0.021978 0.372449 0.043956 0.061224
13 0.038462 0.543367 0.076923 0.107143
26 0.025641 0.691327 0.051282 0.076531
35 0.027473 0.857143 0.054945 0.061224
27 0.388278 0.102041 0.043956 0.061224
3 0.404762 0.237245 0.076923 0.107143
15 0.401099 0.372449 0.069597 0.071429
14 0.404762 0.558673 0.076923 0.107143
30 0.397436 0.742347 0.062271 0.086735
22 0.390110 0.875000 0.047619 0.056122
33 0.483516 0.109694 0.051282 0.076531
29 0.483516 0.250000 0.051282 0.081633
17 0.489011 0.397959 0.062271 0.071429
1 0.496337 0.528061 0.076923 0.107143
0 0.496337 0.665816 0.076923 0.107143
8 0.496337 0.808673 0.076923 0.107143
11 0.587912 0.089286 0.076923 0.107143
31 0.600733 0.201531 0.102564 0.045918
24 0.571429 0.331633 0.043956 0.061224
5 0.587912 0.456633 0.076923 0.107143
18 0.578755 0.650510 0.058608 0.076531
28 0.573260 0.806122 0.047619 0.071429
19 0.695971 0.076531 0.058608 0.061224
2 0.705128 0.206633 0.076923 0.107143
16 0.690476 0.336735 0.047619 0.061224
10 0.705128 0.461735 0.076923 0.107143
12 0.705128 0.660714 0.076923 0.107143
6 0.705128 0.839286 0.076923 0.107143
4 0.796703 0.084184 0.076923 0.107143
34 0.780220 0.219388 0.043956 0.071429
23 0.785714 0.375000 0.054945 0.066327
9 0.796703 0.492347 0.076923 0.107143
32 0.871795 0.665816 0.227106 0.045918
7 0.796703 0.778061 0.076923 0.107143