20 0.031136 0.106061 0.062271 0.070707
26 0.025641 0.275253 0.051282 0.075758
1 0.038462 0.457071 0.076923 0.106061
21 0.021978 0.575758 0.043956 0.060606
13 0.038462 0.714646 0.076923 0.106061
28 0.023810 0.873737 0.047619 0.070707
8 0.130037 0.088384 0.076923 0.106061
23 0.119048 0.234848 0.054945 0.065657
24 0.113553 0.388889 0.043956 0.060606
15 0.126374 0.550505 0.069597 0.070707
35 0.119048 0.661616 0.054945 0.060606
0 0.130037 0.795455 0.076923 0.106061
22 0.206960 0.098485 0.047619 0.055556
34 0.205128 0.242424 0.043956 0.070707
4 0.221612 0.426768 0.076923 0.106061
2 0.221612 0.593434 0.076923 0.106061
30 0.214286 0.724747 0.062271 0.085859
31 0.234432 0.886364 0.102564 0.045455
7 0.338828 0.128788 0.076923 0.106061
5 0.338828 0.315657 0.076923 0.106061
16 0.324176 0.429293 0.047619 0.060606
3 0.338828 0.547980 0.076923 0.106061
25 0.476190 0.689394 0.351648 0.055556
29 0.326007 0.808081 0.051282 0.080808
12 0.705128 0.083333 0.076923 0.106061
14 0.705128 0.244949 0.076923 0.106061
27 0.688645 0.398990 0.043956 0.060606
18 0.695971 0.522727 0.058608 0.075758
17 0.697802 0.626263 0.062271 0.070707
33 0.692308 0.734848 0.051282 0.075758
11 0.796703 0.123737 0.076923 0.106061
10 0.796703 0.260101 0.076923 0.106061
9 0.796703 0.441919 0.076923 0.106061
6 0.796703 0.598485 0.076923 0.106061
32 0.871795 0.699495 0.227106 0.045455
19 0.787546 0.848485 0.058608 0.060606