0 0.038462 0.078947 0.076923 0.100478
17 0.031136 0.215311 0.062271 0.066986
18 0.029304 0.318182 0.058608 0.071770
23 0.027473 0.461722 0.054945 0.062201
31 0.051282 0.543062 0.102564 0.043062
5 0.038462 0.681818 0.076923 0.100478
16 0.141026 0.095694 0.047619 0.057416
27 0.139194 0.205742 0.043956 0.057416
21 0.139194 0.334928 0.043956 0.057416
35 0.144689 0.440191 0.054945 0.057416
25 0.293040 0.547847 0.351648 0.052632
30 0.148352 0.696172 0.062271 0.081340
11 0.521978 0.088517 0.076923 0.100478
24 0.505495 0.234450 0.043956 0.057416
9 0.521978 0.409091 0.076923 0.100478
15 0.518315 0.540670 0.069597 0.066986
34 0.505495 0.674641 0.043956 0.066986
6 0.521978 0.787081 0.076923 0.100478
22 0.598901 0.088517 0.047619 0.052632
2 0.613553 0.251196 0.076923 0.100478
32 0.688645 0.404306 0.227106 0.043062
13 0.613553 0.562201 0.076923 0.100478
20 0.606227 0.736842 0.062271 0.066986
33 0.600733 0.839713 0.051282 0.071770
12 0.855311 0.117225 0.076923 0.100478
28 0.840659 0.244019 0.047619 0.066986
29 0.842491 0.406699 0.051282 0.076555
3 0.855311 0.566986 0.076923 0.100478
10 0.855311 0.724880 0.076923 0.100478
4 0.855311 0.921053 0.076923 0.100478
14 0.946886 0.102871 0.076923 0.100478
19 0.937729 0.224880 0.058608 0.057416
26 0.934066 0.332536 0.051282 0.071770
7 0.946886 0.442584 0.076923 0.100478
1 0.946886 0.590909 0.076923 0.100478
8 0.946886 0.724880 0.076923 0.100478