0 0.038462 0.112981 0.076923 0.100962
19 0.029304 0.235577 0.058608 0.057692
14 0.038462 0.338942 0.076923 0.100962
2 0.038462 0.483173 0.076923 0.100962
32 0.113553 0.617788 0.227106 0.043269
10 0.038462 0.757212 0.076923 0.100962
11 0.280220 0.112981 0.076923 0.100962
16 0.265568 0.283654 0.047619 0.057692
22 0.265568 0.387019 0.047619 0.052885
25 0.417582 0.492788 0.351648 0.052885
9 0.280220 0.665865 0.076923 0.100962
4 0.280220 0.858173 0.076923 0.100962
1 0.646520 0.098558 0.076923 0.100962
21 0.630037 0.201923 0.043956 0.057692
18 0.637363 0.319712 0.058608 0.072115
12 0.646520 0.497596 0.076923 0.100962
30 0.639194 0.665865 0.062271 0.081731
26 0.633700 0.776442 0.051282 0.072115
35 0.727106 0.100962 0.054945 0.057692
23 0.727106 0.228365 0.054945 0.062500
15 0.734432 0.384615 0.069597 0.067308
7 0.738095 0.512019 0.076923 0.100962
20 0.730769 0.658654 0.062271 0.067308
17 0.730769 0.817308 0.062271 0.067308
28 0.815018 0.076923 0.047619 0.067308
33 0.816850 0.213942 0.051282 0.072115
34 0.813187 0.326923 0.043956 0.067308
31 0.842491 0.449519 0.102564 0.043269
5 0.829670 0.569712 0.076923 0.100962
13 0.829670 0.757212 0.076923 0.100962
29 0.934066 0.072115 0.051282 0.076923
24 0.930403 0.163462 0.043956 0.057692
6 0.946886 0.324519 0.076923 0.100962
27 0.930403 0.490385 0.043956 0.057692
8 0.946886 0.656250 0.076923 0.100962
3 0.946886 0.843750 0.076923 0.100962