13 0.038462 0.121287 0.076923 0.103960
27 0.021978 0.267327 0.043956 0.059406
20 0.031136 0.371287 0.062271 0.069307
16 0.023810 0.519802 0.047619 0.059406
17 0.031136 0.683168 0.062271 0.069307
5 0.038462 0.863861 0.076923 0.103960
10 0.130037 0.116337 0.076923 0.103960
34 0.113553 0.272277 0.043956 0.069307
21 0.113553 0.361386 0.043956 0.059406
31 0.142857 0.443069 0.102564 0.044554
23 0.119048 0.561881 0.054945 0.064356
11 0.130037 0.745050 0.076923 0.103960
35 0.236264 0.084158 0.054945 0.059406
9 0.247253 0.195545 0.076923 0.103960
26 0.234432 0.314356 0.051282 0.074257
25 0.384615 0.428218 0.351648 0.054455
2 0.247253 0.547030 0.076923 0.103960
4 0.247253 0.735149 0.076923 0.103960
14 0.613553 0.101485 0.076923 0.103960
7 0.613553 0.279703 0.076923 0.103960
33 0.600733 0.423267 0.051282 0.074257
8 0.613553 0.547030 0.076923 0.103960
6 0.613553 0.675743 0.076923 0.103960
28 0.598901 0.861386 0.047619 0.069307
24 0.688645 0.064356 0.043956 0.059406
3 0.705128 0.190594 0.076923 0.103960
1 0.705128 0.349010 0.076923 0.103960
19 0.695971 0.509901 0.058608 0.059406
22 0.690476 0.655941 0.047619 0.054455
12 0.705128 0.789604 0.076923 0.103960
15 0.793040 0.064356 0.069597 0.069307
29 0.783883 0.178218 0.051282 0.079208
32 0.871795 0.339109 0.227106 0.044554
0 0.796703 0.487624 0.076923 0.103960
30 0.789377 0.631188 0.062271 0.084158
18 0.787546 0.789604 0.058608 0.074257