18 0.030075 0.069712 0.060150 0.072115
2 0.039474 0.204327 0.078947 0.100962
12 0.039474 0.338942 0.078947 0.100962
11 0.039474 0.473558 0.078947 0.100962
34 0.022556 0.591346 0.045113 0.067308
14 0.039474 0.699519 0.078947 0.100962
10 0.133459 0.084135 0.078947 0.100962
16 0.118421 0.201923 0.048872 0.057692
31 0.146617 0.329327 0.105263 0.043269
25 0.274436 0.449519 0.360902 0.052885
6 0.133459 0.603365 0.078947 0.100962
0 0.133459 0.733173 0.078947 0.100962
26 0.496241 0.088942 0.052632 0.072115
9 0.509398 0.223558 0.078947 0.100962
15 0.505639 0.375000 0.071429 0.067308
7 0.509398 0.526442 0.078947 0.100962
22 0.494361 0.656250 0.048872 0.052885
13 0.509398 0.790865 0.078947 0.100962
1 0.603383 0.122596 0.078947 0.100962
3 0.603383 0.319712 0.078947 0.100962
5 0.603383 0.512019 0.078947 0.100962
20 0.595865 0.663462 0.063910 0.067308
24 0.586466 0.750000 0.045113 0.057692
19 0.593985 0.879808 0.060150 0.057692
29 0.684211 0.081731 0.052632 0.076923
30 0.689850 0.252404 0.063910 0.081731
27 0.680451 0.365385 0.045113 0.057692
8 0.697368 0.478365 0.078947 0.100962
33 0.684211 0.593750 0.052632 0.072115
35 0.686090 0.687500 0.056391 0.057692
32 0.868421 0.050481 0.233083 0.043269
4 0.791353 0.165865 0.078947 0.100962
17 0.783835 0.312500 0.063910 0.067308
21 0.774436 0.442308 0.045113 0.057692
28 0.776316 0.600962 0.048872 0.067308
23 0.780075 0.747596 0.056391 0.062500