12 0.039474 0.086634 0.078947 0.103960
5 0.039474 0.289604 0.078947 0.103960
0 0.039474 0.482673 0.078947 0.103960
16 0.024436 0.648515 0.048872 0.059406
28 0.024436 0.757426 0.048872 0.069307
17 0.031955 0.886139 0.063910 0.069307
33 0.120301 0.061881 0.052632 0.074257
23 0.122180 0.190594 0.056391 0.064356
11 0.133459 0.339109 0.078947 0.103960
13 0.133459 0.487624 0.078947 0.103960
10 0.133459 0.690594 0.078947 0.103960
35 0.122180 0.841584 0.056391 0.059406
26 0.214286 0.071782 0.052632 0.074257
30 0.219925 0.200495 0.063910 0.084158
3 0.227444 0.383663 0.078947 0.103960
19 0.218045 0.534653 0.060150 0.059406
7 0.227444 0.655941 0.078947 0.103960
32 0.304511 0.814356 0.233083 0.044554
25 0.616541 0.066832 0.360902 0.054455
1 0.475564 0.215347 0.078947 0.103960
15 0.471805 0.356436 0.071429 0.069307
29 0.462406 0.519802 0.052632 0.079208
31 0.488722 0.650990 0.105263 0.044554
24 0.458647 0.757426 0.045113 0.059406
34 0.834586 0.108911 0.045113 0.069307
14 0.851504 0.259901 0.078947 0.103960
20 0.843985 0.420792 0.063910 0.069307
2 0.851504 0.547030 0.078947 0.103960
4 0.851504 0.700495 0.078947 0.103960
21 0.834586 0.811881 0.045113 0.059406
9 0.945489 0.126238 0.078947 0.103960
22 0.930451 0.279703 0.048872 0.054455
8 0.945489 0.393564 0.078947 0.103960
27 0.928571 0.549505 0.045113 0.059406
18 0.936090 0.705446 0.060150 0.074257
6 0.945489 0.868812 0.078947 0.103960