4 0.039474 0.104061 0.078947 0.106599
0 0.039474 0.236041 0.078947 0.106599
21 0.022556 0.380711 0.045113 0.060914
26 0.026316 0.540609 0.052632 0.076142
15 0.035714 0.675127 0.071429 0.071066
23 0.028195 0.779188 0.056391 0.065990
20 0.125940 0.101523 0.063910 0.071066
27 0.116541 0.213198 0.045113 0.060914
5 0.133459 0.352792 0.078947 0.106599
22 0.118421 0.515228 0.048872 0.055838
9 0.133459 0.642132 0.078947 0.106599
14 0.133459 0.779188 0.078947 0.106599
16 0.212406 0.076142 0.048872 0.060914
8 0.227444 0.246193 0.078947 0.106599
32 0.304511 0.398477 0.233083 0.045685
13 0.227444 0.555838 0.078947 0.106599
11 0.227444 0.743655 0.078947 0.106599
18 0.218045 0.936548 0.060150 0.076142
3 0.475564 0.098985 0.078947 0.106599
6 0.475564 0.302030 0.078947 0.106599
17 0.468045 0.431472 0.063910 0.071066
30 0.468045 0.550761 0.063910 0.086294
28 0.460526 0.690355 0.048872 0.071066
29 0.462406 0.862944 0.052632 0.081218
2 0.569549 0.104061 0.078947 0.106599
7 0.569549 0.307107 0.078947 0.106599
33 0.556391 0.454315 0.052632 0.076142
34 0.552632 0.619289 0.045113 0.071066
19 0.560150 0.725888 0.060150 0.060914
24 0.552632 0.878173 0.045113 0.060914
1 0.663534 0.119289 0.078947 0.106599
31 0.676692 0.271574 0.105263 0.045685
25 0.804511 0.347716 0.360902 0.055838
10 0.663534 0.459391 0.078947 0.106599
35 0.652256 0.624365 0.056391 0.060914
12 0.663534 0.748731 0.078947 0.106599