14 0.040230 0.114796 0.080460 0.107143
7 0.040230 0.303571 0.080460 0.107143
12 0.040230 0.471939 0.080460 0.107143
3 0.040230 0.650510 0.080460 0.107143
28 0.024904 0.821429 0.049808 0.071429
25 0.183908 0.931122 0.367816 0.056122
8 0.423372 0.114796 0.080460 0.107143
30 0.415709 0.252551 0.065134 0.086735
27 0.406130 0.362245 0.045977 0.061224
31 0.436782 0.507653 0.107280 0.045918
0 0.423372 0.681122 0.080460 0.107143
32 0.501916 0.829082 0.237548 0.045918
11 0.676245 0.084184 0.080460 0.107143
6 0.676245 0.288265 0.080460 0.107143
21 0.659004 0.433673 0.045977 0.061224
26 0.662835 0.543367 0.053640 0.076531
17 0.668582 0.663265 0.065134 0.071429
9 0.676245 0.854592 0.080460 0.107143
23 0.760536 0.094388 0.057471 0.066327
16 0.756705 0.239796 0.049808 0.061224
20 0.764368 0.346939 0.065134 0.071429
4 0.772031 0.533163 0.080460 0.107143
1 0.772031 0.696429 0.080460 0.107143
33 0.758621 0.813776 0.053640 0.076531
35 0.856322 0.096939 0.057471 0.061224
29 0.854406 0.204082 0.053640 0.081633
34 0.850575 0.357143 0.045977 0.071429
24 0.850575 0.510204 0.045977 0.061224
18 0.858238 0.635204 0.061303 0.076531
22 0.852490 0.737245 0.049808 0.056122
10 0.944444 0.084184 0.080460 0.107143
2 0.944444 0.262755 0.080460 0.107143
5 0.944444 0.461735 0.080460 0.107143
13 0.944444 0.665816 0.080460 0.107143
15 0.940613 0.780612 0.072797 0.071429
19 0.934866 0.887755 0.061303 0.061224