28 0.024436 0.075000 0.048872 0.070000
2 0.039474 0.227500 0.078947 0.105000
14 0.039474 0.367500 0.078947 0.105000
34 0.022556 0.550000 0.045113 0.070000
15 0.035714 0.710000 0.071429 0.070000
0 0.039474 0.832500 0.078947 0.105000
30 0.125940 0.072500 0.063910 0.085000
5 0.133459 0.217500 0.078947 0.105000
19 0.124060 0.365000 0.060150 0.060000
27 0.116541 0.475000 0.045113 0.060000
35 0.122180 0.575000 0.056391 0.060000
18 0.124060 0.697500 0.060150 0.075000
24 0.210526 0.075000 0.045113 0.060000
8 0.227444 0.252500 0.078947 0.105000
23 0.216165 0.402500 0.056391 0.065000
20 0.219925 0.515000 0.063910 0.070000
3 0.227444 0.682500 0.078947 0.105000
26 0.214286 0.817500 0.052632 0.075000
25 0.462406 0.052500 0.360902 0.055000
13 0.321429 0.227500 0.078947 0.105000
1 0.321429 0.392500 0.078947 0.105000
12 0.321429 0.567500 0.078947 0.105000
16 0.306391 0.730000 0.048872 0.060000
9 0.321429 0.897500 0.078947 0.105000
22 0.682331 0.082500 0.048872 0.055000
31 0.710526 0.157500 0.105263 0.045000
32 0.774436 0.242500 0.233083 0.045000
11 0.697368 0.392500 0.078947 0.105000
17 0.689850 0.530000 0.063910 0.070000
29 0.684211 0.630000 0.052632 0.080000
10 0.945489 0.097500 0.078947 0.105000
6 0.945489 0.262500 0.078947 0.105000
33 0.932331 0.407500 0.052632 0.075000
21 0.928571 0.510000 0.045113 0.060000
7 0.945489 0.632500 0.078947 0.105000
4 0.945489 0.817500 0.078947 0.105000