1 0.038462 0.095588 0.076923 0.102941
18 0.029304 0.276961 0.058608 0.073529
16 0.023810 0.441176 0.047619 0.058824
7 0.038462 0.566176 0.076923 0.102941
20 0.031136 0.715686 0.062271 0.068627
25 0.175824 0.811275 0.351648 0.053922
33 0.391941 0.061275 0.051282 0.073529
24 0.388278 0.156863 0.043956 0.058824
30 0.397436 0.291667 0.062271 0.083333
28 0.390110 0.465686 0.047619 0.068627
22 0.390110 0.590686 0.047619 0.053922
13 0.404762 0.703431 0.076923 0.102941
3 0.496337 0.105392 0.076923 0.102941
0 0.496337 0.252451 0.076923 0.102941
35 0.485348 0.357843 0.054945 0.058824
4 0.496337 0.497549 0.076923 0.102941
23 0.485348 0.659314 0.054945 0.063725
8 0.496337 0.767157 0.076923 0.102941
11 0.587912 0.100490 0.076923 0.102941
14 0.587912 0.272059 0.076923 0.102941
31 0.600733 0.409314 0.102564 0.044118
29 0.575092 0.534314 0.051282 0.078431
21 0.571429 0.632353 0.043956 0.058824
6 0.587912 0.757353 0.076923 0.102941
19 0.695971 0.073529 0.058608 0.058824
32 0.780220 0.203431 0.227106 0.044118
5 0.705128 0.306373 0.076923 0.102941
27 0.688645 0.411765 0.043956 0.058824
15 0.701465 0.573529 0.069597 0.068627
2 0.705128 0.698529 0.076923 0.102941
12 0.946886 0.095588 0.076923 0.102941
17 0.939560 0.235294 0.062271 0.068627
10 0.946886 0.414216 0.076923 0.102941
34 0.930403 0.578431 0.043956 0.068627
9 0.946886 0.757353 0.076923 0.102941
26 0.934066 0.914216 0.051282 0.073529