21 0.022556 0.082927 0.045113 0.058537
10 0.039474 0.187805 0.078947 0.102439
3 0.039474 0.353659 0.078947 0.102439
22 0.024436 0.470732 0.048872 0.053659
35 0.028195 0.600000 0.056391 0.058537
19 0.030075 0.687805 0.060150 0.058537
7 0.133459 0.100000 0.078947 0.102439
15 0.129699 0.268293 0.071429 0.068293
0 0.133459 0.426829 0.078947 0.102439
18 0.124060 0.553659 0.060150 0.073171
34 0.116541 0.717073 0.045113 0.068293
25 0.274436 0.875610 0.360902 0.053659
33 0.496241 0.075610 0.052632 0.073171
14 0.509398 0.212195 0.078947 0.102439
5 0.509398 0.382927 0.078947 0.102439
1 0.509398 0.534146 0.078947 0.102439
30 0.501880 0.719512 0.063910 0.082927
9 0.509398 0.870732 0.078947 0.102439
28 0.588346 0.058537 0.048872 0.068293
26 0.590226 0.158537 0.052632 0.073171
16 0.588346 0.263415 0.048872 0.058537
20 0.595865 0.414634 0.063910 0.068293
2 0.603383 0.553659 0.078947 0.102439
13 0.603383 0.724390 0.078947 0.102439
32 0.774436 0.090244 0.233083 0.043902
24 0.680451 0.200000 0.045113 0.058537
29 0.684211 0.356098 0.052632 0.078049
31 0.710526 0.504878 0.105263 0.043902
17 0.689850 0.634146 0.063910 0.068293
23 0.686090 0.773171 0.056391 0.063415
12 0.945489 0.085366 0.078947 0.102439
8 0.945489 0.246341 0.078947 0.102439
11 0.945489 0.397561 0.078947 0.102439
4 0.945489 0.534146 0.078947 0.102439
27 0.928571 0.697561 0.045113 0.058537
6 0.945489 0.846341 0.078947 0.102439