5 0.038462 0.065957 0.076923 0.089362
0 0.038462 0.231915 0.076923 0.089362
24 0.021978 0.370213 0.043956 0.051064
10 0.038462 0.500000 0.076923 0.089362
21 0.021978 0.651064 0.043956 0.051064
9 0.038462 0.768085 0.076923 0.089362
13 0.130037 0.070213 0.076923 0.089362
8 0.130037 0.219149 0.076923 0.089362
11 0.130037 0.329787 0.076923 0.089362
16 0.115385 0.434043 0.047619 0.051064
35 0.119048 0.527660 0.054945 0.051064
19 0.120879 0.642553 0.058608 0.051064
17 0.214286 0.068085 0.062271 0.059574
29 0.208791 0.182979 0.051282 0.068085
20 0.214286 0.310638 0.062271 0.059574
30 0.214286 0.414894 0.062271 0.072340
28 0.206960 0.553191 0.047619 0.059574
4 0.221612 0.653191 0.076923 0.089362
6 0.313187 0.078723 0.076923 0.089362
27 0.296703 0.234043 0.043956 0.051064
33 0.300366 0.368085 0.051282 0.063830
26 0.300366 0.470213 0.051282 0.063830
31 0.326007 0.606383 0.102564 0.038298
23 0.302198 0.725532 0.054945 0.055319
2 0.430403 0.104255 0.076923 0.089362
12 0.430403 0.274468 0.076923 0.089362
25 0.567766 0.406383 0.351648 0.046809
7 0.430403 0.538298 0.076923 0.089362
3 0.430403 0.708511 0.076923 0.089362
1 0.430403 0.878723 0.076923 0.089362
15 0.793040 0.089362 0.069597 0.059574
32 0.871795 0.172340 0.227106 0.038298
34 0.780220 0.280851 0.043956 0.059574
14 0.796703 0.402128 0.076923 0.089362
22 0.782051 0.534043 0.047619 0.046809
18 0.787546 0.665957 0.058608 0.063830