25 0.175824 0.101990 0.351648 0.054726
9 0.038462 0.246269 0.076923 0.104478
17 0.031136 0.432836 0.062271 0.069652
3 0.038462 0.574627 0.076923 0.104478
4 0.038462 0.758706 0.076923 0.104478
24 0.021978 0.875622 0.043956 0.059701
30 0.397436 0.101990 0.062271 0.084577
8 0.404762 0.266169 0.076923 0.104478
7 0.404762 0.405473 0.076923 0.104478
2 0.404762 0.539801 0.076923 0.104478
29 0.391941 0.691542 0.051282 0.079602
20 0.397436 0.850746 0.062271 0.069652
13 0.496337 0.092040 0.076923 0.104478
14 0.496337 0.276119 0.076923 0.104478
22 0.481685 0.385572 0.047619 0.054726
32 0.571429 0.534826 0.227106 0.044776
18 0.487179 0.674129 0.058608 0.074627
10 0.496337 0.863184 0.076923 0.104478
6 0.738095 0.116915 0.076923 0.104478
15 0.734432 0.258706 0.069597 0.069652
21 0.721612 0.412935 0.043956 0.059701
31 0.750916 0.509950 0.102564 0.044776
28 0.723443 0.661692 0.047619 0.069652
0 0.738095 0.828358 0.076923 0.104478
11 0.855311 0.087065 0.076923 0.104478
33 0.842491 0.241294 0.051282 0.074627
16 0.840659 0.333333 0.047619 0.059701
5 0.855311 0.495025 0.076923 0.104478
34 0.838828 0.676617 0.043956 0.069652
12 0.855311 0.843284 0.076923 0.104478
23 0.935897 0.106965 0.054945 0.064677
35 0.935897 0.258706 0.054945 0.059701
1 0.946886 0.375622 0.076923 0.104478
19 0.937729 0.487562 0.058608 0.059701
27 0.930403 0.611940 0.043956 0.059701
26 0.934066 0.743781 0.051282 0.074627