25 0.175824 0.059242 0.351648 0.052133
11 0.038462 0.158768 0.076923 0.099526
23 0.027473 0.272512 0.054945 0.061611
34 0.021978 0.374408 0.043956 0.066351
6 0.038462 0.552133 0.076923 0.099526
22 0.023810 0.680095 0.047619 0.052133
13 0.404762 0.082938 0.076923 0.099526
4 0.404762 0.263033 0.076923 0.099526
1 0.404762 0.419431 0.076923 0.099526
26 0.391941 0.599526 0.051282 0.071090
27 0.388278 0.687204 0.043956 0.056872
0 0.404762 0.855450 0.076923 0.099526
31 0.509158 0.087678 0.102564 0.042654
15 0.492674 0.184834 0.069597 0.066351
28 0.481685 0.293839 0.047619 0.066351
5 0.496337 0.447867 0.076923 0.099526
24 0.479853 0.578199 0.043956 0.056872
33 0.483516 0.680095 0.051282 0.071090
30 0.606227 0.092417 0.062271 0.080569
16 0.598901 0.246445 0.047619 0.056872
7 0.613553 0.419431 0.076923 0.099526
21 0.597070 0.521327 0.043956 0.056872
32 0.688645 0.656398 0.227106 0.042654
17 0.606227 0.800948 0.062271 0.066351
10 0.855311 0.116114 0.076923 0.099526
12 0.855311 0.263033 0.076923 0.099526
18 0.846154 0.390995 0.058608 0.071090
35 0.844322 0.483412 0.054945 0.056872
3 0.855311 0.627962 0.076923 0.099526
2 0.855311 0.755924 0.076923 0.099526
9 0.946886 0.106635 0.076923 0.099526
8 0.946886 0.281991 0.076923 0.099526
20 0.939560 0.426540 0.062271 0.066351
29 0.934066 0.530806 0.051282 0.075829
14 0.946886 0.708531 0.076923 0.099526
19 0.937729 0.848341 0.058608 0.056872