23 0.027473 0.087264 0.054945 0.061321
3 0.038462 0.214623 0.076923 0.099057
22 0.023810 0.346698 0.047619 0.051887
34 0.021978 0.481132 0.043956 0.066038
28 0.023810 0.613208 0.047619 0.066038
26 0.025641 0.747642 0.051282 0.070755
32 0.205128 0.058962 0.227106 0.042453
33 0.117216 0.167453 0.051282 0.070755
24 0.113553 0.278302 0.043956 0.056604
0 0.130037 0.398585 0.076923 0.099057
15 0.126374 0.566038 0.069597 0.066038
12 0.130037 0.695755 0.076923 0.099057
29 0.358974 0.061321 0.051282 0.075472
19 0.362637 0.179245 0.058608 0.056604
8 0.371795 0.323113 0.076923 0.099057
1 0.371795 0.488208 0.076923 0.099057
25 0.509158 0.596698 0.351648 0.051887
11 0.371795 0.761792 0.076923 0.099057
27 0.721612 0.094340 0.043956 0.056604
17 0.730769 0.188679 0.062271 0.066038
2 0.738095 0.356132 0.076923 0.099057
31 0.750916 0.464623 0.102564 0.042453
16 0.723443 0.537736 0.047619 0.056604
14 0.738095 0.643868 0.076923 0.099057
13 0.855311 0.110849 0.076923 0.099057
20 0.847985 0.264151 0.062271 0.066038
10 0.855311 0.441038 0.076923 0.099057
18 0.846154 0.549528 0.058608 0.070755
7 0.855311 0.681604 0.076923 0.099057
35 0.844322 0.811321 0.054945 0.056604
4 0.946886 0.115566 0.076923 0.099057
30 0.939560 0.266509 0.062271 0.080189
21 0.930403 0.410377 0.043956 0.056604
6 0.946886 0.544811 0.076923 0.099057
9 0.946886 0.733491 0.076923 0.099057
5 0.946886 0.912736 0.076923 0.099057