23 0.027473 0.091584 0.054945 0.064356
20 0.031136 0.252475 0.062271 0.069307
12 0.038462 0.438119 0.076923 0.103960
24 0.021978 0.564356 0.043956 0.059406
27 0.021978 0.678218 0.043956 0.059406
28 0.023810 0.797030 0.047619 0.069307
7 0.130037 0.096535 0.076923 0.103960
29 0.117216 0.217822 0.051282 0.079208
21 0.113553 0.321782 0.043956 0.059406
32 0.205128 0.413366 0.227106 0.044554
30 0.122711 0.561881 0.062271 0.084158
34 0.113553 0.673267 0.043956 0.069307
33 0.358974 0.111386 0.051282 0.074257
1 0.371795 0.279703 0.076923 0.103960
26 0.358974 0.457921 0.051282 0.074257
13 0.371795 0.621287 0.076923 0.103960
17 0.364469 0.742574 0.062271 0.069307
31 0.384615 0.849010 0.102564 0.044554
22 0.474359 0.091584 0.047619 0.054455
2 0.489011 0.269802 0.076923 0.103960
35 0.478022 0.450495 0.054945 0.059406
3 0.489011 0.561881 0.076923 0.103960
16 0.474359 0.707921 0.047619 0.059406
0 0.489011 0.868812 0.076923 0.103960
6 0.580586 0.111386 0.076923 0.103960
8 0.580586 0.254950 0.076923 0.103960
5 0.580586 0.403465 0.076923 0.103960
19 0.571429 0.584158 0.058608 0.059406
14 0.580586 0.690594 0.076923 0.103960
15 0.576923 0.851485 0.069597 0.069307
9 0.672161 0.086634 0.076923 0.103960
25 0.809524 0.215347 0.351648 0.054455
4 0.672161 0.373762 0.076923 0.103960
11 0.672161 0.561881 0.076923 0.103960
10 0.672161 0.750000 0.076923 0.103960
18 0.663004 0.913366 0.058608 0.074257