16 0.024436 0.059701 0.048872 0.059701
8 0.039474 0.211443 0.078947 0.104478
23 0.028195 0.370647 0.056391 0.064677
22 0.024436 0.495025 0.048872 0.054726
26 0.026316 0.619403 0.052632 0.074627
11 0.039474 0.798507 0.078947 0.104478
7 0.133459 0.116915 0.078947 0.104478
15 0.129699 0.228856 0.071429 0.069652
17 0.125940 0.333333 0.063910 0.069652
9 0.133459 0.470149 0.078947 0.104478
32 0.210526 0.624378 0.233083 0.044776
30 0.125940 0.778607 0.063910 0.084577
2 0.381579 0.082090 0.078947 0.104478
0 0.381579 0.251244 0.078947 0.104478
21 0.364662 0.373134 0.045113 0.059701
6 0.381579 0.480100 0.078947 0.104478
18 0.372180 0.599502 0.060150 0.074627
10 0.381579 0.758706 0.078947 0.104478
3 0.475564 0.077114 0.078947 0.104478
12 0.475564 0.271144 0.078947 0.104478
35 0.464286 0.417910 0.056391 0.059701
25 0.616541 0.544776 0.360902 0.054726
4 0.475564 0.703980 0.078947 0.104478
31 0.488722 0.848259 0.105263 0.044776
1 0.851504 0.101990 0.078947 0.104478
19 0.842105 0.273632 0.060150 0.059701
34 0.834586 0.398010 0.045113 0.069652
14 0.851504 0.549751 0.078947 0.104478
13 0.851504 0.748756 0.078947 0.104478
24 0.834586 0.875622 0.045113 0.059701
27 0.928571 0.089552 0.045113 0.059701
33 0.932331 0.221393 0.052632 0.074627
5 0.945489 0.380597 0.078947 0.104478
28 0.930451 0.527363 0.048872 0.069652
20 0.937970 0.666667 0.063910 0.069652
29 0.932331 0.805970 0.052632 0.079602