28 0.023810 0.072115 0.047619 0.067308
27 0.021978 0.197115 0.043956 0.057692
20 0.031136 0.322115 0.062271 0.067308
5 0.038462 0.449519 0.076923 0.100962
21 0.021978 0.581731 0.043956 0.057692
14 0.038462 0.728365 0.076923 0.100962
35 0.119048 0.100962 0.054945 0.057692
26 0.117216 0.213942 0.051282 0.072115
24 0.113553 0.307692 0.043956 0.057692
22 0.115385 0.459135 0.047619 0.052885
10 0.130037 0.612981 0.076923 0.100962
8 0.130037 0.805288 0.076923 0.100962
11 0.221612 0.122596 0.076923 0.100962
32 0.296703 0.228365 0.227106 0.043269
34 0.205128 0.370192 0.043956 0.067308
33 0.208791 0.473558 0.051282 0.072115
6 0.221612 0.584135 0.076923 0.100962
4 0.221612 0.723558 0.076923 0.100962
2 0.463370 0.093750 0.076923 0.100962
29 0.450549 0.221154 0.051282 0.076923
31 0.476190 0.348558 0.102564 0.043269
12 0.463370 0.512019 0.076923 0.100962
15 0.459707 0.625000 0.069597 0.067308
18 0.454212 0.781250 0.058608 0.072115
19 0.571429 0.100962 0.058608 0.057692
13 0.580586 0.237981 0.076923 0.100962
16 0.565934 0.375000 0.047619 0.057692
0 0.580586 0.531250 0.076923 0.100962
23 0.569597 0.675481 0.054945 0.062500
1 0.580586 0.781250 0.076923 0.100962
9 0.672161 0.108173 0.076923 0.100962
3 0.672161 0.300481 0.076923 0.100962
25 0.809524 0.449519 0.351648 0.052885
17 0.664835 0.605769 0.062271 0.067308
7 0.672161 0.786058 0.076923 0.100962
30 0.664835 0.911058 0.062271 0.081731