21 0.025862 0.104712 0.051724 0.062827
12 0.045259 0.248691 0.090517 0.109948
4 0.045259 0.416230 0.090517 0.109948
30 0.036638 0.562827 0.073276 0.089005
3 0.045259 0.688482 0.090517 0.109948
28 0.028017 0.879581 0.056034 0.073298
10 0.153017 0.123037 0.090517 0.109948
23 0.140086 0.285340 0.064655 0.068063
17 0.144397 0.439791 0.073276 0.073298
33 0.137931 0.589005 0.060345 0.078534
35 0.140086 0.706806 0.064655 0.062827
11 0.153017 0.850785 0.090517 0.109948
20 0.252155 0.062827 0.073276 0.073298
16 0.243534 0.193717 0.056034 0.062827
19 0.250000 0.356021 0.068966 0.062827
6 0.260776 0.494764 0.090517 0.109948
1 0.260776 0.672775 0.090517 0.109948
14 0.260776 0.808901 0.090517 0.109948
22 0.351293 0.081152 0.056034 0.057592
18 0.357759 0.185864 0.068966 0.078534
7 0.368534 0.363874 0.090517 0.109948
34 0.349138 0.534031 0.051724 0.073298
2 0.368534 0.698953 0.090517 0.109948
27 0.349138 0.842932 0.051724 0.062827
8 0.476293 0.081152 0.090517 0.109948
13 0.476293 0.248691 0.090517 0.109948
25 0.637931 0.405759 0.413793 0.057592
32 0.564655 0.547120 0.267241 0.047120
29 0.461207 0.675393 0.060345 0.083770
0 0.476293 0.819372 0.090517 0.109948
5 0.907328 0.128272 0.090517 0.109948
24 0.887931 0.303665 0.051724 0.062827
31 0.922414 0.447644 0.120690 0.047120
9 0.907328 0.589005 0.090517 0.109948
15 0.903017 0.759162 0.081897 0.073298
26 0.892241 0.903141 0.060345 0.078534