4 0.038462 0.081683 0.076923 0.103960
8 0.038462 0.264851 0.076923 0.103960
24 0.021978 0.391089 0.043956 0.059406
6 0.038462 0.561881 0.076923 0.103960
26 0.025641 0.700495 0.051282 0.074257
5 0.038462 0.863861 0.076923 0.103960
25 0.267399 0.066832 0.351648 0.054455
0 0.130037 0.170792 0.076923 0.103960
11 0.130037 0.373762 0.076923 0.103960
20 0.122711 0.485149 0.062271 0.069307
28 0.115385 0.638614 0.047619 0.069307
18 0.120879 0.750000 0.058608 0.074257
3 0.496337 0.086634 0.076923 0.103960
15 0.492674 0.202970 0.069597 0.069307
2 0.496337 0.358911 0.076923 0.103960
21 0.479853 0.529703 0.043956 0.059406
13 0.496337 0.690594 0.076923 0.103960
12 0.496337 0.858911 0.076923 0.103960
31 0.600733 0.081683 0.102564 0.044554
17 0.580586 0.227723 0.062271 0.069307
10 0.587912 0.403465 0.076923 0.103960
23 0.576923 0.576733 0.054945 0.064356
7 0.587912 0.705446 0.076923 0.103960
27 0.571429 0.846535 0.043956 0.059406
29 0.692308 0.094059 0.051282 0.079208
16 0.690476 0.237624 0.047619 0.059406
34 0.688645 0.336634 0.043956 0.069307
19 0.695971 0.430693 0.058608 0.059406
33 0.692308 0.561881 0.051282 0.074257
1 0.705128 0.750000 0.076923 0.103960
30 0.789377 0.071782 0.062271 0.084158
32 0.871795 0.170792 0.227106 0.044554
9 0.796703 0.269802 0.076923 0.103960
22 0.782051 0.393564 0.047619 0.054455
35 0.785714 0.544554 0.054945 0.059406
14 0.796703 0.720297 0.076923 0.103960