3 0.045259 0.109694 0.090517 0.107143
35 0.032328 0.229592 0.064655 0.061224
14 0.045259 0.339286 0.090517 0.107143
16 0.028017 0.489796 0.056034 0.061224
26 0.030172 0.655612 0.060345 0.076531
21 0.025862 0.801020 0.051724 0.061224
11 0.153017 0.119898 0.090517 0.107143
28 0.135776 0.244898 0.056034 0.071429
19 0.142241 0.403061 0.068966 0.061224
17 0.144397 0.556122 0.073276 0.071429
18 0.142241 0.727041 0.068966 0.076531
6 0.153017 0.890306 0.090517 0.107143
13 0.260776 0.109694 0.090517 0.107143
1 0.260776 0.247449 0.090517 0.107143
33 0.245690 0.431122 0.060345 0.076531
15 0.256466 0.596939 0.081897 0.071429
20 0.252155 0.714286 0.073276 0.071429
9 0.260776 0.890306 0.090517 0.107143
30 0.359914 0.119898 0.073276 0.086735
2 0.368534 0.278061 0.090517 0.107143
8 0.368534 0.446429 0.090517 0.107143
7 0.368534 0.630102 0.090517 0.107143
24 0.349138 0.744898 0.051724 0.061224
4 0.368534 0.890306 0.090517 0.107143
32 0.564655 0.094388 0.267241 0.045918
10 0.476293 0.211735 0.090517 0.107143
34 0.456897 0.397959 0.051724 0.071429
12 0.476293 0.584184 0.090517 0.107143
23 0.463362 0.742347 0.064655 0.066327
25 0.637931 0.834184 0.413793 0.056122
29 0.892241 0.081633 0.060345 0.081633
31 0.922414 0.221939 0.120690 0.045918
0 0.907328 0.380102 0.090517 0.107143
27 0.887931 0.545918 0.051724 0.061224
5 0.907328 0.655612 0.090517 0.107143
22 0.890086 0.823980 0.056034 0.056122