4 0.038462 0.086842 0.076923 0.110526
30 0.031136 0.286842 0.062271 0.089474
20 0.031136 0.405263 0.062271 0.073684
9 0.038462 0.560526 0.076923 0.110526
31 0.051282 0.676316 0.102564 0.047368
29 0.025641 0.831579 0.051282 0.084211
15 0.152015 0.063158 0.069597 0.073684
2 0.155678 0.228947 0.076923 0.110526
24 0.139194 0.389474 0.043956 0.063158
10 0.155678 0.534211 0.076923 0.110526
8 0.155678 0.728947 0.076923 0.110526
35 0.144689 0.878947 0.054945 0.063158
25 0.384615 0.107895 0.351648 0.057895
26 0.234432 0.213158 0.051282 0.078947
13 0.247253 0.360526 0.076923 0.110526
14 0.247253 0.544737 0.076923 0.110526
12 0.247253 0.686842 0.076923 0.110526
7 0.247253 0.897368 0.076923 0.110526
22 0.598901 0.086842 0.047619 0.057895
5 0.613553 0.207895 0.076923 0.110526
0 0.613553 0.344737 0.076923 0.110526
33 0.600733 0.539474 0.051282 0.078947
1 0.613553 0.660526 0.076923 0.110526
16 0.598901 0.815789 0.047619 0.063158
3 0.705128 0.081579 0.076923 0.110526
23 0.694139 0.218421 0.054945 0.068421
34 0.688645 0.363158 0.043956 0.073684
21 0.688645 0.494737 0.043956 0.063158
17 0.697802 0.621053 0.062271 0.073684
28 0.690476 0.778947 0.047619 0.073684
32 0.871795 0.097368 0.227106 0.047368
27 0.780220 0.205263 0.043956 0.063158
11 0.796703 0.381579 0.076923 0.110526
18 0.787546 0.565789 0.058608 0.078947
6 0.796703 0.750000 0.076923 0.110526
19 0.787546 0.921053 0.058608 0.063158