26 0.025641 0.073113 0.051282 0.070755
3 0.038462 0.200472 0.076923 0.099057
20 0.031136 0.330189 0.062271 0.066038
10 0.038462 0.507075 0.076923 0.099057
22 0.023810 0.676887 0.047619 0.051887
17 0.031136 0.759434 0.062271 0.066038
6 0.130037 0.087264 0.076923 0.099057
0 0.130037 0.266509 0.076923 0.099057
24 0.113553 0.377358 0.043956 0.056604
12 0.130037 0.525943 0.076923 0.099057
29 0.117216 0.674528 0.051282 0.075472
25 0.267399 0.761792 0.351648 0.051887
23 0.485348 0.082547 0.054945 0.061321
32 0.571429 0.195755 0.227106 0.042453
27 0.479853 0.311321 0.043956 0.056604
19 0.487179 0.433962 0.058608 0.056604
33 0.483516 0.535377 0.051282 0.070755
35 0.485348 0.688679 0.054945 0.056604
34 0.721612 0.094340 0.043956 0.066038
8 0.738095 0.214623 0.076923 0.099057
14 0.738095 0.384434 0.076923 0.099057
21 0.721612 0.542453 0.043956 0.056604
28 0.723443 0.655660 0.047619 0.066038
31 0.750916 0.747642 0.102564 0.042453
9 0.855311 0.082547 0.076923 0.099057
18 0.846154 0.257075 0.058608 0.070755
11 0.855311 0.426887 0.076923 0.099057
2 0.855311 0.591981 0.076923 0.099057
7 0.855311 0.738208 0.076923 0.099057
1 0.855311 0.903302 0.076923 0.099057
15 0.943223 0.070755 0.069597 0.066038
30 0.939560 0.209906 0.062271 0.080189
16 0.932234 0.353774 0.047619 0.056604
4 0.946886 0.502358 0.076923 0.099057
5 0.946886 0.658019 0.076923 0.099057
13 0.946886 0.780660 0.076923 0.099057