18 0.030075 0.082915 0.060150 0.075377
27 0.022556 0.216080 0.045113 0.060302
14 0.039474 0.394472 0.078947 0.105528
28 0.024436 0.582915 0.048872 0.070352
20 0.031955 0.748744 0.063910 0.070352
30 0.031955 0.851759 0.063910 0.085427
9 0.133459 0.128141 0.078947 0.105528
17 0.125940 0.261307 0.063910 0.070352
12 0.133459 0.444724 0.078947 0.105528
32 0.210526 0.585427 0.233083 0.045226
21 0.116541 0.733668 0.045113 0.060302
22 0.118421 0.886935 0.048872 0.055276
26 0.368421 0.087940 0.052632 0.075377
33 0.368421 0.188442 0.052632 0.075377
13 0.381579 0.364322 0.078947 0.105528
1 0.381579 0.555276 0.078947 0.105528
5 0.381579 0.690955 0.078947 0.105528
16 0.366541 0.869347 0.048872 0.060302
6 0.475564 0.108040 0.078947 0.105528
10 0.475564 0.253769 0.078947 0.105528
15 0.471805 0.391960 0.071429 0.070352
2 0.475564 0.510050 0.078947 0.105528
3 0.475564 0.665829 0.078947 0.105528
7 0.475564 0.856784 0.078947 0.105528
4 0.569549 0.082915 0.078947 0.105528
0 0.569549 0.268844 0.078947 0.105528
19 0.560150 0.417085 0.060150 0.060302
35 0.558271 0.542714 0.056391 0.060302
34 0.552632 0.653266 0.045113 0.070352
8 0.569549 0.806533 0.078947 0.105528
11 0.663534 0.103015 0.078947 0.105528
23 0.652256 0.278894 0.056391 0.065327
24 0.646617 0.402010 0.045113 0.060302
25 0.804511 0.520101 0.360902 0.055276
29 0.650376 0.648241 0.052632 0.080402
31 0.676692 0.806533 0.105263 0.045226