3 0.046460 0.078283 0.092920 0.106061
30 0.037611 0.234848 0.075221 0.085859
25 0.212389 0.391414 0.424779 0.055556
5 0.046460 0.522727 0.092920 0.106061
21 0.026549 0.696970 0.053097 0.060606
32 0.137168 0.820707 0.274336 0.045455
34 0.469027 0.085859 0.053097 0.070707
31 0.504425 0.204545 0.123894 0.045455
17 0.480088 0.308081 0.075221 0.070707
16 0.471239 0.444444 0.057522 0.060606
33 0.473451 0.553030 0.061947 0.075758
1 0.488938 0.734848 0.092920 0.106061
6 0.630531 0.098485 0.092920 0.106061
14 0.630531 0.260101 0.092920 0.106061
26 0.615044 0.436869 0.061947 0.075758
15 0.626106 0.565657 0.084071 0.070707
18 0.619469 0.664141 0.070796 0.075758
10 0.630531 0.840909 0.092920 0.106061
23 0.727876 0.068182 0.066372 0.065657
12 0.741150 0.229798 0.092920 0.106061
9 0.741150 0.371212 0.092920 0.106061
13 0.741150 0.558081 0.092920 0.106061
2 0.741150 0.719697 0.092920 0.106061
19 0.730088 0.888889 0.070796 0.060606
8 0.851770 0.108586 0.092920 0.106061
20 0.842920 0.262626 0.075221 0.070707
11 0.851770 0.446970 0.092920 0.106061
0 0.851770 0.583333 0.092920 0.106061
7 0.851770 0.724747 0.092920 0.106061
4 0.851770 0.861111 0.092920 0.106061
29 0.946903 0.095960 0.061947 0.080808
27 0.942478 0.196970 0.053097 0.060606
35 0.949115 0.292929 0.066372 0.060606
24 0.942478 0.414141 0.053097 0.060606
28 0.944690 0.510101 0.057522 0.070707
22 0.944690 0.608586 0.057522 0.055556