34 0.021978 0.062201 0.043956 0.066986
22 0.023810 0.217703 0.047619 0.052632
5 0.038462 0.318182 0.076923 0.100478
35 0.027473 0.459330 0.054945 0.057416
29 0.025641 0.598086 0.051282 0.076555
23 0.027473 0.700957 0.054945 0.062201
10 0.130037 0.098086 0.076923 0.100478
14 0.130037 0.222488 0.076923 0.100478
3 0.130037 0.375598 0.076923 0.100478
9 0.130037 0.538278 0.076923 0.100478
0 0.130037 0.734450 0.076923 0.100478
20 0.122711 0.856459 0.062271 0.066986
4 0.221612 0.093301 0.076923 0.100478
33 0.208791 0.260766 0.051282 0.071770
12 0.221612 0.394737 0.076923 0.100478
1 0.221612 0.576555 0.076923 0.100478
13 0.221612 0.705742 0.076923 0.100478
8 0.221612 0.887560 0.076923 0.100478
15 0.309524 0.105263 0.069597 0.066986
24 0.296703 0.200957 0.043956 0.057416
2 0.313187 0.375598 0.076923 0.100478
32 0.388278 0.523923 0.227106 0.043062
7 0.313187 0.662679 0.076923 0.100478
30 0.305861 0.820574 0.062271 0.081340
17 0.547619 0.090909 0.062271 0.066986
16 0.540293 0.224880 0.047619 0.057416
11 0.554945 0.327751 0.076923 0.100478
26 0.542125 0.442584 0.051282 0.071770
27 0.538462 0.559809 0.043956 0.057416
25 0.692308 0.710526 0.351648 0.052632
21 0.904762 0.086124 0.043956 0.057416
18 0.912088 0.193780 0.058608 0.071770
19 0.912088 0.325359 0.058608 0.057416
6 0.921245 0.485646 0.076923 0.100478
28 0.906593 0.593301 0.047619 0.066986
31 0.934066 0.724880 0.102564 0.043062