5 0.045259 0.128141 0.090517 0.105528
4 0.045259 0.298995 0.090517 0.105528
2 0.045259 0.444724 0.090517 0.105528
22 0.028017 0.625628 0.056034 0.055276
7 0.045259 0.756281 0.090517 0.105528
19 0.034483 0.919598 0.068966 0.060302
27 0.133621 0.075377 0.051724 0.060302
31 0.168103 0.193467 0.120690 0.045226
0 0.153017 0.293970 0.090517 0.105528
30 0.144397 0.439698 0.073276 0.085427
16 0.135776 0.582915 0.056034 0.060302
20 0.144397 0.713568 0.073276 0.070352
24 0.271552 0.065327 0.051724 0.060302
12 0.290948 0.243719 0.090517 0.105528
28 0.273707 0.412060 0.056034 0.070352
9 0.290948 0.535176 0.090517 0.105528
33 0.275862 0.701005 0.060345 0.075377
11 0.290948 0.856784 0.090517 0.105528
26 0.383621 0.097990 0.060345 0.075377
8 0.398707 0.263819 0.090517 0.105528
21 0.379310 0.427136 0.051724 0.060302
23 0.385776 0.550251 0.064655 0.065327
35 0.385776 0.688442 0.064655 0.060302
17 0.390086 0.849246 0.073276 0.070352
32 0.594828 0.047739 0.267241 0.045226
15 0.502155 0.155779 0.081897 0.070352
6 0.506466 0.278894 0.090517 0.105528
10 0.506466 0.434673 0.090517 0.105528
25 0.668103 0.560302 0.413793 0.055276
14 0.506466 0.706030 0.090517 0.105528
29 0.922414 0.095477 0.060345 0.080402
13 0.937500 0.263819 0.090517 0.105528
34 0.918103 0.442211 0.051724 0.070352
3 0.937500 0.575377 0.090517 0.105528
1 0.937500 0.731156 0.090517 0.105528
18 0.926724 0.871859 0.068966 0.075377