8 0.038462 0.074879 0.076923 0.101449
26 0.025641 0.210145 0.051282 0.072464
31 0.051282 0.306763 0.102564 0.043478
15 0.034799 0.429952 0.069597 0.067633
35 0.027473 0.565217 0.054945 0.057971
1 0.038462 0.736715 0.076923 0.101449
13 0.155678 0.108696 0.076923 0.101449
19 0.146520 0.236715 0.058608 0.057971
6 0.155678 0.379227 0.076923 0.101449
11 0.155678 0.577295 0.076923 0.101449
20 0.148352 0.724638 0.062271 0.067633
21 0.139194 0.874396 0.043956 0.057971
33 0.234432 0.084541 0.051282 0.072464
23 0.236264 0.185990 0.054945 0.062802
3 0.247253 0.311594 0.076923 0.101449
29 0.234432 0.478261 0.051282 0.077295
18 0.238095 0.649758 0.058608 0.072464
28 0.232601 0.797101 0.047619 0.067633
34 0.322344 0.067633 0.043956 0.067633
17 0.331502 0.183575 0.062271 0.067633
27 0.322344 0.314010 0.043956 0.057971
9 0.338828 0.461353 0.076923 0.101449
7 0.338828 0.659420 0.076923 0.101449
25 0.476190 0.794686 0.351648 0.053140
14 0.705128 0.118357 0.076923 0.101449
10 0.705128 0.263285 0.076923 0.101449
32 0.780220 0.369565 0.227106 0.043478
0 0.705128 0.466184 0.076923 0.101449
5 0.705128 0.625604 0.076923 0.101449
16 0.690476 0.753623 0.047619 0.057971
12 0.946886 0.108696 0.076923 0.101449
24 0.930403 0.275362 0.043956 0.057971
22 0.932234 0.413043 0.047619 0.053140
30 0.939560 0.557971 0.062271 0.082126
2 0.946886 0.746377 0.076923 0.101449
4 0.946886 0.881643 0.076923 0.101449