22 0.024436 0.077889 0.048872 0.055276
26 0.026316 0.203518 0.052632 0.075377
31 0.052632 0.319095 0.105263 0.045226
17 0.031955 0.462312 0.063910 0.070352
25 0.180451 0.555276 0.360902 0.055276
9 0.039474 0.701005 0.078947 0.105528
14 0.415414 0.082915 0.078947 0.105528
3 0.415414 0.228643 0.078947 0.105528
21 0.398496 0.381910 0.045113 0.060302
29 0.402256 0.537688 0.052632 0.080402
7 0.415414 0.721106 0.078947 0.105528
32 0.492481 0.881910 0.233083 0.045226
11 0.663534 0.092965 0.078947 0.105528
24 0.646617 0.261307 0.045113 0.060302
30 0.656015 0.364322 0.063910 0.085427
15 0.659774 0.482412 0.071429 0.070352
16 0.648496 0.582915 0.048872 0.060302
18 0.654135 0.741206 0.060150 0.075377
2 0.757519 0.082915 0.078947 0.105528
28 0.742481 0.216080 0.048872 0.070352
23 0.746241 0.314070 0.056391 0.065327
19 0.748120 0.412060 0.060150 0.060302
6 0.757519 0.530151 0.078947 0.105528
10 0.757519 0.726131 0.078947 0.105528
27 0.834586 0.065327 0.045113 0.060302
33 0.838346 0.163317 0.052632 0.075377
34 0.834586 0.336683 0.045113 0.070352
13 0.851504 0.515075 0.078947 0.105528
5 0.851504 0.711055 0.078947 0.105528
1 0.851504 0.871859 0.078947 0.105528
0 0.945489 0.103015 0.078947 0.105528
35 0.934211 0.261307 0.056391 0.060302
20 0.937970 0.386935 0.063910 0.070352
12 0.945489 0.550251 0.078947 0.105528
4 0.945489 0.680905 0.078947 0.105528
8 0.945489 0.851759 0.078947 0.105528