35 0.027473 0.071795 0.054945 0.061538
31 0.051282 0.161538 0.102564 0.046154
28 0.023810 0.287179 0.047619 0.071795
3 0.038462 0.458974 0.076923 0.107692
26 0.025641 0.617949 0.051282 0.076923
34 0.021978 0.748718 0.043956 0.071795
23 0.144689 0.064103 0.054945 0.066667
21 0.139194 0.189744 0.043956 0.061538
24 0.139194 0.282051 0.043956 0.061538
0 0.155678 0.438462 0.076923 0.107692
11 0.155678 0.582051 0.076923 0.107692
20 0.148352 0.748718 0.062271 0.071795
22 0.232601 0.089744 0.047619 0.056410
4 0.247253 0.228205 0.076923 0.107692
18 0.238095 0.346154 0.058608 0.076923
29 0.234432 0.471795 0.051282 0.082051
12 0.247253 0.617949 0.076923 0.107692
25 0.384615 0.776923 0.351648 0.056410
8 0.613553 0.105128 0.076923 0.107692
1 0.613553 0.243590 0.076923 0.107692
9 0.613553 0.392308 0.076923 0.107692
27 0.597070 0.507692 0.043956 0.061538
10 0.613553 0.669231 0.076923 0.107692
30 0.606227 0.817949 0.062271 0.087179
16 0.690476 0.061538 0.047619 0.061538
7 0.705128 0.248718 0.076923 0.107692
13 0.705128 0.417949 0.076923 0.107692
5 0.705128 0.597436 0.076923 0.107692
32 0.780220 0.746154 0.227106 0.046154
33 0.692308 0.879487 0.051282 0.076923
6 0.946886 0.084615 0.076923 0.107692
17 0.939560 0.271795 0.062271 0.071795
2 0.946886 0.412821 0.076923 0.107692
14 0.946886 0.602564 0.076923 0.107692
15 0.943223 0.789744 0.069597 0.071795
19 0.937729 0.917949 0.058608 0.061538