21 0.021978 0.099476 0.043956 0.062827
32 0.113553 0.222513 0.227106 0.047120
3 0.038462 0.374346 0.076923 0.109948
4 0.038462 0.526178 0.076923 0.109948
33 0.025641 0.678010 0.051282 0.078534
15 0.034799 0.848168 0.069597 0.073298
20 0.272894 0.099476 0.062271 0.073298
18 0.271062 0.243455 0.058608 0.078534
24 0.263736 0.408377 0.043956 0.062827
17 0.272894 0.539267 0.062271 0.073298
29 0.267399 0.643979 0.051282 0.083770
5 0.280220 0.840314 0.076923 0.109948
7 0.371795 0.081152 0.076923 0.109948
26 0.358974 0.212042 0.051282 0.078534
25 0.509158 0.369110 0.351648 0.057592
1 0.371795 0.547120 0.076923 0.109948
16 0.357143 0.722513 0.047619 0.062827
34 0.355311 0.884817 0.043956 0.073298
2 0.738095 0.112565 0.076923 0.109948
10 0.738095 0.295812 0.076923 0.109948
12 0.738095 0.452880 0.076923 0.109948
11 0.738095 0.589005 0.076923 0.109948
19 0.728938 0.743455 0.058608 0.062827
27 0.721612 0.895288 0.043956 0.062827
31 0.842491 0.054974 0.102564 0.047120
22 0.815018 0.159686 0.047619 0.057592
6 0.829670 0.280105 0.076923 0.109948
23 0.818681 0.447644 0.054945 0.068063
14 0.829670 0.620419 0.076923 0.109948
8 0.829670 0.756545 0.076923 0.109948
28 0.932234 0.109948 0.047619 0.073298
30 0.939560 0.259162 0.062271 0.089005
9 0.946886 0.400524 0.076923 0.109948
13 0.946886 0.599476 0.076923 0.109948
35 0.935897 0.727749 0.054945 0.062827
0 0.946886 0.861257 0.076923 0.109948