14 0.038462 0.114213 0.076923 0.106599
13 0.038462 0.251269 0.076923 0.106599
6 0.038462 0.398477 0.076923 0.106599
26 0.025641 0.525381 0.051282 0.076142
25 0.175824 0.652284 0.351648 0.055838
9 0.038462 0.774112 0.076923 0.106599
7 0.404762 0.098985 0.076923 0.106599
24 0.388278 0.258883 0.043956 0.060914
16 0.390110 0.375635 0.047619 0.060914
29 0.391941 0.482234 0.051282 0.081218
32 0.479853 0.631980 0.227106 0.045685
4 0.404762 0.733503 0.076923 0.106599
34 0.630037 0.060914 0.043956 0.071066
15 0.642857 0.213198 0.069597 0.071066
17 0.639194 0.335025 0.062271 0.071066
27 0.630037 0.431472 0.043956 0.060914
20 0.639194 0.548223 0.062271 0.071066
3 0.646520 0.703046 0.076923 0.106599
31 0.750916 0.078680 0.102564 0.045685
30 0.730769 0.236041 0.062271 0.086294
1 0.738095 0.368020 0.076923 0.106599
8 0.738095 0.540609 0.076923 0.106599
28 0.723443 0.730964 0.047619 0.071066
19 0.728938 0.822335 0.058608 0.060914
33 0.842491 0.104061 0.051282 0.076142
5 0.855311 0.236041 0.076923 0.106599
23 0.844322 0.393401 0.054945 0.065990
11 0.855311 0.550761 0.076923 0.106599
2 0.855311 0.682741 0.076923 0.106599
18 0.846154 0.835025 0.058608 0.076142
0 0.946886 0.109137 0.076923 0.106599
10 0.946886 0.286802 0.076923 0.106599
35 0.935897 0.467005 0.054945 0.060914
12 0.946886 0.637056 0.076923 0.106599
21 0.930403 0.776650 0.043956 0.060914
22 0.932234 0.931472 0.047619 0.055838