1 0.038462 0.117512 0.076923 0.096774
13 0.038462 0.274194 0.076923 0.096774
24 0.021978 0.400922 0.043956 0.055300
23 0.027473 0.495392 0.054945 0.059908
21 0.021978 0.635945 0.043956 0.055300
8 0.038462 0.790323 0.076923 0.096774
2 0.130037 0.089862 0.076923 0.096774
18 0.120879 0.241935 0.058608 0.069124
12 0.130037 0.412442 0.076923 0.096774
11 0.130037 0.587558 0.076923 0.096774
27 0.113553 0.751152 0.043956 0.055300
3 0.130037 0.868664 0.076923 0.096774
32 0.296703 0.048387 0.227106 0.041475
20 0.214286 0.152074 0.062271 0.064516
15 0.217949 0.248848 0.069597 0.064516
9 0.221612 0.380184 0.076923 0.096774
26 0.208791 0.550691 0.051282 0.069124
30 0.214286 0.647465 0.062271 0.078341
35 0.452381 0.050691 0.054945 0.055300
29 0.450549 0.161290 0.051282 0.073733
0 0.463370 0.338710 0.076923 0.096774
33 0.450549 0.490783 0.051282 0.069124
22 0.448718 0.578341 0.047619 0.050691
4 0.463370 0.744240 0.076923 0.096774
28 0.540293 0.082949 0.047619 0.064516
16 0.540293 0.207373 0.047619 0.055300
14 0.554945 0.366359 0.076923 0.096774
7 0.554945 0.523041 0.076923 0.096774
25 0.692308 0.661290 0.351648 0.050691
19 0.545788 0.801843 0.058608 0.055300
34 0.904762 0.096774 0.043956 0.064516
5 0.921245 0.214286 0.076923 0.096774
17 0.913919 0.359447 0.062271 0.064516
10 0.921245 0.532258 0.076923 0.096774
6 0.921245 0.665899 0.076923 0.096774
31 0.934066 0.822581 0.102564 0.041475