31 0.051282 0.052764 0.102564 0.045226
0 0.038462 0.213568 0.076923 0.105528
7 0.038462 0.414573 0.076923 0.105528
22 0.023810 0.570352 0.047619 0.055276
23 0.027473 0.716080 0.054945 0.065327
3 0.038462 0.876884 0.076923 0.105528
4 0.155678 0.123116 0.076923 0.105528
5 0.155678 0.324121 0.076923 0.105528
33 0.142857 0.459799 0.051282 0.075377
27 0.139194 0.567839 0.043956 0.060302
11 0.155678 0.695980 0.076923 0.105528
25 0.293040 0.806533 0.351648 0.055276
20 0.514652 0.060302 0.062271 0.070352
26 0.509158 0.168342 0.051282 0.075377
34 0.505495 0.321608 0.043956 0.070352
12 0.521978 0.500000 0.076923 0.105528
32 0.597070 0.640704 0.227106 0.045226
28 0.507326 0.743719 0.047619 0.070352
15 0.760073 0.060302 0.069597 0.070352
30 0.756410 0.198492 0.062271 0.085427
29 0.750916 0.376884 0.051282 0.080402
16 0.749084 0.517588 0.047619 0.060302
13 0.763736 0.665829 0.076923 0.105528
17 0.756410 0.844221 0.062271 0.070352
21 0.838828 0.065327 0.043956 0.060302
1 0.855311 0.228643 0.076923 0.105528
8 0.855311 0.384422 0.076923 0.105528
10 0.855311 0.575377 0.076923 0.105528
9 0.855311 0.711055 0.076923 0.105528
6 0.855311 0.866834 0.076923 0.105528
19 0.937729 0.080402 0.058608 0.060302
24 0.930403 0.165829 0.043956 0.060302
14 0.946886 0.319095 0.076923 0.105528
2 0.946886 0.489950 0.076923 0.105528
18 0.937729 0.665829 0.058608 0.075377
35 0.935897 0.824121 0.054945 0.060302