30 0.031136 0.101485 0.062271 0.084158
22 0.023810 0.195545 0.047619 0.054455
28 0.023810 0.301980 0.047619 0.069307
17 0.031136 0.410891 0.062271 0.069307
10 0.038462 0.556931 0.076923 0.103960
3 0.038462 0.745050 0.076923 0.103960
20 0.122711 0.084158 0.062271 0.069307
11 0.130037 0.225248 0.076923 0.103960
18 0.120879 0.408416 0.058608 0.074257
0 0.130037 0.566832 0.076923 0.103960
7 0.130037 0.705446 0.076923 0.103960
1 0.130037 0.878713 0.076923 0.103960
13 0.221612 0.091584 0.076923 0.103960
12 0.221612 0.245050 0.076923 0.103960
25 0.358974 0.403465 0.351648 0.054455
2 0.221612 0.532178 0.076923 0.103960
23 0.210623 0.650990 0.054945 0.064356
5 0.221612 0.794554 0.076923 0.103960
6 0.587912 0.116337 0.076923 0.103960
32 0.663004 0.274752 0.227106 0.044554
27 0.571429 0.415842 0.043956 0.059406
24 0.571429 0.509901 0.043956 0.059406
15 0.584249 0.608911 0.069597 0.069307
4 0.587912 0.720297 0.076923 0.103960
29 0.816850 0.069307 0.051282 0.079208
21 0.813187 0.163366 0.043956 0.059406
9 0.829670 0.339109 0.076923 0.103960
14 0.829670 0.497525 0.076923 0.103960
34 0.813187 0.613861 0.043956 0.069307
19 0.820513 0.757426 0.058608 0.059406
33 0.908425 0.106436 0.051282 0.074257
16 0.906593 0.242574 0.047619 0.059406
26 0.908425 0.368812 0.051282 0.074257
35 0.910256 0.465347 0.054945 0.059406
8 0.921245 0.611386 0.076923 0.103960
31 0.934066 0.720297 0.102564 0.044554