33 0.025641 0.077114 0.051282 0.074627
12 0.038462 0.191542 0.076923 0.104478
17 0.031136 0.313433 0.062271 0.069652
10 0.038462 0.490050 0.076923 0.104478
32 0.113553 0.654229 0.227106 0.044776
2 0.038462 0.823383 0.076923 0.104478
35 0.269231 0.084577 0.054945 0.059701
9 0.280220 0.206468 0.076923 0.104478
18 0.271062 0.330846 0.058608 0.074627
27 0.263736 0.492537 0.043956 0.059701
0 0.280220 0.609453 0.076923 0.104478
6 0.280220 0.763682 0.076923 0.104478
13 0.371795 0.101990 0.076923 0.104478
28 0.357143 0.228856 0.047619 0.069652
24 0.355311 0.368159 0.043956 0.059701
3 0.371795 0.495025 0.076923 0.104478
11 0.371795 0.659204 0.076923 0.104478
21 0.355311 0.820896 0.043956 0.059701
29 0.450549 0.094527 0.051282 0.079602
15 0.459707 0.208955 0.069597 0.069652
34 0.446886 0.348259 0.043956 0.069652
23 0.452381 0.440299 0.054945 0.064677
26 0.450549 0.554726 0.051282 0.074627
25 0.600733 0.689055 0.351648 0.054726
8 0.829670 0.116915 0.076923 0.104478
20 0.822344 0.253731 0.062271 0.069652
16 0.815018 0.417910 0.047619 0.059701
5 0.829670 0.584577 0.076923 0.104478
1 0.829670 0.778607 0.076923 0.104478
19 0.820513 0.920398 0.058608 0.059701
31 0.934066 0.097015 0.102564 0.044776
14 0.921245 0.216418 0.076923 0.104478
30 0.913919 0.405473 0.062271 0.084577
7 0.921245 0.589552 0.076923 0.104478
4 0.921245 0.728856 0.076923 0.104478
22 0.906593 0.893035 0.047619 0.054726