4 0.039474 0.095794 0.078947 0.098131
5 0.039474 0.240654 0.078947 0.098131
31 0.052632 0.390187 0.105263 0.042056
18 0.030075 0.521028 0.060150 0.070093
14 0.039474 0.698598 0.078947 0.098131
32 0.116541 0.834112 0.233083 0.042056
23 0.276316 0.095794 0.056391 0.060748
15 0.283835 0.200935 0.071429 0.065421
25 0.428571 0.287383 0.360902 0.051402
20 0.280075 0.406542 0.063910 0.065421
3 0.287594 0.535047 0.078947 0.098131
28 0.272556 0.658879 0.048872 0.065421
12 0.663534 0.105140 0.078947 0.098131
17 0.656015 0.280374 0.063910 0.065421
10 0.663534 0.436916 0.078947 0.098131
29 0.650376 0.574766 0.052632 0.074766
24 0.646617 0.714953 0.045113 0.056075
19 0.654135 0.794393 0.060150 0.056075
1 0.757519 0.100467 0.078947 0.098131
9 0.757519 0.273364 0.078947 0.098131
16 0.742481 0.429907 0.048872 0.056075
2 0.757519 0.530374 0.078947 0.098131
8 0.757519 0.679907 0.078947 0.098131
34 0.740602 0.799065 0.045113 0.065421
22 0.836466 0.095794 0.048872 0.051402
11 0.851504 0.259346 0.078947 0.098131
0 0.851504 0.427570 0.078947 0.098131
30 0.843985 0.567757 0.063910 0.079439
6 0.851504 0.735981 0.078947 0.098131
7 0.851504 0.922897 0.078947 0.098131
35 0.934211 0.070093 0.056391 0.056075
13 0.945489 0.226636 0.078947 0.098131
26 0.932331 0.352804 0.052632 0.070093
33 0.932331 0.502336 0.052632 0.070093
21 0.928571 0.654206 0.045113 0.056075
27 0.928571 0.757009 0.045113 0.056075