9 0.039474 0.086207 0.078947 0.103448
31 0.052632 0.233990 0.105263 0.044335
25 0.180451 0.312808 0.360902 0.054187
5 0.039474 0.490148 0.078947 0.103448
28 0.024436 0.620690 0.048872 0.068966
3 0.039474 0.770936 0.078947 0.103448
27 0.398496 0.073892 0.045113 0.059113
19 0.406015 0.197044 0.060150 0.059113
11 0.415414 0.362069 0.078947 0.103448
10 0.415414 0.554187 0.078947 0.103448
24 0.398496 0.714286 0.045113 0.059113
14 0.415414 0.854680 0.078947 0.103448
4 0.509398 0.125616 0.078947 0.103448
18 0.500000 0.268473 0.060150 0.073892
16 0.494361 0.394089 0.048872 0.059113
30 0.501880 0.524631 0.063910 0.083744
29 0.496241 0.699507 0.052632 0.078818
32 0.586466 0.820197 0.233083 0.044335
2 0.757519 0.091133 0.078947 0.103448
20 0.750000 0.246305 0.063910 0.068966
6 0.757519 0.371921 0.078947 0.103448
0 0.757519 0.524631 0.078947 0.103448
34 0.740602 0.709360 0.045113 0.068966
23 0.746241 0.874384 0.056391 0.064039
15 0.847744 0.083744 0.071429 0.068966
12 0.851504 0.268473 0.078947 0.103448
17 0.843985 0.403941 0.063910 0.068966
8 0.851504 0.578818 0.078947 0.103448
33 0.838346 0.721675 0.052632 0.073892
35 0.840226 0.812808 0.056391 0.059113
26 0.932331 0.076355 0.052632 0.073892
1 0.945489 0.248768 0.078947 0.103448
21 0.928571 0.354680 0.045113 0.059113
7 0.945489 0.529557 0.078947 0.103448
22 0.930451 0.637931 0.048872 0.054187
13 0.945489 0.741379 0.078947 0.103448