13 0.039474 0.114796 0.078947 0.107143
8 0.039474 0.283163 0.078947 0.107143
6 0.039474 0.466837 0.078947 0.107143
33 0.026316 0.609694 0.052632 0.076531
5 0.039474 0.752551 0.078947 0.107143
4 0.039474 0.895408 0.078947 0.107143
23 0.122180 0.104592 0.056391 0.066327
26 0.120301 0.216837 0.052632 0.076531
22 0.118421 0.329082 0.048872 0.056122
9 0.133459 0.441327 0.078947 0.107143
10 0.133459 0.650510 0.078947 0.107143
0 0.133459 0.823980 0.078947 0.107143
27 0.210526 0.102041 0.045113 0.061224
12 0.227444 0.288265 0.078947 0.107143
19 0.218045 0.438776 0.060150 0.061224
16 0.212406 0.525510 0.048872 0.061224
29 0.214286 0.668367 0.052632 0.081633
17 0.219925 0.816327 0.063910 0.071429
18 0.312030 0.068878 0.060150 0.076531
25 0.462406 0.211735 0.360902 0.056122
3 0.321429 0.375000 0.078947 0.107143
20 0.313910 0.525510 0.063910 0.071429
24 0.304511 0.653061 0.045113 0.061224
31 0.334586 0.767857 0.105263 0.045918
30 0.689850 0.104592 0.063910 0.086735
2 0.697368 0.267857 0.078947 0.107143
28 0.682331 0.392857 0.048872 0.071429
32 0.774436 0.533163 0.233083 0.045918
11 0.697368 0.691327 0.078947 0.107143
7 0.697368 0.885204 0.078947 0.107143
35 0.934211 0.096939 0.056391 0.061224
34 0.928571 0.234694 0.045113 0.071429
21 0.928571 0.326531 0.045113 0.061224
15 0.941729 0.469388 0.071429 0.071429
1 0.945489 0.614796 0.078947 0.107143
14 0.945489 0.747449 0.078947 0.107143