29 0.025641 0.101010 0.051282 0.080808
26 0.025641 0.234848 0.051282 0.075758
22 0.023810 0.330808 0.047619 0.055556
6 0.038462 0.441919 0.076923 0.106061
9 0.038462 0.633838 0.076923 0.106061
4 0.038462 0.835859 0.076923 0.106061
2 0.130037 0.123737 0.076923 0.106061
32 0.205128 0.285354 0.227106 0.045455
16 0.115385 0.439394 0.047619 0.060606
1 0.130037 0.618687 0.076923 0.106061
20 0.122711 0.787879 0.062271 0.070707
34 0.113553 0.924242 0.043956 0.070707
14 0.371795 0.088384 0.076923 0.106061
31 0.384615 0.265152 0.102564 0.045455
10 0.371795 0.416667 0.076923 0.106061
23 0.360806 0.547980 0.054945 0.065657
28 0.357143 0.641414 0.047619 0.070707
8 0.371795 0.820707 0.076923 0.106061
5 0.489011 0.088384 0.076923 0.106061
12 0.489011 0.239899 0.076923 0.106061
25 0.626374 0.416667 0.351648 0.055556
11 0.489011 0.593434 0.076923 0.106061
19 0.479853 0.712121 0.058608 0.060606
18 0.479853 0.825758 0.058608 0.075758
15 0.851648 0.106061 0.069597 0.070707
30 0.847985 0.219697 0.062271 0.085859
17 0.847985 0.333333 0.062271 0.070707
3 0.855311 0.502525 0.076923 0.106061
7 0.855311 0.704545 0.076923 0.106061
27 0.838828 0.823232 0.043956 0.060606
0 0.946886 0.108586 0.076923 0.106061
13 0.946886 0.315657 0.076923 0.106061
33 0.934066 0.477273 0.051282 0.075758
35 0.935897 0.585859 0.054945 0.060606
21 0.930403 0.696970 0.043956 0.060606
24 0.930403 0.787879 0.043956 0.060606