32 0.113553 0.097990 0.227106 0.045226
20 0.031136 0.251256 0.062271 0.070352
34 0.021978 0.366834 0.043956 0.070352
6 0.038462 0.550251 0.076923 0.105528
33 0.025641 0.706030 0.051282 0.075377
26 0.025641 0.881910 0.051282 0.075377
27 0.263736 0.065327 0.043956 0.060302
23 0.269231 0.228643 0.054945 0.065327
17 0.272894 0.381910 0.062271 0.070352
22 0.265568 0.535176 0.047619 0.055276
25 0.417582 0.635678 0.351648 0.055276
0 0.280220 0.796482 0.076923 0.105528
10 0.646520 0.118090 0.076923 0.105528
18 0.637363 0.253769 0.058608 0.075377
5 0.646520 0.384422 0.076923 0.105528
8 0.646520 0.575377 0.076923 0.105528
31 0.659341 0.706030 0.102564 0.045226
2 0.646520 0.876884 0.076923 0.105528
12 0.763736 0.082915 0.076923 0.105528
35 0.752747 0.251256 0.054945 0.060302
24 0.747253 0.381910 0.043956 0.060302
14 0.763736 0.535176 0.076923 0.105528
1 0.763736 0.680905 0.076923 0.105528
16 0.749084 0.854271 0.047619 0.060302
7 0.855311 0.103015 0.076923 0.105528
11 0.855311 0.248744 0.076923 0.105528
15 0.851648 0.417085 0.069597 0.070352
21 0.838828 0.522613 0.043956 0.060302
3 0.855311 0.706030 0.076923 0.105528
28 0.840659 0.859296 0.047619 0.070352
19 0.937729 0.065327 0.058608 0.060302
9 0.946886 0.243719 0.076923 0.105528
13 0.946886 0.429648 0.076923 0.105528
29 0.934066 0.552764 0.051282 0.080402
4 0.946886 0.721106 0.076923 0.105528
30 0.939560 0.851759 0.062271 0.085427