8 0.039474 0.125616 0.078947 0.103448
33 0.026316 0.263547 0.052632 0.073892
10 0.039474 0.416256 0.078947 0.103448
0 0.039474 0.544335 0.078947 0.103448
2 0.039474 0.741379 0.078947 0.103448
16 0.024436 0.896552 0.048872 0.059113
31 0.146617 0.086207 0.105263 0.044335
4 0.133459 0.229064 0.078947 0.103448
3 0.133459 0.396552 0.078947 0.103448
32 0.210526 0.504926 0.233083 0.044335
1 0.133459 0.672414 0.078947 0.103448
24 0.116541 0.798030 0.045113 0.059113
13 0.381579 0.105911 0.078947 0.103448
34 0.364662 0.285714 0.045113 0.068966
18 0.372180 0.421182 0.060150 0.073892
21 0.364662 0.561576 0.045113 0.059113
17 0.374060 0.694581 0.063910 0.068966
15 0.377820 0.807882 0.071429 0.068966
5 0.475564 0.096059 0.078947 0.103448
9 0.475564 0.253695 0.078947 0.103448
6 0.475564 0.381773 0.078947 0.103448
14 0.475564 0.559113 0.078947 0.103448
19 0.466165 0.729064 0.060150 0.059113
35 0.464286 0.886700 0.056391 0.059113
28 0.554511 0.093596 0.048872 0.068966
30 0.562030 0.243842 0.063910 0.083744
20 0.562030 0.344828 0.063910 0.068966
11 0.569549 0.514778 0.078947 0.103448
23 0.558271 0.667488 0.056391 0.064039
27 0.552632 0.768473 0.045113 0.059113
29 0.650376 0.093596 0.052632 0.078818
22 0.648496 0.184729 0.048872 0.054187
12 0.663534 0.293103 0.078947 0.103448
7 0.663534 0.475369 0.078947 0.103448
26 0.650376 0.603448 0.052632 0.073892
25 0.804511 0.731527 0.360902 0.054187