15 0.035055 0.089109 0.070111 0.069307
20 0.031365 0.227723 0.062731 0.069307
22 0.023985 0.353960 0.047970 0.054455
34 0.022140 0.460396 0.044280 0.069307
27 0.022140 0.623762 0.044280 0.059406
26 0.025830 0.764851 0.051661 0.074257
28 0.108856 0.064356 0.047970 0.069307
33 0.110701 0.160891 0.051661 0.074257
24 0.107011 0.282178 0.044280 0.059406
10 0.123616 0.398515 0.077491 0.103960
31 0.136531 0.556931 0.103321 0.044554
4 0.123616 0.670792 0.077491 0.103960
13 0.241697 0.091584 0.077491 0.103960
7 0.241697 0.289604 0.077491 0.103960
8 0.241697 0.433168 0.077491 0.103960
25 0.380074 0.601485 0.354244 0.054455
30 0.234317 0.759901 0.062731 0.084158
5 0.241697 0.918317 0.077491 0.103960
3 0.610701 0.091584 0.077491 0.103960
12 0.610701 0.225248 0.077491 0.103960
32 0.686347 0.334158 0.228782 0.044554
19 0.601476 0.465347 0.059041 0.059406
23 0.599631 0.621287 0.055351 0.064356
17 0.603321 0.742574 0.062731 0.069307
0 0.854244 0.091584 0.077491 0.103960
2 0.854244 0.235149 0.077491 0.103960
35 0.843173 0.376238 0.055351 0.059406
11 0.854244 0.502475 0.077491 0.103960
29 0.841328 0.678218 0.051661 0.079208
6 0.854244 0.863861 0.077491 0.103960
1 0.946494 0.096535 0.077491 0.103960
9 0.946494 0.254950 0.077491 0.103960
14 0.946494 0.438119 0.077491 0.103960
18 0.937269 0.616337 0.059041 0.074257
16 0.931734 0.737624 0.047970 0.059406
21 0.929889 0.896040 0.044280 0.059406